Linux 7.2.0-rc5-virtme (virtme-ng) 	07/31/26 	_x86_64_	(12 CPU)

20:13:55     pgpgin/s pgpgout/s   fault/s  majflt/s  pgfree/s pgscank/s pgscand/s pgsteal/s  pgprom/s   pgdem/s
20:14:00         0.00      0.00 294009.98      8.18    139.52      0.00      0.00      0.00      0.00      0.00
20:14:05         0.00      0.00 125138.80      0.40      0.00      0.00      0.00      0.00      0.00      0.00
20:14:10         0.00      0.00      0.00      0.00      0.00      0.00      0.00      0.00      0.00      0.00
20:14:15         0.00      0.00      0.00      0.00      0.00      0.00      0.00      0.00      0.00      0.00
20:14:20         0.00      0.00      0.00      0.00      0.00      0.00      0.00      0.00      0.00      0.00
20:14:25         0.00      0.00      0.00      0.00      0.00      0.00      0.00      0.00      0.00      0.00
20:14:30         0.00      0.00      0.00      0.00      0.00      0.00      0.00      0.00      0.00      0.00
20:14:35         0.00      0.00 221869.00      0.00      0.00      0.00      0.00      0.00      0.00      0.00
20:14:40         0.00      0.00  29791.40      0.00      0.00      0.00      0.00      0.00      0.00      0.00
20:14:45         0.00      0.00      0.00      0.00      0.00      0.00      0.00      0.00      0.00      0.00
20:14:50         0.00      0.00      0.00      0.00      0.00      0.00      0.00      0.00      0.00      0.00
20:14:55         0.00      0.00      0.00      0.00      0.00      0.00      0.00      0.00      0.00      0.00
20:15:00         0.00      0.00      0.00      0.00      0.00      0.00      0.00      0.00      0.00      0.00
20:15:05         0.00      0.00      0.00      0.00      0.00      0.00      0.00      0.00      0.00      0.00
20:15:10         0.00      0.00      0.00      0.00      0.20      0.00      0.00      0.00      0.00      0.00
20:15:15         0.00      0.00      0.00      0.00      0.00      0.00      0.00      0.00      0.00      0.00
20:15:20         0.00      0.00      0.00      0.00      0.00      0.00      0.00      0.00      0.00      0.00
20:15:25         0.00      0.00      0.00      0.00      0.00      0.00      0.00      0.00      0.00      0.00
20:15:30         0.00      0.00      0.00      0.00      0.00      0.00      0.00      0.00      0.00      0.00
20:15:35         0.00      0.00      0.00      0.00      0.00      0.00      0.00      0.00      0.00      0.00
20:15:40         0.00      0.00      0.00      0.00      0.00      0.00      0.00      0.00      0.00      0.00
20:15:45         0.00      0.00  81328.60      0.00      0.00      0.00      0.00      0.00      0.00      0.00
20:15:50       704.00  92909.60  87554.60    183.20  25276.60  66624.80  54089.00  50379.60      0.00      0.00
20:15:55        74.40      0.00     24.00     19.20      2.20      0.00      0.00      0.00      0.00      0.00
20:16:00         1.60      0.00      0.40      0.40      0.40      0.00      0.00      0.00      0.00      0.00
20:16:05         3.20      0.00      0.80      0.80      0.80      0.00      0.00      0.00      0.00      0.00
20:16:10         0.80      0.00      0.20      0.20      0.20      0.00      0.00      0.00      0.00      0.00
20:16:15         2.40      0.00      0.60      0.60      0.60      0.00      0.00      0.00      0.00      0.00
20:16:20         2.40      0.00      0.60      0.60      0.60      0.00      0.00      0.00      0.00      0.00
20:16:25         4.00      0.00      1.00      1.00      1.00      0.00      0.00      0.00      0.00      0.00
20:16:30         2.40      0.00      0.60      0.60      0.60      0.00      0.00      0.00      0.00      0.00
20:16:35         4.00      0.00      1.00      1.00      1.00      0.00      0.00      0.00      0.00      0.00
20:16:40         4.80      0.00      1.20      1.20      1.20      0.00      0.00      0.00      0.00      0.00
20:16:45         1.60      0.00      0.40      0.40      0.40      0.00      0.00      0.00      0.00      0.00
20:16:50         4.80      0.00      1.20      1.20      1.20      0.00      0.00      0.00      0.00      0.00
20:16:55         4.80      0.00      1.20      1.20      1.20      0.00      0.00      0.00      0.00      0.00
20:17:00         4.80      0.00      1.20      1.20      1.20      0.00      0.00      0.00      0.00      0.00
20:17:05         4.80      0.00      1.20      1.20      1.20      0.00      0.00      0.00      0.00      0.00
20:17:10         4.00      0.00      1.00      1.00      1.00      0.00      0.00      0.00      0.00      0.00
20:17:15         4.80      0.00      1.20      1.20      1.20      0.00      0.00      0.00      0.00      0.00
20:17:20         4.00      0.00      1.00      1.00      1.00      0.00      0.00      0.00      0.00      0.00
20:17:25         2.40      0.00      0.60      0.60      0.60      0.00      0.00      0.00      0.00      0.00
20:17:30         0.00      0.00      0.00      0.00      0.00      0.00      0.00      0.00      0.00      0.00
20:17:35         0.80      0.00      0.20      0.20      0.20      0.00      0.00      0.00      0.00      0.00
20:17:40         4.00      0.00      1.00      1.00      1.00      0.00      0.00      0.00      0.00      0.00
20:17:45         2.40      0.00      0.60      0.60      0.60      0.00      0.00      0.00      0.00      0.00
20:17:50         4.00      0.00      1.00      1.00      1.00      0.00      0.00      0.00      0.00      0.00
20:17:55         4.00      0.00      1.00      1.00      1.00      0.00      0.00      0.00      0.00      0.00
20:18:00         4.80      0.00      1.20      1.20      1.20      0.00      0.00      0.00      0.00      0.00
20:18:05         4.00      0.00      1.00      1.00      1.00      0.00      0.00      0.00      0.00      0.00
20:18:10         4.80      0.00      1.20      1.20      1.20      0.00      0.00      0.00      0.00      0.00
20:18:15         4.80  10636.80      1.20      1.20     81.60      0.00      0.00      0.00      0.00      0.00
20:18:20         0.80   9833.60      0.20      0.20     75.80      0.00      0.00      0.00      0.00      0.00
20:18:25         2.40   6808.80      0.60      0.60     53.00      0.00      0.00      0.00      0.00      0.00
20:18:30         2.40   7940.00      0.60      0.60     61.60      0.00      0.00      0.00      0.00      0.00
20:18:35         2.40   7580.80      0.60      0.60     58.40      0.00      0.00      0.00      0.00      0.00
20:18:40         0.00   5896.00      0.00      0.00     45.20      0.00      0.00      0.00      0.00      0.00
20:18:45         4.80   7205.60      1.20      1.20     55.60      0.00      0.00      0.00      0.00      0.00
20:18:50         4.80   5689.60      1.20      1.20     44.40      0.00      0.00      0.00      0.00      0.00
20:18:55         3.20   7048.00      0.80      0.80     54.40      0.00      0.00      0.00      0.00      0.00
20:19:00         2.40   6984.00      0.60      0.60     53.80      0.00      0.00      0.00      0.00      0.00
20:19:05         4.80   5544.80      1.20      1.20     43.40      0.00      0.00      0.00      0.00      0.00
20:19:10         2.40   6883.20      0.60      0.60     53.20      0.00      0.00      0.00      0.00      0.00
20:19:15         4.00   5470.40      1.00      1.00     42.60      0.00      0.00      0.00      0.00      0.00
20:19:20         4.80   6797.60      1.20      1.20     52.20      0.00      0.00      0.00      0.00      0.00
20:19:25         1.60   5408.00      0.40      0.40     41.60      0.00      0.00      0.00      0.00      0.00
20:19:30         4.80   6724.00      1.20      1.20     52.20      0.00      0.00      0.00      0.00      0.00
20:19:35         4.80   6685.60      1.20      1.20     51.80      0.00      0.00      0.00      0.00      0.00
20:19:40         3.20   5324.80      0.80      0.80     41.00      0.00      0.00      0.00      0.00      0.00
20:19:45         2.40   6598.40      0.60      0.60     50.60      0.00      0.00      0.00      0.00      0.00
20:19:50         1.60   4972.80      0.40      0.40     37.40      0.00      0.00      0.00      0.00      0.00
20:19:55         0.80   6600.80      0.20      0.20     50.40      0.00      0.00      0.00      0.00      0.00
20:20:00     90622.40  76786.40  29661.40  22655.80  21643.60  21272.60   1147.80  42742.80      0.00      0.00
20:20:05         1.60   5302.40      0.40      0.40     40.80      0.00      0.00      0.00      0.00      0.00
20:20:10         4.80   6610.40      1.20      1.20     51.20      0.00      0.00      0.00      0.00      0.00
20:20:15         4.00   5271.20      1.00      1.00     41.20      0.00      0.00      0.00      0.00      0.00
20:20:20         4.80   6579.20      1.20      1.20     51.20      0.00      0.00      0.00      0.00      0.00
20:20:25         4.80   5252.00      1.20      1.20     40.80      0.00      0.00      0.00      0.00      0.00
20:20:30         4.80   6555.20      1.20      1.20     50.40      0.00      0.00      0.00      0.00      0.00
20:20:36    131051.71 124596.20  65986.31  32764.26  30756.46 100741.25  96369.96  60534.98      0.00      0.00
20:20:41      8984.80  14126.40   3141.80   2246.20   3533.40  54826.60  49391.20   7183.20      0.00      0.00
20:20:46         4.00      0.00      1.00      1.00      1.00      0.00      0.00      0.00      0.00      0.00
20:20:51         4.80      0.00      1.20      1.20      1.20      0.00      0.00      0.00      0.00      0.00
20:20:56         3.20      0.00      0.80      0.80      0.80      0.00      0.00      0.00      0.00      0.00
20:21:01         2.40      0.00      0.60      0.60      0.60      0.00      0.00      0.00      0.00      0.00
20:21:06         3.20      0.00      0.80      0.80      0.80      0.00      0.00      0.00      0.00      0.00
20:21:11         4.80      0.00      1.20      1.20      1.20      0.00      0.00      0.00      0.00      0.00
20:21:16         0.80      0.00      0.20      0.20      0.20      0.00      0.00      0.00      0.00      0.00
20:21:21         3.20      0.00      0.80      0.80      0.80      0.00      0.00      0.00      0.00      0.00
20:21:26         4.00      0.00      1.00      1.00      1.00      0.00      0.00      0.00      0.00      0.00
20:21:31         4.00      0.00      1.00      1.00      1.00      0.00      0.00      0.00      0.00      0.00
20:21:36         4.00      0.00      1.00      1.00      1.00      0.00      0.00      0.00      0.00      0.00
20:21:41         4.00      0.00      1.00      1.00      1.00      0.00      0.00      0.00      0.00      0.00
20:21:46         2.40      0.00      0.60      0.60      0.60      0.00      0.00      0.00      0.00      0.00
20:21:51    236654.40 236368.80  59580.00  59169.60  59247.00  95078.40  34667.40 118320.80      0.00      0.00
20:21:56         4.00      0.00      1.60      1.00      1.00      0.00      0.00      0.00      0.00      0.00
20:22:01         4.00      0.00      1.00      1.00      1.00      0.00      0.00      0.00      0.00      0.00
20:22:06         4.00      0.00      1.00      1.00      1.00      0.00      0.00      0.00      0.00      0.00
20:22:11         3.20      0.00      0.80      0.80      0.80      0.00      0.00      0.00      0.00      0.00
20:22:16         2.40      0.00      0.60      0.60      0.60      0.00      0.00      0.00      0.00      0.00
20:22:21         0.80      0.00      0.20      0.20      0.20      0.00      0.00      0.00      0.00      0.00
20:22:26         2.40      0.00      0.60      0.60      0.60      0.00      0.00      0.00      0.00      0.00
20:22:31         3.20      0.00      0.80      0.80      0.80      0.00      0.00      0.00      0.00      0.00
20:22:36         1.60      0.00      0.40      0.40      0.40      0.00      0.00      0.00      0.00      0.00
20:22:41         4.00      0.00      1.00      1.00      1.00      0.00      0.00      0.00      0.00      0.00
20:22:46         2.40      0.00      0.60      0.60      0.60      0.00      0.00      0.00      0.00      0.00
20:22:51         4.80      0.00      1.20      1.20      1.20      0.00      0.00      0.00      0.00      0.00
20:22:56         4.00      0.00      1.00      1.00      1.00      0.00      0.00      0.00      0.00      0.00
20:23:01         3.20   2868.80      0.80      0.80     18.60      0.00      0.00      0.00      0.00      0.00
20:23:06         3.20   1477.60      0.80      0.80     10.00      0.00      0.00      0.00      0.00      0.00
20:23:11         4.00   2892.00      1.00      1.00     21.60      0.00      0.00      0.00      0.00      0.00
20:23:16         4.00   6160.00      1.00      1.00     46.80      0.00      0.00      0.00      0.00      0.00
20:23:21         1.60   6576.00      0.40      0.40     49.80      0.00      0.00      0.00      0.00      0.00
20:23:26         4.00   4087.20      1.00      1.00     31.00      0.00      0.00      0.00      0.00      0.00
20:23:31         4.00   6539.20      1.00      1.00     49.60      0.00      0.00      0.00      0.00      0.00
20:23:36         3.20   5300.00      0.80      0.80     40.60      0.00      0.00      0.00      0.00      0.00
20:23:41         4.80   6616.00      1.20      1.20     50.00      0.00      0.00      0.00      0.00      0.00
20:23:46         1.60    434.40      0.40      0.40      2.60      0.00      0.00      0.00      0.00      0.00
20:23:51         4.00    550.40      1.00      1.00      3.60      0.00      0.00      0.00      0.00      0.00
20:23:56         2.40    436.00      0.60      0.60      2.00      0.00      0.00      0.00      0.00      0.00
20:24:01         2.40    367.20      0.60      0.60      2.00      0.00      0.00      0.00      0.00      0.00
20:24:06         3.20    432.00      0.80      0.80      2.40      0.00      0.00      0.00      0.00      0.00
20:24:11         3.20    378.40      0.80      0.80      1.20      0.00      0.00      0.00      0.00      0.00
20:24:16         0.00     80.80      0.00      0.00      0.20      0.00      0.00      0.00      0.00      0.00
20:24:21         2.40   2150.40      0.60      0.60     16.60      0.00      0.00      0.00      0.00      0.00
20:24:26         4.00   6447.20      1.00      1.00     48.80      0.00      0.00      0.00      0.00      0.00
20:24:31         3.20   8026.40      0.80      0.80     60.80      0.00      0.00      0.00      0.00      0.00
20:24:36         1.60   7331.20      0.40      0.40     55.00      0.00      0.00      0.00      0.00      0.00
20:24:41         2.40   5992.80      0.60      0.60     45.20      0.00      0.00      0.00      0.00      0.00
20:24:46         3.20   7952.00      0.80      0.80     59.20      0.00      0.00      0.00      0.00      0.00
20:24:51         3.20   6312.00      0.80      0.80     46.80      0.00      0.00      0.00      0.00      0.00
20:24:56         2.40   7720.80      0.60      0.60     58.40      0.00      0.00      0.00      0.00      0.00
20:25:01         3.20   6038.40      0.80      0.80     45.40      0.00      0.00      0.00      0.00      0.00
20:25:06         0.80   7426.40      0.20      0.20     56.00      0.00      0.00      0.00      0.00      0.00
20:25:11         1.60   7568.00      0.40      0.40     57.40      0.00      0.00      0.00      0.00      0.00
20:25:16         2.40   6144.80      0.60      0.60     47.00      0.00      0.00      0.00      0.00      0.00
20:25:21         4.00   7581.60      1.00      1.00     57.80      0.00      0.00      0.00      0.00      0.00
20:25:26         4.00   6026.40      1.00      1.00     45.80      0.00      0.00      0.00      0.00      0.00
20:25:31         2.40   7505.60      0.60      0.60     57.20      0.00      0.00      0.00      0.00      0.00
20:25:36         0.80   7502.40      0.20      0.20     56.80      0.00      0.00      0.00      0.00      0.00
20:25:41         0.00   5983.20      0.00      0.00     45.40      0.00      0.00      0.00      0.00      0.00
20:25:46         1.60   7509.60      0.40      0.40     56.20      0.00      0.00      0.00      0.00      0.00
20:25:51         3.20   2999.20      0.80      0.80     23.00      0.00      0.00      0.00      0.00      0.00
20:25:56         3.20   7434.40      0.80      0.80     56.80      0.00      0.00      0.00      0.00      0.00
20:26:01    168273.60 167519.20  62134.40  42068.60  41332.40  40499.60   1411.60  82276.00      0.00      0.00
20:26:06    493343.20 495384.00 147678.20 123335.80 123459.60 135608.80  11723.00 246281.60      0.00      0.00
20:26:11         2.40   6011.20      0.60      0.60     45.20      0.00      0.00      0.00      0.00      0.00
20:26:16         4.80   6016.00      1.20      1.20     46.80      0.00      0.00      0.00      0.00      0.00
20:26:21         2.40   7420.00      0.60      0.60     56.00      0.00      0.00      0.00      0.00      0.00
20:26:26         3.20   5924.80      0.80      0.80     45.80      0.00      0.00      0.00      0.00      0.00
20:26:31         1.60   7331.20      0.40      0.40     55.40      0.00      0.00      0.00      0.00      0.00
20:26:36     41445.60  45908.00  14728.60  10361.40  10077.60  12113.80    106.60  19287.60      0.00      0.00
20:26:41    259292.00 261560.80  72906.40  64831.80  65528.80 192921.40 112957.60 130897.60      0.00      0.00
20:26:46        12.00      0.00      3.60      3.00      0.80      0.00      0.00      0.00      0.00      0.00
20:26:51         3.20      0.00      0.80      0.80      0.80      0.00      0.00      0.00      0.00      0.00
20:26:56         4.00      0.00      1.00      1.00      1.00      0.00      0.00      0.00      0.00      0.00
20:27:01         3.20      0.00      0.80      0.80      0.80      0.00      0.00      0.00      0.00      0.00
20:27:06         4.00      0.00      1.00      1.00      1.00      0.00      0.00      0.00      0.00      0.00
20:27:11         3.20      0.00      0.80      0.80      0.80      0.00      0.00      0.00      0.00      0.00
20:27:16         4.00      0.00      1.00      1.00      1.00      0.00      0.00      0.00      0.00      0.00
20:27:21         3.20      0.00      0.80      0.80      0.80      0.00      0.00      0.00      0.00      0.00
20:27:26         4.80      0.00      1.20      1.20      1.20      0.00      0.00      0.00      0.00      0.00
20:27:31         3.20      0.00      0.80      0.80      0.80      0.00      0.00      0.00      0.00      0.00
20:27:36         4.00      0.00      1.00      1.00      1.00      0.00      0.00      0.00      0.00      0.00
20:27:41         0.00      0.00      0.00      0.00      0.00      0.00      0.00      0.00      0.00      0.00
20:27:46         4.00      0.00      1.00      1.00      1.00      0.00      0.00      0.00      0.00      0.00
20:27:51     98268.80  99791.20  24915.20  24567.40  25013.40  33448.80   4537.40  50018.00      0.00      0.00
20:27:56         3.20      0.00      0.80      0.80      0.80      0.00      0.00      0.00      0.00      0.00
20:28:01         4.00      0.00      1.00      1.00      1.00      0.00      0.00      0.00      0.00      0.00
20:28:06         3.20      0.00      0.80      0.80      0.80      0.00      0.00      0.00      0.00      0.00
20:28:11         1.60      0.00      0.40      0.40      0.40      0.00      0.00      0.00      0.00      0.00
20:28:16         3.20      0.00      0.80      0.80      0.80      0.00      0.00      0.00      0.00      0.00
20:28:21         0.80      0.00      0.20      0.20      0.20      0.00      0.00      0.00      0.00      0.00
20:28:26         1.60      0.00      0.40      0.40      0.40      0.00      0.00      0.00      0.00      0.00
20:28:31         2.40      0.00      0.60      0.60      0.60      0.00      0.00      0.00      0.00      0.00
20:28:36         1.60      0.00      0.40      0.40      0.40      0.00      0.00      0.00      0.00      0.00
20:28:41         3.20      0.00      0.80      0.80      0.80      0.00      0.00      0.00      0.00      0.00
20:28:46         3.20      0.00      0.80      0.80      0.80      0.00      0.00      0.00      0.00      0.00
20:28:51         3.20      0.00      0.80      0.80      0.80      0.00      0.00      0.00      0.00      0.00
20:28:56         1.60      0.00      0.40      0.40      0.40      0.00      0.00      0.00      0.00      0.00
20:29:01         3.20    833.60      0.80      0.80      6.20      0.00      0.00      0.00      0.00      0.00
20:29:06         4.00   4492.00      1.00      1.00     33.60      0.00      0.00      0.00      0.00      0.00
20:29:11         3.20   7102.40      0.80      0.80     53.40      0.00      0.00      0.00      0.00      0.00
20:29:16         3.20   2117.60      0.80      0.80     15.00      0.00      0.00      0.00      0.00      0.00
20:29:21         4.00    288.00      1.00      1.00      2.20      0.00      0.00      0.00      0.00      0.00
20:29:26         3.20   3158.40      0.80      0.80     23.80      0.00      0.00      0.00      0.00      0.00
20:29:31         4.00   6158.40      1.00      1.00     47.20      0.00      0.00      0.00      0.00      0.00
20:29:36         3.20   6160.80      0.80      0.80     46.60      0.00      0.00      0.00      0.00      0.00
20:29:41         3.20   3353.60      0.80      0.80     25.40      0.00      0.00      0.00      0.00      0.00
20:29:46         3.20   1042.40      0.80      0.80      8.00      0.00      0.00      0.00      0.00      0.00
20:29:51         3.99    257.88      1.00      1.00      1.20      0.00      0.00      0.00      0.00      0.00
20:29:56         1.60    126.40      0.40      0.40      0.40      0.00      0.00      0.00      0.00      0.00
20:30:01         3.20    559.20      0.80      0.80      3.60      0.00      0.00      0.00      0.00      0.00
20:30:06         4.00    388.80      1.00      1.00      1.80      0.00      0.00      0.00      0.00      0.00
20:30:11         1.60    926.40      0.40      0.40      6.60      0.00      0.00      0.00      0.00      0.00
20:30:16         2.40   8107.20      0.60      0.60     61.00      0.00      0.00      0.00      0.00      0.00
20:30:21         0.80   6470.40      0.20      0.20     49.20      0.00      0.00      0.00      0.00      0.00
20:30:26         3.20   7954.40      0.80      0.80     60.00      0.00      0.00      0.00      0.00      0.00
20:30:31         4.00   4758.40      1.00      1.00     36.60      0.00      0.00      0.00      0.00      0.00
20:30:36         3.20   4935.20      0.80      0.80     37.00      0.00      0.00      0.00      0.00      0.00
20:30:41         1.60   8035.20      0.40      0.40     60.60      0.00      0.00      0.00      0.00      0.00
20:30:46         3.20   6401.60      0.80      0.80     49.00      0.00      0.00      0.00      0.00      0.00
20:30:51         3.20   7911.20      0.80      0.80     60.00      0.00      0.00      0.00      0.00      0.00
20:30:56         2.40   8040.80      0.60      0.60     60.60      0.00      0.00      0.00      0.00      0.00
20:31:01         3.20   6229.60      0.80      0.80     47.40      0.00      0.00      0.00      0.00      0.00
20:31:06         2.40   7935.20      0.60      0.60     60.60      0.00      0.00      0.00      0.00      0.00
20:31:11         3.20   6241.60      0.80      0.80     47.40      0.00      0.00      0.00      0.00      0.00
20:31:16         3.20   7860.80      0.80      0.80     60.00      0.00      0.00      0.00      0.00      0.00
20:31:21         3.20   6183.20      0.80      0.80     46.40      0.00      0.00      0.00      0.00      0.00
20:31:26         1.60   7860.80      0.40      0.40     58.60      0.00      0.00      0.00      0.00      0.00
20:31:31         3.20   7651.20      0.80      0.80     57.20      0.00      0.00      0.00      0.00      0.00
20:31:36         1.60   6258.40      0.40      0.40     46.80      0.00      0.00      0.00      0.00      0.00
20:31:41         0.80   7785.60      0.20      0.20     58.60      0.00      0.00      0.00      0.00      0.00
20:31:46         1.60   6299.20      0.40      0.40     47.60      0.00      0.00      0.00      0.00      0.00
20:31:51         0.80   7771.20      0.20      0.20     58.00      0.00      0.00      0.00      0.00      0.00
20:31:56         2.40   4486.40      0.60      0.60     33.80      0.00      0.00      0.00      0.00      0.00
20:32:01         3.20     16.00      0.80      0.80      0.80      0.00      0.00      0.00      0.00      0.00
20:32:06    576988.80 444490.40 158658.60 144248.60 141633.60 172734.40  20125.40 282286.00      0.00      0.00
20:32:11      5159.20  15175.20   3324.00   1289.40   2230.20   2590.00     25.60   4428.00      0.00      0.00
20:32:16         4.00   8029.60      1.00      1.00     51.60      0.00      0.00      0.00      0.00      0.00
20:32:21         3.20   4744.80      0.80      0.80     36.80      0.00      0.00      0.00      0.00      0.00
20:32:26         4.00      0.00      1.00      1.00      1.00      0.00      0.00      0.00      0.00      0.00
20:32:31         3.20      0.00      0.80      0.80      0.80      0.00      0.00      0.00      0.00      0.00
20:32:36         4.00      0.00      1.00      1.00      1.00      0.00      0.00      0.00      0.00      0.00
20:32:41    345216.80 349204.80  91454.60  86304.60  87337.80 129753.80  26693.40 174587.20      0.00      0.00
20:32:46         2.40      0.00      1.00      0.80      0.60      0.00      0.00      0.00      0.00      0.00
20:32:51         3.20      0.00      0.80      0.80      0.80      0.00      0.00      0.00      0.00      0.00
20:32:56         4.00      0.00      1.00      1.00      1.00      0.00      0.00      0.00      0.00      0.00
20:33:01         2.40      0.00      0.60      0.60      0.60      0.00      0.00      0.00      0.00      0.00
20:33:06         3.20      0.00      0.80      0.80      0.80      0.00      0.00      0.00      0.00      0.00
20:33:11         2.40      0.00      0.60      0.60      0.60      0.00      0.00      0.00      0.00      0.00
20:33:16         3.20      0.00      0.80      0.80      0.80      0.00      0.00      0.00      0.00      0.00
20:33:21         4.00      0.00      1.00      1.00      1.00      0.00      0.00      0.00      0.00      0.00
20:33:26         3.20      0.00      0.80      0.80      0.80      0.00      0.00      0.00      0.00      0.00
20:33:31         3.20      0.00      0.80      0.80      0.80      0.00      0.00      0.00      0.00      0.00
20:33:36         3.20   1210.40      0.80      0.80      7.20      0.00      0.00      0.00      0.00      0.00
20:33:41         4.00    109.60      1.00      1.00      1.60      0.00      0.00      0.00      0.00      0.00
20:33:46         3.20      9.60      0.80      0.80      0.80      0.00      0.00      0.00      0.00      0.00
20:33:51     90212.80  85808.80  22969.20  22561.20  21509.20  23287.20   1372.20  43001.20      0.00      0.00
20:33:56         3.20      0.00      0.80      0.80      0.80      0.00      0.00      0.00      0.00      0.00
20:34:01         3.20      0.00      0.80      0.80      0.80      0.00      0.00      0.00      0.00      0.00
20:34:06         2.40      0.00      0.60      0.60      0.60      0.00      0.00      0.00      0.00      0.00
20:34:11         4.00      0.00      1.00      1.00      1.00      0.00      0.00      0.00      0.00      0.00
20:34:16         3.20      0.00      0.80      0.80      0.80      0.00      0.00      0.00      0.00      0.00
20:34:21         3.20      0.00      0.80      0.80      0.80      0.00      0.00      0.00      0.00      0.00
20:34:26         3.20      0.00      0.80      0.80      0.80      0.00      0.00      0.00      0.00      0.00
20:34:31         4.80      0.00      1.20      1.20      1.20      0.00      0.00      0.00      0.00      0.00
20:34:36         2.40      0.00      0.60      0.60      0.60      0.00      0.00      0.00      0.00      0.00
20:34:41         3.20      0.00      0.80      0.80      0.80      0.00      0.00      0.00      0.00      0.00
20:34:46         3.20      0.00      0.80      0.80      0.80      0.00      0.00      0.00      0.00      0.00
20:34:51         3.20      0.00      0.80      0.80      0.80      0.00      0.00      0.00      0.00      0.00
20:34:56         2.40      0.00      0.60      0.60      0.60      0.00      0.00      0.00      0.00      0.00
20:35:01         4.00      0.00      1.00      1.00      1.00      0.00      0.00      0.00      0.00      0.00
20:35:06         4.00   6296.00      1.00      1.00     24.60      0.00      0.00      0.00      0.00      0.00
20:35:11         3.20   1753.60      0.80      0.80     11.00      0.00      0.00      0.00      0.00      0.00
20:35:16         2.40   4248.00      0.60      0.60     32.40      0.00      0.00      0.00      0.00      0.00
20:35:21         3.20   3480.80      0.80      0.80     26.40      0.00      0.00      0.00      0.00      0.00
20:35:26         4.00   5563.20      1.00      1.00     41.40      0.00      0.00      0.00      0.00      0.00
20:35:31         3.20   2560.80      0.80      0.80     19.60      0.00      0.00      0.00      0.00      0.00
20:35:36         2.40   8329.60      0.60      0.60     62.00      0.00      0.00      0.00      0.00      0.00
20:35:41         4.00   6638.40      1.00      1.00     49.00      0.00      0.00      0.00      0.00      0.00
20:35:46         1.60   6676.80      0.40      0.40     48.00      0.00      0.00      0.00      0.00      0.00
20:35:51         3.20   6840.80      0.80      0.80     49.00      0.00      0.00      0.00      0.00      0.00
20:35:56         1.60   7757.60      0.40      0.40     58.60      0.00      0.00      0.00      0.00      0.00
20:36:01         4.00   3324.80      1.00      1.00     26.00      0.00      0.00      0.00      0.00      0.00
20:36:06         3.20   6488.80      0.80      0.80     49.60      0.00      0.00      0.00      0.00      0.00
20:36:11         4.00   8166.40      1.00      1.00     61.80      0.00      0.00      0.00      0.00      0.00
20:36:16         2.40   6488.80      0.60      0.60     49.00      0.00      0.00      0.00      0.00      0.00
20:36:21         3.20   8098.40      0.80      0.80     61.00      0.00      0.00      0.00      0.00      0.00
20:36:26         4.00   8060.00      1.00      1.00     60.80      0.00      0.00      0.00      0.00      0.00
20:36:31         3.20   6380.00      0.80      0.80     48.80      0.00      0.00      0.00      0.00      0.00
20:36:36         0.80   5928.00      0.20      0.20     44.20      0.00      0.00      0.00      0.00      0.00
20:36:41         3.20   3129.60      0.80      0.80     23.00      0.00      0.00      0.00      0.00      0.00
20:36:46         4.00   3658.40      1.00      1.00     26.60      0.00      0.00      0.00      0.00      0.00
20:36:51         3.20   6526.40      0.80      0.80     50.20      0.00      0.00      0.00      0.00      0.00
20:36:56         0.80   8073.60      0.20      0.20     61.20      0.00      0.00      0.00      0.00      0.00
20:37:01         3.20   7931.20      0.80      0.80     60.40      0.00      0.00      0.00      0.00      0.00
20:37:06         4.00   6335.20      1.00      1.00     47.80      0.00      0.00      0.00      0.00      0.00
20:37:11         4.00   3167.20      1.00      1.00     24.40      0.00      0.00      0.00      0.00      0.00
20:37:16         2.40    585.60      0.60      0.60      4.80      0.00      0.00      0.00      0.00      0.00
20:37:21         1.60   1989.60      0.40      0.40     14.00      0.00      0.00      0.00      0.00      0.00
20:37:26         3.20   2589.60      0.80      0.80     18.60      0.00      0.00      0.00      0.00      0.00
20:37:31         4.00   1126.40      1.00      1.00      7.80      0.00      0.00      0.00      0.00      0.00
20:37:36         3.20   2872.00      0.80      0.80     21.20      0.00      0.00      0.00      0.00      0.00
20:37:41         3.20   2990.40      0.80      0.80     21.60      0.00      0.00      0.00      0.00      0.00
20:37:46         4.00   2819.20      1.00      1.00     21.20      0.00      0.00      0.00      0.00      0.00
20:37:51         2.40   6375.20      0.60      0.60     47.20      0.00      0.00      0.00      0.00      0.00
20:37:56         4.80   6748.80      1.20      1.20     51.80      0.00      0.00      0.00      0.00      0.00
20:38:01         2.40   8391.20      0.60      0.60     63.20      0.00      0.00      0.00      0.00      0.00
20:38:06    164037.60 160405.60  89258.00  41022.00  39769.40  86103.00  27172.00  78476.80      0.00      0.00
20:38:11     88514.40 101596.80  24337.20  22138.40  23462.00  53907.00  25864.40  46856.40      0.00      0.00
20:38:16         3.20   8196.00      3.80      0.80     61.80      0.00      0.00      0.00      0.00      0.00
20:38:21         4.00   6604.00      1.00      1.00     50.80      0.00      0.00      0.00      0.00      0.00
20:38:26         3.20   3321.60      0.80      0.80     26.20      0.00      0.00      0.00      0.00      0.00
20:38:31         3.20      0.00      0.80      0.80      0.80      0.00      0.00      0.00      0.00      0.00
20:38:36         4.00      0.00      1.00      1.00      1.00      0.00      0.00      0.00      0.00      0.00
20:38:41     64780.00  65819.20  22752.00  16195.20  16481.20  28461.40   1066.00  32909.60      0.00      0.00
20:38:46         2.40      0.00      0.60      0.60      0.60      0.00      0.00      0.00      0.00      0.00
20:38:51         1.60      0.00      0.40      0.40      0.40      0.00      0.00      0.00      0.00      0.00
20:38:56         3.20      0.00      0.80      0.80      0.80      0.00      0.00      0.00      0.00      0.00
20:39:01         4.00      0.00      1.00      1.00      1.00      0.00      0.00      0.00      0.00      0.00
20:39:06         0.80      0.00      0.20      0.20      0.20      0.00      0.00      0.00      0.00      0.00
20:39:11         4.00      0.00      1.00      1.00      1.00      0.00      0.00      0.00      0.00      0.00
20:39:16         1.60      0.00      0.40      0.40      0.40      0.00      0.00      0.00      0.00      0.00
20:39:21         2.40      0.00      0.60      0.60      0.60      0.00      0.00      0.00      0.00      0.00
20:39:26         3.20      0.00      0.80      0.80      0.80      0.00      0.00      0.00      0.00      0.00
20:39:31         3.20      0.00      0.80      0.80      0.80      0.00      0.00      0.00      0.00      0.00
20:39:36         0.80      0.00      0.20      0.20      0.20      0.00      0.00      0.00      0.00      0.00
20:39:41         3.20      0.00      0.80      0.80      0.80      0.00      0.00      0.00      0.00      0.00
20:39:46         3.20      0.00      0.80      0.80      0.80      0.00      0.00      0.00      0.00      0.00
20:39:51         3.20      0.00      0.80      0.80      0.80      0.00      0.00      0.00      0.00      0.00
20:39:56    129195.20 126911.20  32381.60  32304.20  31978.20 103458.80  58597.60  63665.20      0.00      0.00
20:40:01         3.20      0.00      0.80      0.80      0.60      0.00      0.00      0.00      0.00      0.00
20:40:06         4.00      0.00      1.00      1.00      1.00      0.00      0.00      0.00      0.00      0.00
20:40:11         3.20      0.00      0.80      0.80      0.80      0.00      0.00      0.00      0.00      0.00
20:40:16         2.40      0.00      0.60      0.60      0.60      0.00      0.00      0.00      0.00      0.00
20:40:21         4.80      0.00      1.20      1.20      2.00      0.00      0.00      0.00      0.00      0.00
20:40:26         4.00      0.00      1.00      1.00      1.00      0.00      0.00      0.00      0.00      0.00
20:40:31         0.80      0.00      0.20      0.20      0.20      0.00      0.00      0.00      0.00      0.00
20:40:36         3.20      0.00      0.80      0.80      0.80      0.00      0.00      0.00      0.00      0.00
20:40:41         3.20      0.00      0.80      0.80      0.80      0.00      0.00      0.00      0.00      0.00
20:40:46         4.00      0.00      1.00      1.00      1.00      0.00      0.00      0.00      0.00      0.00
20:40:51         3.20      0.00      0.80      0.80      0.80      0.00      0.00      0.00      0.00      0.00
20:40:56         2.40      0.00      0.60      0.60      0.60      0.00      0.00      0.00      0.00      0.00
20:41:01         1.60      0.00      0.40      0.40      0.40      0.00      0.00      0.00      0.00      0.00
20:41:06         2.40   5349.60      0.60      0.60     39.20      0.00      0.00      0.00      0.00      0.00
20:41:11         4.00   6626.40      1.00      1.00     51.60      0.00      0.00      0.00      0.00      0.00
20:41:16         2.40   6596.80      0.60      0.60     49.00      0.00      0.00      0.00      0.00      0.00
20:41:21         2.40   3932.80      0.60      0.60     28.60      0.00      0.00      0.00      0.00      0.00
20:41:26         4.00   4107.20      1.00      1.00     30.60      0.00      0.00      0.00      0.00      0.00
20:41:31         2.40   8199.20      0.60      0.60     60.00      0.00      0.00      0.00      0.00      0.00
20:41:36         3.20   6484.00      0.80      0.80     48.40      0.00      0.00      0.00      0.00      0.00
20:41:41         3.20   4796.80      0.80      0.80     35.40      0.00      0.00      0.00      0.00      0.00
20:41:46         2.40   7711.20      0.60      0.60     54.20      0.00      0.00      0.00      0.00      0.00
20:41:51         3.20   6627.20      0.80      0.80     51.80      0.00      0.00      0.00      0.00      0.00
20:41:56         1.60   6472.00      0.40      0.40     48.60      0.00      0.00      0.00      0.00      0.00
20:42:01         4.00   5551.20      1.00      1.00     42.00      0.00      0.00      0.00      0.00      0.00
20:42:06         1.60   7056.80      0.40      0.40     52.00      0.00      0.00      0.00      0.00      0.00
20:42:11         3.20   5291.20      0.80      0.80     38.60      0.00      0.00      0.00      0.00      0.00
20:42:16         2.40   7220.00      0.60      0.60     52.80      0.00      0.00      0.00      0.00      0.00
20:42:21         1.60   7856.00      0.40      0.40     57.00      0.00      0.00      0.00      0.00      0.00
20:42:26         0.80   3186.40      0.20      0.20     23.40      0.00      0.00      0.00      0.00      0.00
20:42:31         3.20   2859.20      0.80      0.80     21.40      0.00      0.00      0.00      0.00      0.00
20:42:36         3.20   4441.60      0.80      0.80     32.40      0.00      0.00      0.00      0.00      0.00
20:42:41         3.20   5911.20      0.80      0.80     44.40      0.00      0.00      0.00      0.00      0.00
20:42:46         3.20   5984.00      0.80      0.80     44.60      0.00      0.00      0.00      0.00      0.00
20:42:51         4.00   4988.80      1.00      1.00     37.80      0.00      0.00      0.00      0.00      0.00
20:42:56         3.20   5644.80      0.80      0.80     41.80      0.00      0.00      0.00      0.00      0.00
20:43:01         3.20   5057.60      0.80      0.80     38.20      0.00      0.00      0.00      0.00      0.00
20:43:06         4.00   3258.40      1.00      1.00     24.20      0.00      0.00      0.00      0.00      0.00
20:43:11         2.40   3694.40      0.60      0.60     27.00      0.00      0.00      0.00      0.00      0.00
20:43:16         4.00   5517.60      1.00      1.00     42.20      0.00      0.00      0.00      0.00      0.00
20:43:21         3.20   8252.00      0.80      0.80     63.00      0.00      0.00      0.00      0.00      0.00
20:43:26         0.80   6572.00      0.20      0.20     49.80      0.00      0.00      0.00      0.00      0.00
20:43:31         2.40   8185.60      0.60      0.60     62.60      0.00      0.00      0.00      0.00      0.00
20:43:36         3.20   6447.20      0.80      0.80     49.60      0.00      0.00      0.00      0.00      0.00
20:43:41         2.40   8023.20      0.60      0.60     60.60      0.00      0.00      0.00      0.00      0.00
20:43:46         3.20   8045.60      0.80      0.80     61.00      0.00      0.00      0.00      0.00      0.00
20:43:51         3.20   6480.80      0.80      0.80     49.80      0.00      0.00      0.00      0.00      0.00
20:43:56         4.00   8129.60      1.00      1.00     63.00      0.00      0.00      0.00      0.00      0.00
20:44:01         3.19   3200.80      0.80      0.80     25.15      0.00      0.00      0.00      0.00      0.00
20:44:06     85664.00  77591.20  75035.80  21416.40  19754.60  27201.60     25.60  38691.20      0.00      0.00
20:44:11      1097.60  10240.80    280.60    274.20    992.20   1252.80      0.00   1945.20      0.00      0.00
20:44:16         2.40   1592.80      0.60      0.60      9.00      0.00      0.00      0.00      0.00      0.00
20:44:21         3.20      0.00      0.80      0.80      0.80      0.00      0.00      0.00      0.00      0.00
20:44:26         3.20      0.00      0.80      0.80      0.80      0.00      0.00      0.00      0.00      0.00
20:44:31         3.20      0.00      0.80      0.80      0.80      0.00      0.00      0.00      0.00      0.00
20:44:36         4.80      0.00      1.20      1.20      1.20      0.00      0.00      0.00      0.00      0.00
20:44:41      6432.80   3107.20   1625.60   1608.40    775.40    972.80     25.60   1548.00      0.00      0.00
20:44:46    140722.40 145308.00  37596.00  35188.60  36566.80 122338.00  62649.60  72916.40      0.00      0.00
20:44:51         2.40      0.00      2.40      0.80      0.60      0.00      0.00      0.00      0.00      0.00
20:44:56         4.00      0.00      1.00      1.00      1.00      0.00      0.00      0.00      0.00      0.00
20:45:01         3.20      0.00      0.80      0.80      0.80      0.00      0.00      0.00      0.00      0.00
20:45:06         3.20      0.00      0.80      0.80      0.80      0.00      0.00      0.00      0.00      0.00
20:45:11         4.00      0.00      1.00      1.00      1.00      0.00      0.00      0.00      0.00      0.00
20:45:16         2.40      0.00      0.60      0.60      0.60      0.00      0.00      0.00      0.00      0.00
20:45:21         4.80      0.00      1.20      1.20      1.20      0.00      0.00      0.00      0.00      0.00
20:45:26         1.60   1298.40      0.40      0.40      8.80      0.00      0.00      0.00      0.00      0.00
20:45:31         1.60    382.40      0.40      0.40      2.80      0.00      0.00      0.00      0.00      0.00
20:45:36         4.80      6.40      1.20      1.20      1.20      0.00      0.00      0.00      0.00      0.00
20:45:41         2.40      4.00      0.60      0.60      0.60      0.00      0.00      0.00      0.00      0.00
20:45:46         3.20      4.00      0.80      0.80      0.80      0.00      0.00      0.00      0.00      0.00
20:45:51         4.00      5.60      1.00      1.00      1.00      0.00      0.00      0.00      0.00      0.00
20:45:56     67133.60  68464.00  17629.20  16783.60  17119.80  42288.60  17657.20  34230.80      0.00      0.00
20:46:01         2.40      0.00      0.60      0.60      0.60      0.00      0.00      0.00      0.00      0.00
20:46:06         4.00      0.00      1.00      1.00      1.00      0.00      0.00      0.00      0.00      0.00
20:46:11         3.20      0.00      0.80      0.80      0.80      0.00      0.00      0.00      0.00      0.00
20:46:16         2.40      0.00      0.60      0.60      0.60      0.00      0.00      0.00      0.00      0.00
20:46:21         4.00      0.00      1.00      1.00      1.00      0.00      0.00      0.00      0.00      0.00
20:46:26         2.40      0.00      0.60      0.60      0.60      0.00      0.00      0.00      0.00      0.00
20:46:31         4.00      0.00      1.00      1.00      1.00      0.00      0.00      0.00      0.00      0.00
20:46:36         3.20      0.00      0.80      0.80      0.80      0.00      0.00      0.00      0.00      0.00
20:46:41         2.40      0.00      0.60      0.60      0.60      0.00      0.00      0.00      0.00      0.00
20:46:46         4.00      0.00      1.00      1.00      1.00      0.00      0.00      0.00      0.00      0.00
20:46:51         2.40      0.00      0.60      0.60      0.60      0.00      0.00      0.00      0.00      0.00
20:46:56         2.40      0.00      0.60      0.60      0.60      0.00      0.00      0.00      0.00      0.00
20:47:01         4.00      0.00      1.00      1.00      1.00      0.00      0.00      0.00      0.00      0.00
20:47:06         2.40   1278.40      0.60      0.60      9.60      0.00      0.00      0.00      0.00      0.00
20:47:11         4.00   8131.20      1.00      1.00     61.00      0.00      0.00      0.00      0.00      0.00
20:47:16         3.20   7986.40      0.80      0.80     58.80      0.00      0.00      0.00      0.00      0.00
20:47:21         2.40   6355.20      0.60      0.60     46.80      0.00      0.00      0.00      0.00      0.00
20:47:26         3.20   5812.00      0.80      0.80     43.00      0.00      0.00      0.00      0.00      0.00
20:47:31         3.20   6598.40      0.80      0.80     49.20      0.00      0.00      0.00      0.00      0.00
20:47:36         3.20   4965.60      0.80      0.80     36.80      0.00      0.00      0.00      0.00      0.00
20:47:41         1.60   5598.40      0.40      0.40     40.80      0.00      0.00      0.00      0.00      0.00
20:47:46         2.40   6535.20      0.60      0.60     48.60      0.00      0.00      0.00      0.00      0.00
20:47:51         3.20   8146.40      0.80      0.80     62.00      0.00      0.00      0.00      0.00      0.00
20:47:56         4.00   6402.40      1.00      1.00     48.40      0.00      0.00      0.00      0.00      0.00
20:48:01         2.40   8122.40      0.60      0.60     61.40      0.00      0.00      0.00      0.00      0.00
20:48:06         3.20   1638.40      0.80      0.80     13.40      0.00      0.00      0.00      0.00      0.00
20:48:11         3.20   6212.80      0.80      0.80     46.80      0.00      0.00      0.00      0.00      0.00
20:48:16         2.40   4001.60      0.60      0.60     27.80      0.00      0.00      0.00      0.00      0.00
20:48:21         1.60   5398.40      0.40      0.40     39.60      0.00      0.00      0.00      0.00      0.00
20:48:26         3.20   6727.20      0.80      0.80     50.00      0.00      0.00      0.00      0.00      0.00
20:48:31         0.80   5437.60      0.20      0.20     41.00      0.00      0.00      0.00      0.00      0.00
20:48:36         2.40   6842.40      0.60      0.60     51.60      0.00      0.00      0.00      0.00      0.00
20:48:41         3.20   8046.40      0.80      0.80     60.40      0.00      0.00      0.00      0.00      0.00
20:48:46         1.60   6149.60      0.40      0.40     45.20      0.00      0.00      0.00      0.00      0.00
20:48:51         3.20   8065.60      0.80      0.80     61.00      0.00      0.00      0.00      0.00      0.00
20:48:56         3.20   6341.60      0.80      0.80     47.80      0.00      0.00      0.00      0.00      0.00
20:49:01         2.40   7942.40      0.60      0.60     60.00      0.00      0.00      0.00      0.00      0.00
20:49:06         2.40   4161.60      0.60      0.60     31.00      0.00      0.00      0.00      0.00      0.00
20:49:11         0.80   5288.00      0.20      0.20     38.40      0.00      0.00      0.00      0.00      0.00
20:49:16         3.20   4683.20      0.80      0.80     34.60      0.00      0.00      0.00      0.00      0.00
20:49:21         3.20   3495.20      0.80      0.80     26.80      0.00      0.00      0.00      0.00      0.00
20:49:26         2.40   7939.20      0.60      0.60     59.40      0.00      0.00      0.00      0.00      0.00
20:49:31         4.00   6380.00      1.00      1.00     48.40      0.00      0.00      0.00      0.00      0.00
20:49:36         2.40   7154.40      0.60      0.60     53.80      0.00      0.00      0.00      0.00      0.00
20:49:41         4.00   7708.00      1.00      1.00     58.20      0.00      0.00      0.00      0.00      0.00
20:49:46         3.20   6306.40      0.80      0.80     47.80      0.00      0.00      0.00      0.00      0.00
20:49:51         3.20   7422.40      0.80      0.80     56.00      0.00      0.00      0.00      0.00      0.00
20:49:56         4.00   6293.60      1.00      1.00     47.80      0.00      0.00      0.00      0.00      0.00
20:50:01         3.20   7688.00      0.80      0.80     57.60      0.00      0.00      0.00      0.00      0.00
20:50:06         1.60   6063.20      0.40      0.40     46.00      0.00      0.00      0.00      0.00      0.00
20:50:11    222632.00 205114.40 112350.40  55673.80  54927.80 111406.60  40372.00 108691.60      0.00      0.00
20:50:16         4.00   8040.80      4.20      1.00     51.00      0.00      0.00      0.00      0.00      0.00
20:50:21         2.40   6095.20      0.60      0.60     46.20      0.00      0.00      0.00      0.00      0.00
20:50:26         3.20   7743.20      0.80      0.80     59.00      0.00      0.00      0.00      0.00      0.00
20:50:31         0.00   6140.00      0.00      0.00     45.80      0.00      0.00      0.00      0.00      0.00
20:50:36         1.60   1585.60      0.40      0.40     12.00      0.00      0.00      0.00      0.00      0.00
20:50:41         3.20      0.00      0.80      0.80      0.80      0.00      0.00      0.00      0.00      0.00
20:50:46     88862.40  85656.00  31298.60  22215.80  21466.20  81794.40  37171.80  42828.00      0.00      0.00
20:50:51         3.20      0.00      0.80      0.80      0.80      0.00      0.00      0.00      0.00      0.00
20:50:56         3.20      0.00      0.80      0.80      0.80      0.00      0.00      0.00      0.00      0.00
20:51:01         2.40      0.00      0.60      0.60      0.60      0.00      0.00      0.00      0.00      0.00
20:51:06         4.00      0.00      1.00      1.00      1.00      0.00      0.00      0.00      0.00      0.00
20:51:11         3.20      0.00      0.80      0.80      0.80      0.00      0.00      0.00      0.00      0.00
20:51:16         2.40      0.00      0.60      0.60      0.60      0.00      0.00      0.00      0.00      0.00
20:51:21         3.20      0.00      0.80      0.80      0.80      0.00      0.00      0.00      0.00      0.00
20:51:26         3.20      0.00      0.80      0.80      0.80      0.00      0.00      0.00      0.00      0.00
20:51:31         2.40      0.00      0.60      0.60      0.60      0.00      0.00      0.00      0.00      0.00
20:51:36         2.40      0.00      0.60      0.60      0.60      0.00      0.00      0.00      0.00      0.00
20:51:41         3.20      0.00      0.80      0.80      0.80      0.00      0.00      0.00      0.00      0.00
20:51:46         2.40      0.00      0.60      0.60      0.60      0.00      0.00      0.00      0.00      0.00
20:51:51         1.60      0.00      0.40      0.40      0.40      0.00      0.00      0.00      0.00      0.00
20:51:56     90640.00  84982.40  22838.20  22660.20  21356.60  43685.00  13065.40  42685.80      0.00      0.00
20:52:01     34171.20  39136.00   8547.00   8542.60   9795.20  12891.40   1319.00  19569.00      0.00      0.00
20:52:06         3.20      0.00      0.80      0.80      0.80      0.00      0.00      0.00      0.00      0.00
20:52:11         3.20      0.00      0.80      0.80      0.80      0.00      0.00      0.00      0.00      0.00
20:52:16         3.20      0.00      0.80      0.80      0.80      0.00      0.00      0.00      0.00      0.00
20:52:21         2.40      0.00      0.60      0.60      0.60      0.00      0.00      0.00      0.00      0.00
20:52:26         4.00      0.00      1.00      1.00      1.00      0.00      0.00      0.00      0.00      0.00
20:52:31         2.40      0.00      0.60      0.60      0.60      0.00      0.00      0.00      0.00      0.00
20:52:36         2.40      0.00      0.60      0.60      0.60      0.00      0.00      0.00      0.00      0.00
20:52:41         3.20      0.00      0.80      0.80      0.80      0.00      0.00      0.00      0.00      0.00
20:52:46         2.40      0.00      0.60      0.60      0.60      0.00      0.00      0.00      0.00      0.00
20:52:51         3.20      0.00      0.80      0.80      0.80      0.00      0.00      0.00      0.00      0.00
20:52:56         3.20      0.00      0.80      0.80      0.80      0.00      0.00      0.00      0.00      0.00
20:53:01         2.40      0.00      0.60      0.60      0.60      0.00      0.00      0.00      0.00      0.00
20:53:06         3.20      0.00      0.80      0.80      0.80      0.00      0.00      0.00      0.00      0.00
20:53:11         3.20   5716.80      0.80      0.80     24.40      0.00      0.00      0.00      0.00      0.00
20:53:16         3.20   6739.20      0.80      0.80     50.80      0.00      0.00      0.00      0.00      0.00
20:53:21         3.20   6773.60      0.80      0.80     51.40      0.00      0.00      0.00      0.00      0.00
20:53:26         3.20   4644.00      0.80      0.80     35.60      0.00      0.00      0.00      0.00      0.00
20:53:31         2.40   5800.00      0.60      0.60     43.60      0.00      0.00      0.00      0.00      0.00
20:53:36         2.40   5762.40      0.60      0.60     43.20      0.00      0.00      0.00      0.00      0.00
20:53:41         4.00   8055.20      1.00      1.00     61.20      0.00      0.00      0.00      0.00      0.00
20:53:46         3.20   7981.60      0.80      0.80     60.60      0.00      0.00      0.00      0.00      0.00
20:53:51         3.20   4756.80      0.80      0.80     35.80      0.00      0.00      0.00      0.00      0.00
20:53:56         0.80   2281.60      0.20      0.20     16.40      0.00      0.00      0.00      0.00      0.00
20:54:01         2.40   5643.20      0.60      0.60     41.60      0.00      0.00      0.00      0.00      0.00
20:54:06         3.20   6305.60      0.80      0.80     46.00      0.00      0.00      0.00      0.00      0.00
20:54:11         2.40   2507.20      0.60      0.60     17.80      0.00      0.00      0.00      0.00      0.00
20:54:16         1.60   5770.40      0.40      0.40     41.80      0.00      0.00      0.00      0.00      0.00
20:54:21         3.20   5439.20      0.80      0.80     39.20      0.00      0.00      0.00      0.00      0.00
20:54:26         3.20   2198.40      0.80      0.80     15.20      0.00      0.00      0.00      0.00      0.00
20:54:31         2.40   5487.20      0.60      0.60     39.60      0.00      0.00      0.00      0.00      0.00
20:54:36         0.80   4227.20      0.20      0.20     31.80      0.00      0.00      0.00      0.00      0.00
20:54:41         3.20   4027.20      0.80      0.80     30.00      0.00      0.00      0.00      0.00      0.00
20:54:46         3.20   3180.00      0.80      0.80     23.40      0.00      0.00      0.00      0.00      0.00
20:54:51         1.60   1812.00      0.40      0.40     13.40      0.00      0.00      0.00      0.00      0.00
20:54:56         4.00   4630.40      1.00      1.00     35.20      0.00      0.00      0.00      0.00      0.00
20:55:01         2.40   6500.80      0.60      0.60     49.00      0.00      0.00      0.00      0.00      0.00
20:55:06         3.20   7994.40      0.80      0.80     60.00      0.00      0.00      0.00      0.00      0.00
20:55:11         4.00   7847.20      1.00      1.00     59.20      0.00      0.00      0.00      0.00      0.00
20:55:16         2.40   6495.20      0.60      0.60     50.40      0.00      0.00      0.00      0.00      0.00
20:55:21         2.40   7936.00      0.60      0.60     59.60      0.00      0.00      0.00      0.00      0.00
20:55:26         4.00   6378.40      1.00      1.00     48.60      0.00      0.00      0.00      0.00      0.00
20:55:31         2.40   6916.80      0.60      0.60     51.80      0.00      0.00      0.00      0.00      0.00
20:55:36         1.60   5557.60      0.40      0.40     41.60      0.00      0.00      0.00      0.00      0.00
20:55:41         3.20   6771.20      0.80      0.80     51.00      0.00      0.00      0.00      0.00      0.00
20:55:46         2.40   6771.20      0.60      0.60     50.60      0.00      0.00      0.00      0.00      0.00
20:55:51         1.60   5240.00      0.40      0.40     39.20      0.00      0.00      0.00      0.00      0.00
20:55:56         3.20   5156.80      0.80      0.80     38.00      0.00      0.00      0.00      0.00      0.00
20:56:01         2.40   5091.20      0.60      0.60     37.60      0.00      0.00      0.00      0.00      0.00
20:56:06         3.20   1476.80      0.80      0.80     12.00      0.00      0.00      0.00      0.00      0.00
20:56:11    235063.20 229556.80 107368.00  58771.60  56632.60  98720.40  26058.20 112482.00      0.00      0.00
20:56:16     80252.00  93223.20  22988.80  20062.80  21856.20  49068.60  23098.20  43614.40      0.00      0.00
20:56:21         2.40   7501.60      0.60      0.60     42.40      0.00      0.00      0.00      0.00      0.00
20:56:26         4.00   3953.60      1.00      1.00     29.60      0.00      0.00      0.00      0.00      0.00
20:56:31         2.40      0.00      0.60      0.60      0.60      0.00      0.00      0.00      0.00      0.00
20:56:36         3.20      0.00      0.80      0.80      0.80      0.00      0.00      0.00      0.00      0.00
20:56:41         2.40      0.00      0.60      0.60      0.60      0.00      0.00      0.00      0.00      0.00
20:56:46    149970.40 141680.80  41128.60  37493.60  36329.80  62619.20   7755.00  72539.20      0.00      0.00
20:56:51        15.20   2418.40     32.40      3.80    605.40   1139.20      0.00   1243.60      0.00      0.00
20:56:56         1.60      0.00      0.40      0.40      0.40      0.00      0.00      0.00      0.00      0.00
20:57:01         2.40      0.00      0.60      0.60      0.60      0.00      0.00      0.00      0.00      0.00
20:57:06         3.20      0.00      0.80      0.80      0.80      0.00      0.00      0.00      0.00      0.00
20:57:11         2.40      0.00      0.60      0.60      0.60      0.00      0.00      0.00      0.00      0.00
20:57:16         4.00      0.00      1.00      1.00      1.00      0.00      0.00      0.00      0.00      0.00
20:57:21         2.40      0.00      0.60      0.60      0.60      0.00      0.00      0.00      0.00      0.00
20:57:26         3.20      0.00      0.80      0.80      0.80      0.00      0.00      0.00      0.00      0.00
20:57:31         4.00      0.00      1.00      1.00      1.00      0.00      0.00      0.00      0.00      0.00
20:57:36         2.40      0.00      0.60      0.60      0.60      0.00      0.00      0.00      0.00      0.00
20:57:41         2.40      0.00      0.60      0.60      0.60      0.00      0.00      0.00      0.00      0.00
20:57:46         2.40      0.00      0.60      0.60      0.60      0.00      0.00      0.00      0.00      0.00
20:57:51         3.20      0.00      0.80      0.80      0.80      0.00      0.00      0.00      0.00      0.00
20:57:56         3.20      0.00      0.80      0.80      0.80      0.00      0.00      0.00      0.00      0.00
20:58:01    110993.60 112070.40  27950.80  27754.60  28068.20  72729.20  35335.00  56122.00      0.00      0.00
20:58:06         2.40      0.00      0.60      0.60      0.60      0.00      0.00      0.00      0.00      0.00
20:58:11         4.00      0.00      1.00      1.00      1.00      0.00      0.00      0.00      0.00      0.00
20:58:16         2.40      0.00      0.60      0.60      0.60      0.00      0.00      0.00      0.00      0.00
20:58:21         2.40      0.00      0.60      0.60      0.60      0.00      0.00      0.00      0.00      0.00
20:58:26         4.00      0.00      1.00      1.00      1.00      0.00      0.00      0.00      0.00      0.00
20:58:31         2.40      0.00      0.60      0.60      0.60      0.00      0.00      0.00      0.00      0.00
20:58:36         3.20      0.00      0.80      0.80      0.80      0.00      0.00      0.00      0.00      0.00
20:58:41         4.00      0.00      1.00      1.00      1.00      0.00      0.00      0.00      0.00      0.00
20:58:46         2.40      0.00      0.60      0.60      0.60      0.00      0.00      0.00      0.00      0.00
20:58:51         3.20      0.00      0.80      0.80      0.80      0.00      0.00      0.00      0.00      0.00
20:58:56         3.20      0.00      0.80      0.80      0.80      0.00      0.00      0.00      0.00      0.00
20:59:01         2.40      0.00      0.60      0.60      0.60      0.00      0.00      0.00      0.00      0.00
20:59:06         3.20      0.00      0.80      0.80      0.80      0.00      0.00      0.00      0.00      0.00
20:59:11         0.00   3322.40      0.00      0.00      6.80      0.00      0.00      0.00      0.00      0.00
20:59:16         3.20   7852.80      0.80      0.80     58.60      0.00      0.00      0.00      0.00      0.00
20:59:21         3.20   5813.60      0.80      0.80     43.80      0.00      0.00      0.00      0.00      0.00
20:59:26         2.40   7738.40      0.60      0.60     58.00      0.00      0.00      0.00      0.00      0.00
20:59:31         1.60   3738.40      0.40      0.40     27.60      0.00      0.00      0.00      0.00      0.00
20:59:36         3.20   6872.80      0.80      0.80     51.60      0.00      0.00      0.00      0.00      0.00
20:59:41         3.20   7342.40      0.80      0.80     55.00      0.00      0.00      0.00      0.00      0.00
20:59:46         2.40   1967.20      0.60      0.60     14.60      0.00      0.00      0.00      0.00      0.00
20:59:51         2.40   2338.40      0.60      0.60     17.00      0.00      0.00      0.00      0.00      0.00
20:59:56         1.60   4386.40      0.40      0.40     33.40      0.00      0.00      0.00      0.00      0.00
21:00:01         3.20   6031.20      0.80      0.80     45.80      0.00      0.00      0.00      0.00      0.00
21:00:06         3.20   7150.40      0.80      0.80     53.40      0.00      0.00      0.00      0.00      0.00
21:00:11         2.40   6441.60      0.60      0.60     47.40      0.00      0.00      0.00      0.00      0.00
21:00:16         2.40   8052.00      0.60      0.60     61.00      0.00      0.00      0.00      0.00      0.00
21:00:21         1.60   6459.20      0.40      0.40     49.80      0.00      0.00      0.00      0.00      0.00
21:00:26         3.20   7073.60      0.80      0.80     53.60      0.00      0.00      0.00      0.00      0.00
21:00:31         2.40   4735.20      0.60      0.60     35.60      0.00      0.00      0.00      0.00      0.00
21:00:36         2.40   2545.60      0.60      0.60     18.80      0.00      0.00      0.00      0.00      0.00
21:00:41         3.20   1460.00      0.80      0.80     11.20      0.00      0.00      0.00      0.00      0.00
21:00:46         2.40   6291.20      0.60      0.60     46.00      0.00      0.00      0.00      0.00      0.00
21:00:51         4.00   7946.40      1.00      1.00     58.40      0.00      0.00      0.00      0.00      0.00
21:00:56         3.20   6196.00      0.80      0.80     46.60      0.00      0.00      0.00      0.00      0.00
21:01:01         3.20   7768.00      0.80      0.80     57.20      0.00      0.00      0.00      0.00      0.00
21:01:06         3.20   7744.00      0.80      0.80     57.60      0.00      0.00      0.00      0.00      0.00
21:01:11         3.20   6069.60      0.80      0.80     46.60      0.00      0.00      0.00      0.00      0.00
21:01:16         3.20   7344.00      0.80      0.80     55.00      0.00      0.00      0.00      0.00      0.00
21:01:21         2.40   6123.20      0.60      0.60     46.40      0.00      0.00      0.00      0.00      0.00
21:01:26         2.40   7680.80      0.60      0.60     58.20      0.00      0.00      0.00      0.00      0.00
21:01:31         3.20   5947.20      0.80      0.80     45.60      0.00      0.00      0.00      0.00      0.00
21:01:36         1.60   7083.20      0.40      0.40     53.20      0.00      0.00      0.00      0.00      0.00
21:01:41         0.80   7724.80      0.20      0.20     57.60      0.00      0.00      0.00      0.00      0.00
21:01:46         4.00   6010.40      1.00      1.00     45.20      0.00      0.00      0.00      0.00      0.00
21:01:51         2.40   7360.00      0.60      0.60     56.00      0.00      0.00      0.00      0.00      0.00
21:01:56         4.00   5805.60      1.00      1.00     44.20      0.00      0.00      0.00      0.00      0.00
21:02:01         2.40   6972.00      0.60      0.60     53.00      0.00      0.00      0.00      0.00      0.00
21:02:06         3.20   2230.40      0.80      0.80     17.40      0.00      0.00      0.00      0.00      0.00
21:02:11     60024.80  52873.60  59430.60  15006.20  13084.20  22128.00   1650.60  25055.60      0.00      0.00
21:02:16    113636.00 125100.00  38242.00  28418.00  29873.80  53635.20  14450.80  59365.60      0.00      0.00
21:02:21         4.00   3113.60      1.40      1.20     24.00      0.00      0.00      0.00      0.00      0.00
21:02:26         3.20      0.00      0.80      0.80      0.80      0.00      0.00      0.00      0.00      0.00
21:02:31         2.40      0.00      0.60      0.60      0.60      0.00      0.00      0.00      0.00      0.00
21:02:36         2.40      0.00      0.60      0.60      0.60      0.00      0.00      0.00      0.00      0.00
21:02:41         4.00      0.00      1.00      1.00      1.00      0.00      0.00      0.00      0.00      0.00
21:02:46         2.40      0.00      0.60      0.60      0.60      0.00      0.00      0.00      0.00      0.00
21:02:51     75244.00  73300.80  21015.60  18811.20  18342.60  39600.80   9047.00  36650.40      0.00      0.00
21:02:56         3.20      0.00      0.80      0.80      0.80      0.00      0.00      0.00      0.00      0.00
21:03:01         4.00      0.00      1.00      1.00      1.00      0.00      0.00      0.00      0.00      0.00
21:03:06         2.40      0.00      0.60      0.60      0.60      0.00      0.00      0.00      0.00      0.00
21:03:11         2.40      0.00      0.60      0.60      0.60      0.00      0.00      0.00      0.00      0.00
21:03:16         4.00      0.00      1.00      1.00      1.00      0.00      0.00      0.00      0.00      0.00
21:03:21         1.60      0.00      0.40      0.40      0.40      0.00      0.00      0.00      0.00      0.00
21:03:26         3.20      0.00      0.80      0.80      0.80      0.00      0.00      0.00      0.00      0.00
21:03:31         3.20      0.00      0.80      0.80      0.80      0.00      0.00      0.00      0.00      0.00
21:03:36         3.20      0.00      0.80      0.80      0.80      0.00      0.00      0.00      0.00      0.00
21:03:41         4.00      0.00      1.00      1.00      1.00      0.00      0.00      0.00      0.00      0.00
21:03:46         2.40   1969.60      0.60      0.60      4.00      0.00      0.00      0.00      0.00      0.00
21:03:51         3.20    240.80      0.80      0.80      0.80      0.00      0.00      0.00      0.00      0.00
21:03:56         3.20      3.20      0.80      0.80      0.80      0.00      0.00      0.00      0.00      0.00
21:04:01    117076.00 119400.80  29723.60  29276.80  30309.00  93193.60  46588.40  60602.80      0.00      0.00
21:04:06         3.20      0.00      1.20      0.80      0.80      0.00      0.00      0.00      0.00      0.00
21:04:11         2.40      0.00      0.60      0.60      0.60      0.00      0.00      0.00      0.00      0.00
21:04:16         4.00      0.00      1.00      1.00      1.00      0.00      0.00      0.00      0.00      0.00
21:04:21         2.40      0.00      0.60      0.60      0.60      0.00      0.00      0.00      0.00      0.00
21:04:26         3.20      0.00      0.80      0.80      0.80      0.00      0.00      0.00      0.00      0.00
21:04:31         3.20      0.00      0.80      0.80      0.80      0.00      0.00      0.00      0.00      0.00
21:04:36         3.20      0.00      0.80      0.80      0.80      0.00      0.00      0.00      0.00      0.00
21:04:41         2.40      0.00      0.60      0.60      0.60      0.00      0.00      0.00      0.00      0.00
21:04:46         4.80      0.00      1.20      1.20      1.20      0.00      0.00      0.00      0.00      0.00
21:04:51         2.40      0.00      0.60      0.60      0.60      0.00      0.00      0.00      0.00      0.00
21:04:56         2.40      0.00      0.60      0.60      0.60      0.00      0.00      0.00      0.00      0.00
21:05:01         4.00      0.00      1.00      1.00      1.00      0.00      0.00      0.00      0.00      0.00
21:05:06         3.20      0.00      0.80      0.80      0.80      0.00      0.00      0.00      0.00      0.00
21:05:11         2.40   2503.20      0.60      0.60     18.80      0.00      0.00      0.00      0.00      0.00
21:05:16         3.20   6376.80      0.80      0.80     48.60      0.00      0.00      0.00      0.00      0.00
21:05:21         3.20   7888.80      0.80      0.80     59.20      0.00      0.00      0.00      0.00      0.00
21:05:26         3.20   3064.00      0.80      0.80     23.40      0.00      0.00      0.00      0.00      0.00
21:05:31         3.20   3018.40      0.80      0.80     22.80      0.00      0.00      0.00      0.00      0.00
21:05:36         3.20      1.60      0.80      0.80      0.80      0.00      0.00      0.00      0.00      0.00
21:05:41         3.20   3900.80      0.80      0.80     28.40      0.00      0.00      0.00      0.00      0.00
21:05:46         0.80   7834.40      0.20      0.20     57.00      0.00      0.00      0.00      0.00      0.00
21:05:51         3.20   6196.00      0.80      0.80     46.20      0.00      0.00      0.00      0.00      0.00
21:05:56         2.40   6420.00      0.60      0.60     47.40      0.00      0.00      0.00      0.00      0.00
21:06:01         3.20   8039.20      0.80      0.80     59.40      0.00      0.00      0.00      0.00      0.00
21:06:06         3.20   6358.40      0.80      0.80     47.80      0.00      0.00      0.00      0.00      0.00
21:06:11         3.20   7965.60      0.80      0.80     59.00      0.00      0.00      0.00      0.00      0.00
21:06:16         3.20   6436.80      0.80      0.80     49.40      0.00      0.00      0.00      0.00      0.00
21:06:21         2.40   8036.80      0.60      0.60     59.40      0.00      0.00      0.00      0.00      0.00
21:06:26         4.00   6422.40      1.00      1.00     49.80      0.00      0.00      0.00      0.00      0.00
21:06:31         2.40   8020.80      0.60      0.60     61.60      0.00      0.00      0.00      0.00      0.00
21:06:36         3.20   7985.60      0.80      0.80     61.60      0.00      0.00      0.00      0.00      0.00
21:06:41         3.20   6388.00      0.80      0.80     49.20      0.00      0.00      0.00      0.00      0.00
21:06:46         2.40   7883.20      0.60      0.60     57.60      0.00      0.00      0.00      0.00      0.00
21:06:51         2.40   6388.00      0.60      0.60     49.00      0.00      0.00      0.00      0.00      0.00
21:06:56         2.40   6252.00      0.60      0.60     46.00      0.00      0.00      0.00      0.00      0.00
21:07:01         4.00    417.60      1.00      1.00      4.00      0.00      0.00      0.00      0.00      0.00
21:07:06         1.60   3921.60      0.40      0.40     27.80      0.00      0.00      0.00      0.00      0.00
21:07:11         2.40   1752.00      0.60      0.60     11.20      0.00      0.00      0.00      0.00      0.00
21:07:16         4.00   6093.60      1.00      1.00     45.80      0.00      0.00      0.00      0.00      0.00
21:07:21         2.40   7500.80      0.60      0.60     56.40      0.00      0.00      0.00      0.00      0.00
21:07:26         4.00   6090.40      1.00      1.00     46.60      0.00      0.00      0.00      0.00      0.00
21:07:31         2.40   7498.40      0.60      0.60     56.20      0.00      0.00      0.00      0.00      0.00
21:07:36         3.20   7347.20      0.80      0.80     54.40      0.00      0.00      0.00      0.00      0.00
21:07:41         4.00   6184.00      1.00      1.00     47.00      0.00      0.00      0.00      0.00      0.00
21:07:46         2.40   7430.40      0.60      0.60     55.80      0.00      0.00      0.00      0.00      0.00
21:07:51         2.40   6019.20      0.60      0.60     45.80      0.00      0.00      0.00      0.00      0.00
21:07:56         1.60   7025.60      0.40      0.40     53.20      0.00      0.00      0.00      0.00      0.00
21:08:01         3.20   5821.60      0.80      0.80     44.00      0.00      0.00      0.00      0.00      0.00
21:08:06         3.20   7259.20      0.80      0.80     54.00      0.00      0.00      0.00      0.00      0.00
21:08:11         2.40   5859.20      0.60      0.60     43.60      0.00      0.00      0.00      0.00      0.00
21:08:16    244055.20 241179.20 115953.20  61014.20  59600.80  74753.00   3818.80 118255.20      0.00      0.00
21:08:21         4.00   7262.40      1.00      1.00     51.00      0.00      0.00      0.00      0.00      0.00
21:08:26         2.40   2251.20      0.60      0.60     17.20      0.00      0.00      0.00      0.00      0.00
21:08:31         3.20      0.00      0.80      0.80      0.80      0.00      0.00      0.00      0.00      0.00
21:08:36         0.80      0.00      0.20      0.20      0.20      0.00      0.00      0.00      0.00      0.00
21:08:41         3.20      0.00      0.80      0.80      0.80      0.00      0.00      0.00      0.00      0.00
21:08:46         2.40      0.00      0.60      0.60      0.60      0.00      0.00      0.00      0.00      0.00
21:08:51    169407.20 169741.60  46381.60  42358.40  42698.20 109534.80  46103.20  85109.60      0.00      0.00
21:08:56         4.00      0.00      1.20      1.00      0.80      0.00      0.00      0.00      0.00      0.00
21:09:01         3.20      0.00      0.80      0.80      0.80      0.00      0.00      0.00      0.00      0.00
21:09:06         2.40      0.00      0.60      0.60      0.60      0.00      0.00      0.00      0.00      0.00
21:09:11         3.20      0.00      0.80      0.80      0.80      0.00      0.00      0.00      0.00      0.00
21:09:16         2.40      0.00      0.60      0.60      0.60      0.00      0.00      0.00      0.00      0.00
21:09:21         2.40      0.00      0.60      0.60      0.60      0.00      0.00      0.00      0.00      0.00
21:09:26         2.40      0.00      0.60      0.60      0.60      0.00      0.00      0.00      0.00      0.00
21:09:31         3.20      0.00      0.80      0.80      0.80      0.00      0.00      0.00      0.00      0.00
21:09:36         2.40      0.00      0.60      0.60      0.60      0.00      0.00      0.00      0.00      0.00
21:09:41         3.20      0.00      0.80      0.80      0.80      0.00      0.00      0.00      0.00      0.00
21:09:46         3.20      0.00      0.80      0.80      0.80      0.00      0.00      0.00      0.00      0.00
21:09:51         1.60      0.00      0.40      0.40      0.40      0.00      0.00      0.00      0.00      0.00
21:09:56         0.80      0.00      0.20      0.20      0.20      0.00      0.00      0.00      0.00      0.00
21:10:01     37192.80  34768.80   9421.00   9298.40   8693.20  12626.20    894.60  17364.00      0.00      0.00
21:10:06         2.40      0.00      0.60      0.60      0.60      0.00      0.00     20.40      0.00      0.00
21:10:11         2.40      0.00      0.60      0.60      0.60      0.00      0.00      0.00      0.00      0.00
21:10:16         4.00      0.00      1.00      1.00      1.00      0.00      0.00      0.00      0.00      0.00
21:10:21         2.40      0.00      0.60      0.60      0.60      0.00      0.00      0.00      0.00      0.00
21:10:26         2.40      0.00      0.60      0.60      0.60      0.00      0.00      0.00      0.00      0.00
21:10:31         3.20      0.00      0.80      0.80      0.80      0.00      0.00      0.00      0.00      0.00
21:10:36         4.00      0.00      1.00      1.00      1.00      0.00      0.00      0.00      0.00      0.00
21:10:41         3.19      0.00      0.80      0.80      0.80      0.00      0.00      0.00      0.00      0.00
21:10:46         1.60      0.00      0.40      0.40      0.40      0.00      0.00      0.00      0.00      0.00
21:10:51         3.20      0.00      0.80      0.80      0.80      0.00      0.00      0.00      0.00      0.00
21:10:56         2.40      0.00      0.60      0.60      0.60      0.00      0.00      0.00      0.00      0.00
21:11:01         2.40      0.00      0.60      0.60      0.60      0.00      0.00      0.00      0.00      0.00
21:11:06         3.20      0.00      0.80      0.80      0.80      0.00      0.00      0.00      0.00      0.00
21:11:11         3.20      0.00      0.80      0.80      0.80      0.00      0.00      0.00      0.00      0.00
21:11:16         3.20   6053.60      0.80      0.80     23.60      0.00      0.00      0.00      0.00      0.00
21:11:21         3.20   5300.80      0.80      0.80     39.40      0.00      0.00      0.00      0.00      0.00
21:11:26         3.20   6991.20      0.80      0.80     52.80      0.00      0.00      0.00      0.00      0.00
21:11:31         1.60   6089.60      0.40      0.40     46.20      0.00      0.00      0.00      0.00      0.00
21:11:36         0.80   6223.20      0.20      0.20     47.00      0.00      0.00      0.00      0.00      0.00
21:11:41         2.40   7816.80      0.60      0.60     59.80      0.00      0.00      0.00      0.00      0.00
21:11:46         1.60   6263.20      0.40      0.40     47.40      0.00      0.00      0.00      0.00      0.00
21:11:51         2.40   3700.80      0.60      0.60     27.80      0.00      0.00      0.00      0.00      0.00
21:11:56         0.80   6061.60      0.20      0.20     45.60      0.00      0.00      0.00      0.00      0.00
21:12:01         1.60   7920.80      0.40      0.40     60.60      0.00      0.00      0.00      0.00      0.00
21:12:06         1.60   7756.80      0.40      0.40     58.80      0.00      0.00      0.00      0.00      0.00
21:12:11         1.60   6195.20      0.40      0.40     46.80      0.00      0.00      0.00      0.00      0.00
21:12:16         2.40   7757.60      0.60      0.60     58.80      0.00      0.00      0.00      0.00      0.00
21:12:21         1.60   6192.80      0.40      0.40     46.40      0.00      0.00      0.00      0.00      0.00
21:12:26         3.20   7590.40      0.80      0.80     56.00      0.00      0.00      0.00      0.00      0.00
21:12:31         2.40   6173.60      0.60      0.60     45.20      0.00      0.00      0.00      0.00      0.00
21:12:36         3.20   7721.60      0.80      0.80     56.60      0.00      0.00      0.00      0.00      0.00
21:12:41         2.40   4508.80      0.60      0.60     33.40      0.00      0.00      0.00      0.00      0.00
21:12:46         4.00      0.00      1.00      1.00      1.00      0.00      0.00      0.00      0.00      0.00
21:12:51         3.20   5014.40      0.80      0.80     36.60      0.00      0.00      0.00      0.00      0.00
21:12:56         3.20   5598.40      0.80      0.80     41.40      0.00      0.00      0.00      0.00      0.00
21:13:01         3.20   7308.00      0.80      0.80     56.40      0.00      0.00      0.00      0.00      0.00
21:13:06         3.20   7267.20      0.80      0.80     54.80      0.00      0.00      0.00      0.00      0.00
21:13:11         2.40   5500.80      0.60      0.60     41.60      0.00      0.00      0.00      0.00      0.00
21:13:16         2.40   6145.60      0.60      0.60     45.60      0.00      0.00      0.00      0.00      0.00
21:13:21         4.00   5404.00      1.00      1.00     40.40      0.00      0.00      0.00      0.00      0.00
21:13:26         1.60   6515.20      0.40      0.40     49.00      0.00      0.00      0.00      0.00      0.00
21:13:31         2.40   5076.80      0.60      0.60     38.20      0.00      0.00      0.00      0.00      0.00
21:13:36         4.00   7012.00      1.00      1.00     53.20      0.00      0.00      0.00      0.00      0.00
21:13:41         2.40   6198.40      0.60      0.60     46.20      0.00      0.00      0.00      0.00      0.00
21:13:46         3.20   5333.60      0.80      0.80     40.80      0.00      0.00      0.00      0.00      0.00
21:13:51         0.80   5051.20      0.20      0.20     37.40      0.00      0.00      0.00      0.00      0.00

Average:      7136.87  10015.00   3611.56   1784.40   1831.36   3465.97   1278.63   3600.26      0.00      0.00
