Linux 7.2.0-rc5-virtme (virtme-ng) 	07/31/26 	_x86_64_	(12 CPU)

20:13:55      %sio-10   %sio-60  %sio-300      %sio   %fio-10   %fio-60  %fio-300      %fio
20:14:00         0.00      0.01      0.00      0.01      0.00      0.00      0.00      0.01
20:14:05         0.00      0.01      0.00      0.00      0.00      0.00      0.00      0.00
20:14:10         0.00      0.00      0.00      0.00      0.00      0.00      0.00      0.00
20:14:15         0.00      0.00      0.00      0.00      0.00      0.00      0.00      0.00
20:14:20         0.00      0.00      0.00      0.00      0.00      0.00      0.00      0.00
20:14:25         0.00      0.00      0.00      0.00      0.00      0.00      0.00      0.00
20:14:30         0.00      0.00      0.00      0.00      0.00      0.00      0.00      0.00
20:14:35         0.00      0.00      0.00      0.00      0.00      0.00      0.00      0.00
20:14:40         0.00      0.00      0.00      0.00      0.00      0.00      0.00      0.00
20:14:45         0.00      0.00      0.00      0.00      0.00      0.00      0.00      0.00
20:14:50         0.00      0.00      0.00      0.00      0.00      0.00      0.00      0.00
20:14:55         0.00      0.00      0.00      0.00      0.00      0.00      0.00      0.00
20:15:00         0.00      0.00      0.00      0.00      0.00      0.00      0.00      0.00
20:15:05         0.00      0.00      0.00      0.00      0.00      0.00      0.00      0.00
20:15:10         0.00      0.00      0.00      0.00      0.00      0.00      0.00      0.00
20:15:15         0.00      0.00      0.00      0.00      0.00      0.00      0.00      0.00
20:15:20         0.00      0.00      0.00      0.00      0.00      0.00      0.00      0.00
20:15:25         0.00      0.00      0.00      0.00      0.00      0.00      0.00      0.00
20:15:30         0.00      0.00      0.00      0.00      0.00      0.00      0.00      0.00
20:15:35         0.00      0.00      0.00      0.00      0.00      0.00      0.00      0.00
20:15:40         0.00      0.00      0.00      0.00      0.00      0.00      0.00      0.00
20:15:45         0.00      0.00      0.00      0.00      0.00      0.00      0.00      0.00
20:15:50         0.00      0.00      0.00      0.01      0.00      0.00      0.00      0.01
20:15:55         0.00      0.00      0.00      0.00      0.00      0.00      0.00      0.00
20:16:00         0.00      0.00      0.00      0.00      0.00      0.00      0.00      0.00
20:16:05         0.00      0.00      0.00      0.00      0.00      0.00      0.00      0.00
20:16:10         0.00      0.00      0.00      0.00      0.00      0.00      0.00      0.00
20:16:15         0.00      0.00      0.00      0.00      0.00      0.00      0.00      0.00
20:16:20         0.00      0.00      0.00      0.00      0.00      0.00      0.00      0.00
20:16:25         0.00      0.00      0.00      0.00      0.00      0.00      0.00      0.00
20:16:30         0.00      0.00      0.00      0.00      0.00      0.00      0.00      0.00
20:16:35         0.00      0.00      0.00      0.00      0.00      0.00      0.00      0.00
20:16:40         0.00      0.00      0.00      0.00      0.00      0.00      0.00      0.00
20:16:45         0.00      0.00      0.00      0.00      0.00      0.00      0.00      0.00
20:16:50         0.00      0.00      0.00      0.00      0.00      0.00      0.00      0.00
20:16:55         0.00      0.00      0.00      0.00      0.00      0.00      0.00      0.00
20:17:00         0.00      0.00      0.00      0.00      0.00      0.00      0.00      0.00
20:17:05         0.00      0.00      0.00      0.00      0.00      0.00      0.00      0.00
20:17:10         0.00      0.00      0.00      0.00      0.00      0.00      0.00      0.00
20:17:15         0.00      0.00      0.00      0.00      0.00      0.00      0.00      0.00
20:17:20         0.00      0.00      0.00      0.00      0.00      0.00      0.00      0.00
20:17:25         0.00      0.00      0.00      0.00      0.00      0.00      0.00      0.00
20:17:30         0.00      0.00      0.00      0.00      0.00      0.00      0.00      0.00
20:17:35         0.00      0.00      0.00      0.00      0.00      0.00      0.00      0.00
20:17:40         0.00      0.00      0.00      0.00      0.00      0.00      0.00      0.00
20:17:45         0.00      0.00      0.00      0.00      0.00      0.00      0.00      0.00
20:17:50         0.00      0.00      0.00      0.00      0.00      0.00      0.00      0.00
20:17:55         0.00      0.00      0.00      0.00      0.00      0.00      0.00      0.00
20:18:00         0.00      0.00      0.00      0.00      0.00      0.00      0.00      0.00
20:18:05         0.00      0.00      0.00      0.00      0.00      0.00      0.00      0.00
20:18:10         0.00      0.00      0.00      0.00      0.00      0.00      0.00      0.00
20:18:15         0.00      0.00      0.00      0.00      0.00      0.00      0.00      0.00
20:18:20         0.00      0.00      0.00      0.00      0.00      0.00      0.00      0.00
20:18:25         0.00      0.00      0.00      0.00      0.00      0.00      0.00      0.00
20:18:30         0.00      0.00      0.00      0.00      0.00      0.00      0.00      0.00
20:18:35         0.00      0.00      0.00      0.00      0.00      0.00      0.00      0.00
20:18:40         0.00      0.00      0.00      0.00      0.00      0.00      0.00      0.00
20:18:45         0.00      0.00      0.00      0.00      0.00      0.00      0.00      0.00
20:18:50         0.00      0.00      0.00      0.00      0.00      0.00      0.00      0.00
20:18:55         0.00      0.00      0.00      0.00      0.00      0.00      0.00      0.00
20:19:00         0.00      0.00      0.00      0.00      0.00      0.00      0.00      0.00
20:19:05         0.00      0.00      0.00      0.00      0.00      0.00      0.00      0.00
20:19:10         0.00      0.00      0.00      0.00      0.00      0.00      0.00      0.00
20:19:15         0.00      0.00      0.00      0.00      0.00      0.00      0.00      0.00
20:19:20         0.00      0.00      0.00      0.00      0.00      0.00      0.00      0.00
20:19:25         0.00      0.00      0.00      0.00      0.00      0.00      0.00      0.00
20:19:30         0.00      0.00      0.00      0.00      0.00      0.00      0.00      0.00
20:19:35         0.00      0.00      0.00      0.00      0.00      0.00      0.00      0.00
20:19:40         0.00      0.00      0.00      0.00      0.00      0.00      0.00      0.00
20:19:45         0.00      0.00      0.00      0.00      0.00      0.00      0.00      0.00
20:19:50         0.00      0.00      0.00      0.00      0.00      0.00      0.00      0.00
20:19:55         0.00      0.00      0.00      0.00      0.00      0.00      0.00      0.00
20:20:00         0.00      0.00      0.00      0.00      0.00      0.00      0.00      0.00
20:20:05         0.00      0.00      0.00      0.00      0.00      0.00      0.00      0.00
20:20:10         0.00      0.00      0.00      0.00      0.00      0.00      0.00      0.00
20:20:15         0.00      0.00      0.00      0.00      0.00      0.00      0.00      0.00
20:20:20         0.00      0.00      0.00      0.00      0.00      0.00      0.00      0.00
20:20:25         0.00      0.00      0.00      0.00      0.00      0.00      0.00      0.00
20:20:30         0.00      0.00      0.00      0.00      0.00      0.00      0.00      0.00
20:20:36         0.00      0.00      0.00      0.00      0.00      0.00      0.00      0.00
20:20:41         0.00      0.00      0.00      0.00      0.00      0.00      0.00      0.00
20:20:46         0.00      0.00      0.00      0.00      0.00      0.00      0.00      0.00
20:20:51         0.00      0.00      0.00      0.00      0.00      0.00      0.00      0.00
20:20:56         0.00      0.00      0.00      0.00      0.00      0.00      0.00      0.00
20:21:01         0.00      0.00      0.00      0.00      0.00      0.00      0.00      0.00
20:21:06         0.00      0.00      0.00      0.00      0.00      0.00      0.00      0.00
20:21:11         0.00      0.00      0.00      0.00      0.00      0.00      0.00      0.00
20:21:16         0.00      0.00      0.00      0.00      0.00      0.00      0.00      0.00
20:21:21         0.00      0.00      0.00      0.00      0.00      0.00      0.00      0.00
20:21:26         0.00      0.00      0.00      0.00      0.00      0.00      0.00      0.00
20:21:31         0.00      0.00      0.00      0.00      0.00      0.00      0.00      0.00
20:21:36         0.00      0.00      0.00      0.00      0.00      0.00      0.00      0.00
20:21:41         0.00      0.00      0.00      0.00      0.00      0.00      0.00      0.00
20:21:46         0.00      0.00      0.00      0.00      0.00      0.00      0.00      0.00
20:21:51         0.00      0.00      0.00      0.01      0.00      0.00      0.00      0.01
20:21:56         0.00      0.00      0.00      0.00      0.00      0.00      0.00      0.00
20:22:01         0.00      0.00      0.00      0.00      0.00      0.00      0.00      0.00
20:22:06         0.00      0.00      0.00      0.00      0.00      0.00      0.00      0.00
20:22:11         0.00      0.00      0.00      0.00      0.00      0.00      0.00      0.00
20:22:16         0.00      0.00      0.00      0.00      0.00      0.00      0.00      0.00
20:22:21         0.00      0.00      0.00      0.00      0.00      0.00      0.00      0.00
20:22:26         0.00      0.00      0.00      0.00      0.00      0.00      0.00      0.00
20:22:31         0.00      0.00      0.00      0.00      0.00      0.00      0.00      0.00
20:22:36         0.00      0.00      0.00      0.00      0.00      0.00      0.00      0.00
20:22:41         0.00      0.00      0.00      0.00      0.00      0.00      0.00      0.00
20:22:46         0.00      0.00      0.00      0.00      0.00      0.00      0.00      0.00
20:22:51         0.00      0.00      0.00      0.00      0.00      0.00      0.00      0.00
20:22:56         0.00      0.00      0.00      0.00      0.00      0.00      0.00      0.00
20:23:01         0.00      0.00      0.00      0.00      0.00      0.00      0.00      0.00
20:23:06         0.00      0.00      0.00      0.00      0.00      0.00      0.00      0.00
20:23:11         0.00      0.00      0.00      0.00      0.00      0.00      0.00      0.00
20:23:16         0.00      0.00      0.00      0.00      0.00      0.00      0.00      0.00
20:23:21         0.00      0.00      0.00      0.00      0.00      0.00      0.00      0.00
20:23:26         0.00      0.00      0.00      0.00      0.00      0.00      0.00      0.00
20:23:31         0.00      0.00      0.00      0.00      0.00      0.00      0.00      0.00
20:23:36         0.00      0.00      0.00      0.00      0.00      0.00      0.00      0.00
20:23:41         0.00      0.00      0.00      0.00      0.00      0.00      0.00      0.00
20:23:46         0.00      0.00      0.00      0.00      0.00      0.00      0.00      0.00
20:23:51         0.00      0.00      0.00      0.00      0.00      0.00      0.00      0.00
20:23:56         0.00      0.00      0.00      0.00      0.00      0.00      0.00      0.00
20:24:01         0.00      0.00      0.00      0.00      0.00      0.00      0.00      0.00
20:24:06         0.00      0.00      0.00      0.00      0.00      0.00      0.00      0.00
20:24:11         0.00      0.00      0.00      0.00      0.00      0.00      0.00      0.00
20:24:16         0.00      0.00      0.00      0.00      0.00      0.00      0.00      0.00
20:24:21         0.00      0.00      0.00      0.00      0.00      0.00      0.00      0.00
20:24:26         0.00      0.00      0.00      0.00      0.00      0.00      0.00      0.00
20:24:31         0.00      0.00      0.00      0.00      0.00      0.00      0.00      0.00
20:24:36         0.00      0.00      0.00      0.00      0.00      0.00      0.00      0.00
20:24:41         0.00      0.00      0.00      0.00      0.00      0.00      0.00      0.00
20:24:46         0.00      0.00      0.00      0.00      0.00      0.00      0.00      0.00
20:24:51         0.00      0.00      0.00      0.00      0.00      0.00      0.00      0.00
20:24:56         0.00      0.00      0.00      0.00      0.00      0.00      0.00      0.00
20:25:01         0.00      0.00      0.00      0.00      0.00      0.00      0.00      0.00
20:25:06         0.00      0.00      0.00      0.00      0.00      0.00      0.00      0.00
20:25:11         0.00      0.00      0.00      0.00      0.00      0.00      0.00      0.00
20:25:16         0.00      0.00      0.00      0.00      0.00      0.00      0.00      0.00
20:25:21         0.00      0.00      0.00      0.00      0.00      0.00      0.00      0.00
20:25:26         0.00      0.00      0.00      0.00      0.00      0.00      0.00      0.00
20:25:31         0.00      0.00      0.00      0.00      0.00      0.00      0.00      0.00
20:25:36         0.00      0.00      0.00      0.00      0.00      0.00      0.00      0.00
20:25:41         0.00      0.00      0.00      0.00      0.00      0.00      0.00      0.00
20:25:46         0.00      0.00      0.00      0.00      0.00      0.00      0.00      0.00
20:25:51         0.00      0.00      0.00      0.00      0.00      0.00      0.00      0.00
20:25:56         0.00      0.00      0.00      0.00      0.00      0.00      0.00      0.00
20:26:01         0.00      0.00      0.00      0.01      0.00      0.00      0.00      0.01
20:26:06         0.00      0.00      0.00      0.00      0.00      0.00      0.00      0.00
20:26:11         0.00      0.00      0.00      0.00      0.00      0.00      0.00      0.00
20:26:16         0.00      0.00      0.00      0.00      0.00      0.00      0.00      0.00
20:26:21         0.00      0.00      0.00      0.00      0.00      0.00      0.00      0.00
20:26:26         0.00      0.00      0.00      0.00      0.00      0.00      0.00      0.00
20:26:31         0.00      0.00      0.00      0.00      0.00      0.00      0.00      0.00
20:26:36         0.00      0.00      0.00      0.00      0.00      0.00      0.00      0.00
20:26:41         0.00      0.00      0.00      0.00      0.00      0.00      0.00      0.00
20:26:46         0.00      0.00      0.00      0.00      0.00      0.00      0.00      0.00
20:26:51         0.00      0.00      0.00      0.00      0.00      0.00      0.00      0.00
20:26:56         0.00      0.00      0.00      0.00      0.00      0.00      0.00      0.00
20:27:01         0.00      0.00      0.00      0.00      0.00      0.00      0.00      0.00
20:27:06         0.00      0.00      0.00      0.00      0.00      0.00      0.00      0.00
20:27:11         0.00      0.00      0.00      0.00      0.00      0.00      0.00      0.00
20:27:16         0.00      0.00      0.00      0.00      0.00      0.00      0.00      0.00
20:27:21         0.00      0.00      0.00      0.00      0.00      0.00      0.00      0.00
20:27:26         0.00      0.00      0.00      0.00      0.00      0.00      0.00      0.00
20:27:31         0.00      0.00      0.00      0.00      0.00      0.00      0.00      0.00
20:27:36         0.00      0.00      0.00      0.00      0.00      0.00      0.00      0.00
20:27:41         0.00      0.00      0.00      0.00      0.00      0.00      0.00      0.00
20:27:46         0.00      0.00      0.00      0.00      0.00      0.00      0.00      0.00
20:27:51         0.00      0.00      0.00      0.01      0.00      0.00      0.00      0.01
20:27:56         0.00      0.00      0.00      0.00      0.00      0.00      0.00      0.00
20:28:01         0.00      0.00      0.00      0.00      0.00      0.00      0.00      0.00
20:28:06         0.00      0.00      0.00      0.00      0.00      0.00      0.00      0.00
20:28:11         0.00      0.00      0.00      0.00      0.00      0.00      0.00      0.00
20:28:16         0.00      0.00      0.00      0.00      0.00      0.00      0.00      0.00
20:28:21         0.00      0.00      0.00      0.00      0.00      0.00      0.00      0.00
20:28:26         0.00      0.00      0.00      0.00      0.00      0.00      0.00      0.00
20:28:31         0.00      0.00      0.00      0.00      0.00      0.00      0.00      0.00
20:28:36         0.00      0.00      0.00      0.00      0.00      0.00      0.00      0.00
20:28:41         0.00      0.00      0.00      0.00      0.00      0.00      0.00      0.00
20:28:46         0.00      0.00      0.00      0.00      0.00      0.00      0.00      0.00
20:28:51         0.00      0.00      0.00      0.00      0.00      0.00      0.00      0.00
20:28:56         0.00      0.00      0.00      0.00      0.00      0.00      0.00      0.00
20:29:01         0.00      0.00      0.00      0.00      0.00      0.00      0.00      0.00
20:29:06         0.00      0.00      0.00      0.00      0.00      0.00      0.00      0.00
20:29:11         0.00      0.00      0.00      0.00      0.00      0.00      0.00      0.00
20:29:16         0.00      0.00      0.00      0.00      0.00      0.00      0.00      0.00
20:29:21         0.00      0.00      0.00      0.00      0.00      0.00      0.00      0.00
20:29:26         0.00      0.00      0.00      0.00      0.00      0.00      0.00      0.00
20:29:31         0.00      0.00      0.00      0.00      0.00      0.00      0.00      0.00
20:29:36         0.00      0.00      0.00      0.00      0.00      0.00      0.00      0.00
20:29:41         0.00      0.00      0.00      0.00      0.00      0.00      0.00      0.00
20:29:46         0.00      0.00      0.00      0.00      0.00      0.00      0.00      0.00
20:29:51         0.00      0.00      0.00      0.00      0.00      0.00      0.00      0.00
20:29:56         0.00      0.00      0.00      0.00      0.00      0.00      0.00      0.00
20:30:01         0.00      0.00      0.00      0.00      0.00      0.00      0.00      0.00
20:30:06         0.00      0.00      0.00      0.00      0.00      0.00      0.00      0.00
20:30:11         0.00      0.00      0.00      0.00      0.00      0.00      0.00      0.00
20:30:16         0.00      0.00      0.00      0.00      0.00      0.00      0.00      0.00
20:30:21         0.00      0.00      0.00      0.00      0.00      0.00      0.00      0.00
20:30:26         0.00      0.00      0.00      0.00      0.00      0.00      0.00      0.00
20:30:31         0.00      0.00      0.00      0.00      0.00      0.00      0.00      0.00
20:30:36         0.00      0.00      0.00      0.00      0.00      0.00      0.00      0.00
20:30:41         0.00      0.00      0.00      0.00      0.00      0.00      0.00      0.00
20:30:46         0.00      0.00      0.00      0.00      0.00      0.00      0.00      0.00
20:30:51         0.00      0.00      0.00      0.00      0.00      0.00      0.00      0.00
20:30:56         0.00      0.00      0.00      0.00      0.00      0.00      0.00      0.00
20:31:01         0.00      0.00      0.00      0.00      0.00      0.00      0.00      0.00
20:31:06         0.00      0.00      0.00      0.00      0.00      0.00      0.00      0.00
20:31:11         0.00      0.00      0.00      0.00      0.00      0.00      0.00      0.00
20:31:16         0.00      0.00      0.00      0.00      0.00      0.00      0.00      0.00
20:31:21         0.00      0.00      0.00      0.00      0.00      0.00      0.00      0.00
20:31:26         0.00      0.00      0.00      0.00      0.00      0.00      0.00      0.00
20:31:31         0.00      0.00      0.00      0.00      0.00      0.00      0.00      0.00
20:31:36         0.00      0.00      0.00      0.00      0.00      0.00      0.00      0.00
20:31:41         0.00      0.00      0.00      0.00      0.00      0.00      0.00      0.00
20:31:46         0.00      0.00      0.00      0.00      0.00      0.00      0.00      0.00
20:31:51         0.00      0.00      0.00      0.00      0.00      0.00      0.00      0.00
20:31:56         0.00      0.00      0.00      0.00      0.00      0.00      0.00      0.00
20:32:01         0.00      0.00      0.00      0.00      0.00      0.00      0.00      0.00
20:32:06         0.00      0.00      0.00      0.00      0.00      0.00      0.00      0.00
20:32:11         0.00      0.00      0.00      0.00      0.00      0.00      0.00      0.00
20:32:16         0.00      0.00      0.00      0.00      0.00      0.00      0.00      0.00
20:32:21         0.00      0.00      0.00      0.00      0.00      0.00      0.00      0.00
20:32:26         0.00      0.00      0.00      0.00      0.00      0.00      0.00      0.00
20:32:31         0.00      0.00      0.00      0.00      0.00      0.00      0.00      0.00
20:32:36         0.00      0.00      0.00      0.00      0.00      0.00      0.00      0.00
20:32:41         0.00      0.00      0.00      0.00      0.00      0.00      0.00      0.00
20:32:46         0.00      0.00      0.00      0.00      0.00      0.00      0.00      0.00
20:32:51         0.00      0.00      0.00      0.00      0.00      0.00      0.00      0.00
20:32:56         0.00      0.00      0.00      0.00      0.00      0.00      0.00      0.00
20:33:01         0.00      0.00      0.00      0.00      0.00      0.00      0.00      0.00
20:33:06         0.00      0.00      0.00      0.00      0.00      0.00      0.00      0.00
20:33:11         0.00      0.00      0.00      0.00      0.00      0.00      0.00      0.00
20:33:16         0.00      0.00      0.00      0.00      0.00      0.00      0.00      0.00
20:33:21         0.00      0.00      0.00      0.00      0.00      0.00      0.00      0.00
20:33:26         0.00      0.00      0.00      0.00      0.00      0.00      0.00      0.00
20:33:31         0.00      0.00      0.00      0.00      0.00      0.00      0.00      0.00
20:33:36         0.00      0.00      0.00      0.00      0.00      0.00      0.00      0.00
20:33:41         0.00      0.00      0.00      0.00      0.00      0.00      0.00      0.00
20:33:46         0.00      0.00      0.00      0.00      0.00      0.00      0.00      0.00
20:33:51         0.00      0.00      0.00      0.00      0.00      0.00      0.00      0.00
20:33:56         0.00      0.00      0.00      0.00      0.00      0.00      0.00      0.00
20:34:01         0.00      0.00      0.00      0.00      0.00      0.00      0.00      0.00
20:34:06         0.00      0.00      0.00      0.00      0.00      0.00      0.00      0.00
20:34:11         0.00      0.00      0.00      0.00      0.00      0.00      0.00      0.00
20:34:16         0.00      0.00      0.00      0.00      0.00      0.00      0.00      0.00
20:34:21         0.00      0.00      0.00      0.00      0.00      0.00      0.00      0.00
20:34:26         0.00      0.00      0.00      0.00      0.00      0.00      0.00      0.00
20:34:31         0.00      0.00      0.00      0.00      0.00      0.00      0.00      0.00
20:34:36         0.00      0.00      0.00      0.00      0.00      0.00      0.00      0.00
20:34:41         0.00      0.00      0.00      0.00      0.00      0.00      0.00      0.00
20:34:46         0.00      0.00      0.00      0.00      0.00      0.00      0.00      0.00
20:34:51         0.00      0.00      0.00      0.00      0.00      0.00      0.00      0.00
20:34:56         0.00      0.00      0.00      0.00      0.00      0.00      0.00      0.00
20:35:01         0.00      0.00      0.00      0.00      0.00      0.00      0.00      0.00
20:35:06         0.00      0.00      0.00      0.00      0.00      0.00      0.00      0.00
20:35:11         0.00      0.00      0.00      0.00      0.00      0.00      0.00      0.00
20:35:16         0.00      0.00      0.00      0.00      0.00      0.00      0.00      0.00
20:35:21         0.00      0.00      0.00      0.00      0.00      0.00      0.00      0.00
20:35:26         0.00      0.00      0.00      0.00      0.00      0.00      0.00      0.00
20:35:31         0.00      0.00      0.00      0.00      0.00      0.00      0.00      0.00
20:35:36         0.00      0.00      0.00      0.00      0.00      0.00      0.00      0.00
20:35:41         0.00      0.00      0.00      0.00      0.00      0.00      0.00      0.00
20:35:46         0.00      0.00      0.00      0.00      0.00      0.00      0.00      0.00
20:35:51         0.00      0.00      0.00      0.00      0.00      0.00      0.00      0.00
20:35:56         0.00      0.00      0.00      0.00      0.00      0.00      0.00      0.00
20:36:01         0.00      0.00      0.00      0.00      0.00      0.00      0.00      0.00
20:36:06         0.00      0.00      0.00      0.00      0.00      0.00      0.00      0.00
20:36:11         0.00      0.00      0.00      0.00      0.00      0.00      0.00      0.00
20:36:16         0.00      0.00      0.00      0.00      0.00      0.00      0.00      0.00
20:36:21         0.00      0.00      0.00      0.00      0.00      0.00      0.00      0.00
20:36:26         0.00      0.00      0.00      0.00      0.00      0.00      0.00      0.00
20:36:31         0.00      0.00      0.00      0.00      0.00      0.00      0.00      0.00
20:36:36         0.00      0.00      0.00      0.00      0.00      0.00      0.00      0.00
20:36:41         0.00      0.00      0.00      0.00      0.00      0.00      0.00      0.00
20:36:46         0.00      0.00      0.00      0.00      0.00      0.00      0.00      0.00
20:36:51         0.00      0.00      0.00      0.00      0.00      0.00      0.00      0.00
20:36:56         0.00      0.00      0.00      0.00      0.00      0.00      0.00      0.00
20:37:01         0.00      0.00      0.00      0.00      0.00      0.00      0.00      0.00
20:37:06         0.00      0.00      0.00      0.00      0.00      0.00      0.00      0.00
20:37:11         0.00      0.00      0.00      0.00      0.00      0.00      0.00      0.00
20:37:16         0.00      0.00      0.00      0.00      0.00      0.00      0.00      0.00
20:37:21         0.00      0.00      0.00      0.00      0.00      0.00      0.00      0.00
20:37:26         0.00      0.00      0.00      0.00      0.00      0.00      0.00      0.00
20:37:31         0.00      0.00      0.00      0.00      0.00      0.00      0.00      0.00
20:37:36         0.00      0.00      0.00      0.00      0.00      0.00      0.00      0.00
20:37:41         0.00      0.00      0.00      0.00      0.00      0.00      0.00      0.00
20:37:46         0.00      0.00      0.00      0.00      0.00      0.00      0.00      0.00
20:37:51         0.00      0.00      0.00      0.00      0.00      0.00      0.00      0.00
20:37:56         0.00      0.00      0.00      0.00      0.00      0.00      0.00      0.00
20:38:01         0.00      0.00      0.00      0.00      0.00      0.00      0.00      0.00
20:38:06         0.00      0.00      0.00      0.01      0.00      0.00      0.00      0.01
20:38:11         0.00      0.00      0.00      0.00      0.00      0.00      0.00      0.00
20:38:16         0.00      0.00      0.00      0.00      0.00      0.00      0.00      0.00
20:38:21         0.00      0.00      0.00      0.00      0.00      0.00      0.00      0.00
20:38:26         0.00      0.00      0.00      0.00      0.00      0.00      0.00      0.00
20:38:31         0.00      0.00      0.00      0.00      0.00      0.00      0.00      0.00
20:38:36         0.00      0.00      0.00      0.00      0.00      0.00      0.00      0.00
20:38:41         0.00      0.00      0.00      0.01      0.00      0.00      0.00      0.01
20:38:46         0.00      0.00      0.00      0.00      0.00      0.00      0.00      0.00
20:38:51         0.00      0.00      0.00      0.00      0.00      0.00      0.00      0.00
20:38:56         0.00      0.00      0.00      0.00      0.00      0.00      0.00      0.00
20:39:01         0.00      0.00      0.00      0.00      0.00      0.00      0.00      0.00
20:39:06         0.00      0.00      0.00      0.00      0.00      0.00      0.00      0.00
20:39:11         0.00      0.00      0.00      0.00      0.00      0.00      0.00      0.00
20:39:16         0.00      0.00      0.00      0.00      0.00      0.00      0.00      0.00
20:39:21         0.00      0.00      0.00      0.00      0.00      0.00      0.00      0.00
20:39:26         0.00      0.00      0.00      0.00      0.00      0.00      0.00      0.00
20:39:31         0.00      0.00      0.00      0.00      0.00      0.00      0.00      0.00
20:39:36         0.00      0.00      0.00      0.00      0.00      0.00      0.00      0.00
20:39:41         0.00      0.00      0.00      0.00      0.00      0.00      0.00      0.00
20:39:46         0.00      0.00      0.00      0.00      0.00      0.00      0.00      0.00
20:39:51         0.00      0.00      0.00      0.00      0.00      0.00      0.00      0.00
20:39:56         0.00      0.00      0.00      0.01      0.00      0.00      0.00      0.01
20:40:01         0.00      0.00      0.00      0.00      0.00      0.00      0.00      0.00
20:40:06         0.00      0.00      0.00      0.00      0.00      0.00      0.00      0.00
20:40:11         0.00      0.00      0.00      0.00      0.00      0.00      0.00      0.00
20:40:16         0.00      0.00      0.00      0.00      0.00      0.00      0.00      0.00
20:40:21         0.00      0.00      0.00      0.00      0.00      0.00      0.00      0.00
20:40:26         0.00      0.00      0.00      0.00      0.00      0.00      0.00      0.00
20:40:31         0.00      0.00      0.00      0.00      0.00      0.00      0.00      0.00
20:40:36         0.00      0.00      0.00      0.00      0.00      0.00      0.00      0.00
20:40:41         0.00      0.00      0.00      0.00      0.00      0.00      0.00      0.00
20:40:46         0.00      0.00      0.00      0.00      0.00      0.00      0.00      0.00
20:40:51         0.00      0.00      0.00      0.00      0.00      0.00      0.00      0.00
20:40:56         0.00      0.00      0.00      0.00      0.00      0.00      0.00      0.00
20:41:01         0.00      0.00      0.00      0.00      0.00      0.00      0.00      0.00
20:41:06         0.00      0.00      0.00      0.00      0.00      0.00      0.00      0.00
20:41:11         0.00      0.00      0.00      0.00      0.00      0.00      0.00      0.00
20:41:16         0.00      0.00      0.00      0.00      0.00      0.00      0.00      0.00
20:41:21         0.00      0.00      0.00      0.00      0.00      0.00      0.00      0.00
20:41:26         0.00      0.00      0.00      0.00      0.00      0.00      0.00      0.00
20:41:31         0.00      0.00      0.00      0.00      0.00      0.00      0.00      0.00
20:41:36         0.00      0.00      0.00      0.00      0.00      0.00      0.00      0.00
20:41:41         0.00      0.00      0.00      0.00      0.00      0.00      0.00      0.00
20:41:46         0.00      0.00      0.00      0.00      0.00      0.00      0.00      0.00
20:41:51         0.00      0.00      0.00      0.00      0.00      0.00      0.00      0.00
20:41:56         0.00      0.00      0.00      0.00      0.00      0.00      0.00      0.00
20:42:01         0.00      0.00      0.00      0.00      0.00      0.00      0.00      0.00
20:42:06         0.00      0.00      0.00      0.00      0.00      0.00      0.00      0.00
20:42:11         0.00      0.00      0.00      0.00      0.00      0.00      0.00      0.00
20:42:16         0.00      0.00      0.00      0.00      0.00      0.00      0.00      0.00
20:42:21         0.00      0.00      0.00      0.00      0.00      0.00      0.00      0.00
20:42:26         0.00      0.00      0.00      0.00      0.00      0.00      0.00      0.00
20:42:31         0.00      0.00      0.00      0.00      0.00      0.00      0.00      0.00
20:42:36         0.00      0.00      0.00      0.00      0.00      0.00      0.00      0.00
20:42:41         0.00      0.00      0.00      0.00      0.00      0.00      0.00      0.00
20:42:46         0.00      0.00      0.00      0.00      0.00      0.00      0.00      0.00
20:42:51         0.00      0.00      0.00      0.00      0.00      0.00      0.00      0.00
20:42:56         0.00      0.00      0.00      0.00      0.00      0.00      0.00      0.00
20:43:01         0.00      0.00      0.00      0.00      0.00      0.00      0.00      0.00
20:43:06         0.00      0.00      0.00      0.00      0.00      0.00      0.00      0.00
20:43:11         0.00      0.00      0.00      0.00      0.00      0.00      0.00      0.00
20:43:16         0.00      0.00      0.00      0.00      0.00      0.00      0.00      0.00
20:43:21         0.00      0.00      0.00      0.00      0.00      0.00      0.00      0.00
20:43:26         0.00      0.00      0.00      0.00      0.00      0.00      0.00      0.00
20:43:31         0.00      0.00      0.00      0.00      0.00      0.00      0.00      0.00
20:43:36         0.00      0.00      0.00      0.00      0.00      0.00      0.00      0.00
20:43:41         0.00      0.00      0.00      0.00      0.00      0.00      0.00      0.00
20:43:46         0.00      0.00      0.00      0.00      0.00      0.00      0.00      0.00
20:43:51         0.00      0.00      0.00      0.00      0.00      0.00      0.00      0.00
20:43:56         0.00      0.00      0.00      0.00      0.00      0.00      0.00      0.00
20:44:01         0.00      0.00      0.00      0.00      0.00      0.00      0.00      0.00
20:44:06         0.00      0.00      0.00      0.01      0.00      0.00      0.00      0.01
20:44:11         0.00      0.00      0.00      0.00      0.00      0.00      0.00      0.00
20:44:16         0.00      0.00      0.00      0.00      0.00      0.00      0.00      0.00
20:44:21         0.00      0.00      0.00      0.00      0.00      0.00      0.00      0.00
20:44:26         0.00      0.00      0.00      0.00      0.00      0.00      0.00      0.00
20:44:31         0.00      0.00      0.00      0.00      0.00      0.00      0.00      0.00
20:44:36         0.00      0.00      0.00      0.00      0.00      0.00      0.00      0.00
20:44:41         0.00      0.00      0.00      0.00      0.00      0.00      0.00      0.00
20:44:46         0.00      0.00      0.00      0.00      0.00      0.00      0.00      0.00
20:44:51         0.00      0.00      0.00      0.00      0.00      0.00      0.00      0.00
20:44:56         0.00      0.00      0.00      0.00      0.00      0.00      0.00      0.00
20:45:01         0.00      0.00      0.00      0.00      0.00      0.00      0.00      0.00
20:45:06         0.00      0.00      0.00      0.00      0.00      0.00      0.00      0.00
20:45:11         0.00      0.00      0.00      0.00      0.00      0.00      0.00      0.00
20:45:16         0.00      0.00      0.00      0.00      0.00      0.00      0.00      0.00
20:45:21         0.00      0.00      0.00      0.00      0.00      0.00      0.00      0.00
20:45:26         0.00      0.00      0.00      0.00      0.00      0.00      0.00      0.00
20:45:31         0.00      0.00      0.00      0.00      0.00      0.00      0.00      0.00
20:45:36         0.00      0.00      0.00      0.00      0.00      0.00      0.00      0.00
20:45:41         0.00      0.00      0.00      0.00      0.00      0.00      0.00      0.00
20:45:46         0.00      0.00      0.00      0.00      0.00      0.00      0.00      0.00
20:45:51         0.00      0.00      0.00      0.00      0.00      0.00      0.00      0.00
20:45:56         0.00      0.00      0.00      0.00      0.00      0.00      0.00      0.00
20:46:01         0.00      0.00      0.00      0.00      0.00      0.00      0.00      0.00
20:46:06         0.00      0.00      0.00      0.00      0.00      0.00      0.00      0.00
20:46:11         0.00      0.00      0.00      0.00      0.00      0.00      0.00      0.00
20:46:16         0.00      0.00      0.00      0.00      0.00      0.00      0.00      0.00
20:46:21         0.00      0.00      0.00      0.00      0.00      0.00      0.00      0.00
20:46:26         0.00      0.00      0.00      0.00      0.00      0.00      0.00      0.00
20:46:31         0.00      0.00      0.00      0.00      0.00      0.00      0.00      0.00
20:46:36         0.00      0.00      0.00      0.00      0.00      0.00      0.00      0.00
20:46:41         0.00      0.00      0.00      0.00      0.00      0.00      0.00      0.00
20:46:46         0.00      0.00      0.00      0.00      0.00      0.00      0.00      0.00
20:46:51         0.00      0.00      0.00      0.00      0.00      0.00      0.00      0.00
20:46:56         0.00      0.00      0.00      0.00      0.00      0.00      0.00      0.00
20:47:01         0.00      0.00      0.00      0.00      0.00      0.00      0.00      0.00
20:47:06         0.00      0.00      0.00      0.00      0.00      0.00      0.00      0.00
20:47:11         0.00      0.00      0.00      0.00      0.00      0.00      0.00      0.00
20:47:16         0.00      0.00      0.00      0.00      0.00      0.00      0.00      0.00
20:47:21         0.00      0.00      0.00      0.00      0.00      0.00      0.00      0.00
20:47:26         0.00      0.00      0.00      0.00      0.00      0.00      0.00      0.00
20:47:31         0.00      0.00      0.00      0.00      0.00      0.00      0.00      0.00
20:47:36         0.00      0.00      0.00      0.00      0.00      0.00      0.00      0.00
20:47:41         0.00      0.00      0.00      0.00      0.00      0.00      0.00      0.00
20:47:46         0.00      0.00      0.00      0.00      0.00      0.00      0.00      0.00
20:47:51         0.00      0.00      0.00      0.00      0.00      0.00      0.00      0.00
20:47:56         0.00      0.00      0.00      0.00      0.00      0.00      0.00      0.00
20:48:01         0.00      0.00      0.00      0.00      0.00      0.00      0.00      0.00
20:48:06         0.00      0.00      0.00      0.00      0.00      0.00      0.00      0.00
20:48:11         0.00      0.00      0.00      0.00      0.00      0.00      0.00      0.00
20:48:16         0.00      0.00      0.00      0.00      0.00      0.00      0.00      0.00
20:48:21         0.00      0.00      0.00      0.00      0.00      0.00      0.00      0.00
20:48:26         0.00      0.00      0.00      0.00      0.00      0.00      0.00      0.00
20:48:31         0.00      0.00      0.00      0.00      0.00      0.00      0.00      0.00
20:48:36         0.00      0.00      0.00      0.00      0.00      0.00      0.00      0.00
20:48:41         0.00      0.00      0.00      0.00      0.00      0.00      0.00      0.00
20:48:46         0.00      0.00      0.00      0.00      0.00      0.00      0.00      0.00
20:48:51         0.00      0.00      0.00      0.00      0.00      0.00      0.00      0.00
20:48:56         0.00      0.00      0.00      0.00      0.00      0.00      0.00      0.00
20:49:01         0.00      0.00      0.00      0.00      0.00      0.00      0.00      0.00
20:49:06         0.00      0.00      0.00      0.00      0.00      0.00      0.00      0.00
20:49:11         0.00      0.00      0.00      0.00      0.00      0.00      0.00      0.00
20:49:16         0.00      0.00      0.00      0.00      0.00      0.00      0.00      0.00
20:49:21         0.00      0.00      0.00      0.00      0.00      0.00      0.00      0.00
20:49:26         0.00      0.00      0.00      0.00      0.00      0.00      0.00      0.00
20:49:31         0.00      0.00      0.00      0.00      0.00      0.00      0.00      0.00
20:49:36         0.00      0.00      0.00      0.00      0.00      0.00      0.00      0.00
20:49:41         0.00      0.00      0.00      0.00      0.00      0.00      0.00      0.00
20:49:46         0.00      0.00      0.00      0.00      0.00      0.00      0.00      0.00
20:49:51         0.00      0.00      0.00      0.00      0.00      0.00      0.00      0.00
20:49:56         0.00      0.00      0.00      0.00      0.00      0.00      0.00      0.00
20:50:01         0.00      0.00      0.00      0.00      0.00      0.00      0.00      0.00
20:50:06         0.00      0.00      0.00      0.00      0.00      0.00      0.00      0.00
20:50:11         0.00      0.00      0.00      0.00      0.00      0.00      0.00      0.00
20:50:16         0.00      0.00      0.00      0.00      0.00      0.00      0.00      0.00
20:50:21         0.00      0.00      0.00      0.00      0.00      0.00      0.00      0.00
20:50:26         0.00      0.00      0.00      0.00      0.00      0.00      0.00      0.00
20:50:31         0.00      0.00      0.00      0.00      0.00      0.00      0.00      0.00
20:50:36         0.00      0.00      0.00      0.00      0.00      0.00      0.00      0.00
20:50:41         0.00      0.00      0.00      0.00      0.00      0.00      0.00      0.00
20:50:46         0.00      0.00      0.00      0.01      0.00      0.00      0.00      0.01
20:50:51         0.00      0.00      0.00      0.00      0.00      0.00      0.00      0.00
20:50:56         0.00      0.00      0.00      0.00      0.00      0.00      0.00      0.00
20:51:01         0.00      0.00      0.00      0.00      0.00      0.00      0.00      0.00
20:51:06         0.00      0.00      0.00      0.00      0.00      0.00      0.00      0.00
20:51:11         0.00      0.00      0.00      0.00      0.00      0.00      0.00      0.00
20:51:16         0.00      0.00      0.00      0.00      0.00      0.00      0.00      0.00
20:51:21         0.00      0.00      0.00      0.00      0.00      0.00      0.00      0.00
20:51:26         0.00      0.00      0.00      0.00      0.00      0.00      0.00      0.00
20:51:31         0.00      0.00      0.00      0.00      0.00      0.00      0.00      0.00
20:51:36         0.00      0.00      0.00      0.00      0.00      0.00      0.00      0.00
20:51:41         0.00      0.00      0.00      0.00      0.00      0.00      0.00      0.00
20:51:46         0.00      0.00      0.00      0.00      0.00      0.00      0.00      0.00
20:51:51         0.00      0.00      0.00      0.00      0.00      0.00      0.00      0.00
20:51:56         0.00      0.00      0.00      0.00      0.00      0.00      0.00      0.00
20:52:01         0.00      0.00      0.00      0.00      0.00      0.00      0.00      0.00
20:52:06         0.00      0.00      0.00      0.00      0.00      0.00      0.00      0.00
20:52:11         0.00      0.00      0.00      0.00      0.00      0.00      0.00      0.00
20:52:16         0.00      0.00      0.00      0.00      0.00      0.00      0.00      0.00
20:52:21         0.00      0.00      0.00      0.00      0.00      0.00      0.00      0.00
20:52:26         0.00      0.00      0.00      0.00      0.00      0.00      0.00      0.00
20:52:31         0.00      0.00      0.00      0.00      0.00      0.00      0.00      0.00
20:52:36         0.00      0.00      0.00      0.00      0.00      0.00      0.00      0.00
20:52:41         0.00      0.00      0.00      0.00      0.00      0.00      0.00      0.00
20:52:46         0.00      0.00      0.00      0.00      0.00      0.00      0.00      0.00
20:52:51         0.00      0.00      0.00      0.00      0.00      0.00      0.00      0.00
20:52:56         0.00      0.00      0.00      0.00      0.00      0.00      0.00      0.00
20:53:01         0.00      0.00      0.00      0.00      0.00      0.00      0.00      0.00
20:53:06         0.00      0.00      0.00      0.00      0.00      0.00      0.00      0.00
20:53:11         0.00      0.00      0.00      0.00      0.00      0.00      0.00      0.00
20:53:16         0.00      0.00      0.00      0.00      0.00      0.00      0.00      0.00
20:53:21         0.00      0.00      0.00      0.00      0.00      0.00      0.00      0.00
20:53:26         0.00      0.00      0.00      0.00      0.00      0.00      0.00      0.00
20:53:31         0.00      0.00      0.00      0.00      0.00      0.00      0.00      0.00
20:53:36         0.00      0.00      0.00      0.00      0.00      0.00      0.00      0.00
20:53:41         0.00      0.00      0.00      0.00      0.00      0.00      0.00      0.00
20:53:46         0.00      0.00      0.00      0.00      0.00      0.00      0.00      0.00
20:53:51         0.00      0.00      0.00      0.00      0.00      0.00      0.00      0.00
20:53:56         0.00      0.00      0.00      0.00      0.00      0.00      0.00      0.00
20:54:01         0.00      0.00      0.00      0.00      0.00      0.00      0.00      0.00
20:54:06         0.00      0.00      0.00      0.00      0.00      0.00      0.00      0.00
20:54:11         0.00      0.00      0.00      0.00      0.00      0.00      0.00      0.00
20:54:16         0.00      0.00      0.00      0.00      0.00      0.00      0.00      0.00
20:54:21         0.00      0.00      0.00      0.00      0.00      0.00      0.00      0.00
20:54:26         0.00      0.00      0.00      0.00      0.00      0.00      0.00      0.00
20:54:31         0.00      0.00      0.00      0.00      0.00      0.00      0.00      0.00
20:54:36         0.00      0.00      0.00      0.00      0.00      0.00      0.00      0.00
20:54:41         0.00      0.00      0.00      0.00      0.00      0.00      0.00      0.00
20:54:46         0.00      0.00      0.00      0.00      0.00      0.00      0.00      0.00
20:54:51         0.00      0.00      0.00      0.00      0.00      0.00      0.00      0.00
20:54:56         0.00      0.00      0.00      0.00      0.00      0.00      0.00      0.00
20:55:01         0.00      0.00      0.00      0.00      0.00      0.00      0.00      0.00
20:55:06         0.00      0.00      0.00      0.00      0.00      0.00      0.00      0.00
20:55:11         0.00      0.00      0.00      0.00      0.00      0.00      0.00      0.00
20:55:16         0.00      0.00      0.00      0.00      0.00      0.00      0.00      0.00
20:55:21         0.00      0.00      0.00      0.00      0.00      0.00      0.00      0.00
20:55:26         0.00      0.00      0.00      0.00      0.00      0.00      0.00      0.00
20:55:31         0.00      0.00      0.00      0.00      0.00      0.00      0.00      0.00
20:55:36         0.00      0.00      0.00      0.00      0.00      0.00      0.00      0.00
20:55:41         0.00      0.00      0.00      0.00      0.00      0.00      0.00      0.00
20:55:46         0.00      0.00      0.00      0.00      0.00      0.00      0.00      0.00
20:55:51         0.00      0.00      0.00      0.00      0.00      0.00      0.00      0.00
20:55:56         0.00      0.00      0.00      0.00      0.00      0.00      0.00      0.00
20:56:01         0.00      0.00      0.00      0.00      0.00      0.00      0.00      0.00
20:56:06         0.00      0.00      0.00      0.00      0.00      0.00      0.00      0.00
20:56:11         0.00      0.00      0.00      0.01      0.00      0.00      0.00      0.01
20:56:16         0.00      0.00      0.00      0.00      0.00      0.00      0.00      0.00
20:56:21         0.00      0.00      0.00      0.00      0.00      0.00      0.00      0.00
20:56:26         0.00      0.00      0.00      0.00      0.00      0.00      0.00      0.00
20:56:31         0.00      0.00      0.00      0.00      0.00      0.00      0.00      0.00
20:56:36         0.00      0.00      0.00      0.00      0.00      0.00      0.00      0.00
20:56:41         0.00      0.00      0.00      0.00      0.00      0.00      0.00      0.00
20:56:46         0.00      0.00      0.00      0.00      0.00      0.00      0.00      0.00
20:56:51         0.00      0.00      0.00      0.00      0.00      0.00      0.00      0.00
20:56:56         0.00      0.00      0.00      0.00      0.00      0.00      0.00      0.00
20:57:01         0.00      0.00      0.00      0.00      0.00      0.00      0.00      0.00
20:57:06         0.00      0.00      0.00      0.00      0.00      0.00      0.00      0.00
20:57:11         0.00      0.00      0.00      0.00      0.00      0.00      0.00      0.00
20:57:16         0.00      0.00      0.00      0.00      0.00      0.00      0.00      0.00
20:57:21         0.00      0.00      0.00      0.00      0.00      0.00      0.00      0.00
20:57:26         0.00      0.00      0.00      0.00      0.00      0.00      0.00      0.00
20:57:31         0.00      0.00      0.00      0.00      0.00      0.00      0.00      0.00
20:57:36         0.00      0.00      0.00      0.00      0.00      0.00      0.00      0.00
20:57:41         0.00      0.00      0.00      0.00      0.00      0.00      0.00      0.00
20:57:46         0.00      0.00      0.00      0.00      0.00      0.00      0.00      0.00
20:57:51         0.00      0.00      0.00      0.00      0.00      0.00      0.00      0.00
20:57:56         0.00      0.00      0.00      0.00      0.00      0.00      0.00      0.00
20:58:01         0.00      0.00      0.00      0.01      0.00      0.00      0.00      0.01
20:58:06         0.00      0.00      0.00      0.00      0.00      0.00      0.00      0.00
20:58:11         0.00      0.00      0.00      0.00      0.00      0.00      0.00      0.00
20:58:16         0.00      0.00      0.00      0.00      0.00      0.00      0.00      0.00
20:58:21         0.00      0.00      0.00      0.00      0.00      0.00      0.00      0.00
20:58:26         0.00      0.00      0.00      0.00      0.00      0.00      0.00      0.00
20:58:31         0.00      0.00      0.00      0.00      0.00      0.00      0.00      0.00
20:58:36         0.00      0.00      0.00      0.00      0.00      0.00      0.00      0.00
20:58:41         0.00      0.00      0.00      0.00      0.00      0.00      0.00      0.00
20:58:46         0.00      0.00      0.00      0.00      0.00      0.00      0.00      0.00
20:58:51         0.00      0.00      0.00      0.00      0.00      0.00      0.00      0.00
20:58:56         0.00      0.00      0.00      0.00      0.00      0.00      0.00      0.00
20:59:01         0.00      0.00      0.00      0.00      0.00      0.00      0.00      0.00
20:59:06         0.00      0.00      0.00      0.00      0.00      0.00      0.00      0.00
20:59:11         0.00      0.00      0.00      0.00      0.00      0.00      0.00      0.00
20:59:16         0.00      0.00      0.00      0.00      0.00      0.00      0.00      0.00
20:59:21         0.00      0.00      0.00      0.00      0.00      0.00      0.00      0.00
20:59:26         0.00      0.00      0.00      0.00      0.00      0.00      0.00      0.00
20:59:31         0.00      0.00      0.00      0.00      0.00      0.00      0.00      0.00
20:59:36         0.00      0.00      0.00      0.00      0.00      0.00      0.00      0.00
20:59:41         0.00      0.00      0.00      0.00      0.00      0.00      0.00      0.00
20:59:46         0.00      0.00      0.00      0.00      0.00      0.00      0.00      0.00
20:59:51         0.00      0.00      0.00      0.00      0.00      0.00      0.00      0.00
20:59:56         0.00      0.00      0.00      0.00      0.00      0.00      0.00      0.00
21:00:01         0.00      0.00      0.00      0.00      0.00      0.00      0.00      0.00
21:00:06         0.00      0.00      0.00      0.00      0.00      0.00      0.00      0.00
21:00:11         0.00      0.00      0.00      0.00      0.00      0.00      0.00      0.00
21:00:16         0.00      0.00      0.00      0.00      0.00      0.00      0.00      0.00
21:00:21         0.00      0.00      0.00      0.00      0.00      0.00      0.00      0.00
21:00:26         0.00      0.00      0.00      0.00      0.00      0.00      0.00      0.00
21:00:31         0.00      0.00      0.00      0.00      0.00      0.00      0.00      0.00
21:00:36         0.00      0.00      0.00      0.00      0.00      0.00      0.00      0.00
21:00:41         0.00      0.00      0.00      0.00      0.00      0.00      0.00      0.00
21:00:46         0.00      0.00      0.00      0.00      0.00      0.00      0.00      0.00
21:00:51         0.00      0.00      0.00      0.00      0.00      0.00      0.00      0.00
21:00:56         0.00      0.00      0.00      0.00      0.00      0.00      0.00      0.00
21:01:01         0.00      0.00      0.00      0.00      0.00      0.00      0.00      0.00
21:01:06         0.00      0.00      0.00      0.00      0.00      0.00      0.00      0.00
21:01:11         0.00      0.00      0.00      0.00      0.00      0.00      0.00      0.00
21:01:16         0.00      0.00      0.00      0.00      0.00      0.00      0.00      0.00
21:01:21         0.00      0.00      0.00      0.00      0.00      0.00      0.00      0.00
21:01:26         0.00      0.00      0.00      0.00      0.00      0.00      0.00      0.00
21:01:31         0.00      0.00      0.00      0.00      0.00      0.00      0.00      0.00
21:01:36         0.00      0.00      0.00      0.00      0.00      0.00      0.00      0.00
21:01:41         0.00      0.00      0.00      0.00      0.00      0.00      0.00      0.00
21:01:46         0.00      0.00      0.00      0.00      0.00      0.00      0.00      0.00
21:01:51         0.00      0.00      0.00      0.00      0.00      0.00      0.00      0.00
21:01:56         0.00      0.00      0.00      0.00      0.00      0.00      0.00      0.00
21:02:01         0.00      0.00      0.00      0.00      0.00      0.00      0.00      0.00
21:02:06         0.00      0.00      0.00      0.00      0.00      0.00      0.00      0.00
21:02:11         0.00      0.00      0.00      0.00      0.00      0.00      0.00      0.00
21:02:16         0.00      0.00      0.00      0.00      0.00      0.00      0.00      0.00
21:02:21         0.00      0.00      0.00      0.00      0.00      0.00      0.00      0.00
21:02:26         0.00      0.00      0.00      0.00      0.00      0.00      0.00      0.00
21:02:31         0.00      0.00      0.00      0.00      0.00      0.00      0.00      0.00
21:02:36         0.00      0.00      0.00      0.00      0.00      0.00      0.00      0.00
21:02:41         0.00      0.00      0.00      0.00      0.00      0.00      0.00      0.00
21:02:46         0.00      0.00      0.00      0.00      0.00      0.00      0.00      0.00
21:02:51         0.00      0.00      0.00      0.00      0.00      0.00      0.00      0.00
21:02:56         0.00      0.00      0.00      0.00      0.00      0.00      0.00      0.00
21:03:01         0.00      0.00      0.00      0.00      0.00      0.00      0.00      0.00
21:03:06         0.00      0.00      0.00      0.00      0.00      0.00      0.00      0.00
21:03:11         0.00      0.00      0.00      0.00      0.00      0.00      0.00      0.00
21:03:16         0.00      0.00      0.00      0.00      0.00      0.00      0.00      0.00
21:03:21         0.00      0.00      0.00      0.00      0.00      0.00      0.00      0.00
21:03:26         0.00      0.00      0.00      0.00      0.00      0.00      0.00      0.00
21:03:31         0.00      0.00      0.00      0.00      0.00      0.00      0.00      0.00
21:03:36         0.00      0.00      0.00      0.00      0.00      0.00      0.00      0.00
21:03:41         0.00      0.00      0.00      0.00      0.00      0.00      0.00      0.00
21:03:46         0.00      0.00      0.00      0.00      0.00      0.00      0.00      0.00
21:03:51         0.00      0.00      0.00      0.00      0.00      0.00      0.00      0.00
21:03:56         0.00      0.00      0.00      0.00      0.00      0.00      0.00      0.00
21:04:01         0.00      0.00      0.00      0.00      0.00      0.00      0.00      0.00
21:04:06         0.00      0.00      0.00      0.00      0.00      0.00      0.00      0.00
21:04:11         0.00      0.00      0.00      0.00      0.00      0.00      0.00      0.00
21:04:16         0.00      0.00      0.00      0.00      0.00      0.00      0.00      0.00
21:04:21         0.00      0.00      0.00      0.00      0.00      0.00      0.00      0.00
21:04:26         0.00      0.00      0.00      0.00      0.00      0.00      0.00      0.00
21:04:31         0.00      0.00      0.00      0.00      0.00      0.00      0.00      0.00
21:04:36         0.00      0.00      0.00      0.00      0.00      0.00      0.00      0.00
21:04:41         0.00      0.00      0.00      0.00      0.00      0.00      0.00      0.00
21:04:46         0.00      0.00      0.00      0.00      0.00      0.00      0.00      0.00
21:04:51         0.00      0.00      0.00      0.00      0.00      0.00      0.00      0.00
21:04:56         0.00      0.00      0.00      0.00      0.00      0.00      0.00      0.00
21:05:01         0.00      0.00      0.00      0.00      0.00      0.00      0.00      0.00
21:05:06         0.00      0.00      0.00      0.00      0.00      0.00      0.00      0.00
21:05:11         0.00      0.00      0.00      0.00      0.00      0.00      0.00      0.00
21:05:16         0.00      0.00      0.00      0.00      0.00      0.00      0.00      0.00
21:05:21         0.00      0.00      0.00      0.00      0.00      0.00      0.00      0.00
21:05:26         0.00      0.00      0.00      0.00      0.00      0.00      0.00      0.00
21:05:31         0.00      0.00      0.00      0.00      0.00      0.00      0.00      0.00
21:05:36         0.00      0.00      0.00      0.00      0.00      0.00      0.00      0.00
21:05:41         0.00      0.00      0.00      0.00      0.00      0.00      0.00      0.00
21:05:46         0.00      0.00      0.00      0.00      0.00      0.00      0.00      0.00
21:05:51         0.00      0.00      0.00      0.00      0.00      0.00      0.00      0.00
21:05:56         0.00      0.00      0.00      0.00      0.00      0.00      0.00      0.00
21:06:01         0.00      0.00      0.00      0.00      0.00      0.00      0.00      0.00
21:06:06         0.00      0.00      0.00      0.00      0.00      0.00      0.00      0.00
21:06:11         0.00      0.00      0.00      0.00      0.00      0.00      0.00      0.00
21:06:16         0.00      0.00      0.00      0.00      0.00      0.00      0.00      0.00
21:06:21         0.00      0.00      0.00      0.00      0.00      0.00      0.00      0.00
21:06:26         0.00      0.00      0.00      0.00      0.00      0.00      0.00      0.00
21:06:31         0.00      0.00      0.00      0.00      0.00      0.00      0.00      0.00
21:06:36         0.00      0.00      0.00      0.00      0.00      0.00      0.00      0.00
21:06:41         0.00      0.00      0.00      0.00      0.00      0.00      0.00      0.00
21:06:46         0.00      0.00      0.00      0.00      0.00      0.00      0.00      0.00
21:06:51         0.00      0.00      0.00      0.00      0.00      0.00      0.00      0.00
21:06:56         0.00      0.00      0.00      0.00      0.00      0.00      0.00      0.00
21:07:01         0.00      0.00      0.00      0.00      0.00      0.00      0.00      0.00
21:07:06         0.00      0.00      0.00      0.00      0.00      0.00      0.00      0.00
21:07:11         0.00      0.00      0.00      0.00      0.00      0.00      0.00      0.00
21:07:16         0.00      0.00      0.00      0.00      0.00      0.00      0.00      0.00
21:07:21         0.00      0.00      0.00      0.00      0.00      0.00      0.00      0.00
21:07:26         0.00      0.00      0.00      0.00      0.00      0.00      0.00      0.00
21:07:31         0.00      0.00      0.00      0.00      0.00      0.00      0.00      0.00
21:07:36         0.00      0.00      0.00      0.00      0.00      0.00      0.00      0.00
21:07:41         0.00      0.00      0.00      0.00      0.00      0.00      0.00      0.00
21:07:46         0.00      0.00      0.00      0.00      0.00      0.00      0.00      0.00
21:07:51         0.00      0.00      0.00      0.00      0.00      0.00      0.00      0.00
21:07:56         0.00      0.00      0.00      0.00      0.00      0.00      0.00      0.00
21:08:01         0.00      0.00      0.00      0.00      0.00      0.00      0.00      0.00
21:08:06         0.00      0.00      0.00      0.00      0.00      0.00      0.00      0.00
21:08:11         0.00      0.00      0.00      0.00      0.00      0.00      0.00      0.00
21:08:16         0.00      0.00      0.00      0.01      0.00      0.00      0.00      0.01
21:08:21         0.00      0.00      0.00      0.00      0.00      0.00      0.00      0.00
21:08:26         0.00      0.00      0.00      0.00      0.00      0.00      0.00      0.00
21:08:31         0.00      0.00      0.00      0.00      0.00      0.00      0.00      0.00
21:08:36         0.00      0.00      0.00      0.00      0.00      0.00      0.00      0.00
21:08:41         0.00      0.00      0.00      0.00      0.00      0.00      0.00      0.00
21:08:46         0.00      0.00      0.00      0.00      0.00      0.00      0.00      0.00
21:08:51         0.00      0.00      0.00      0.00      0.00      0.00      0.00      0.00
21:08:56         0.00      0.00      0.00      0.00      0.00      0.00      0.00      0.00
21:09:01         0.00      0.00      0.00      0.00      0.00      0.00      0.00      0.00
21:09:06         0.00      0.00      0.00      0.00      0.00      0.00      0.00      0.00
21:09:11         0.00      0.00      0.00      0.00      0.00      0.00      0.00      0.00
21:09:16         0.00      0.00      0.00      0.00      0.00      0.00      0.00      0.00
21:09:21         0.00      0.00      0.00      0.00      0.00      0.00      0.00      0.00
21:09:26         0.00      0.00      0.00      0.00      0.00      0.00      0.00      0.00
21:09:31         0.00      0.00      0.00      0.00      0.00      0.00      0.00      0.00
21:09:36         0.00      0.00      0.00      0.00      0.00      0.00      0.00      0.00
21:09:41         0.00      0.00      0.00      0.00      0.00      0.00      0.00      0.00
21:09:46         0.00      0.00      0.00      0.00      0.00      0.00      0.00      0.00
21:09:51         0.00      0.00      0.00      0.00      0.00      0.00      0.00      0.00
21:09:56         0.00      0.00      0.00      0.00      0.00      0.00      0.00      0.00
21:10:01         0.00      0.00      0.00      0.00      0.00      0.00      0.00      0.00
21:10:06         0.00      0.00      0.00      0.00      0.00      0.00      0.00      0.00
21:10:11         0.00      0.00      0.00      0.00      0.00      0.00      0.00      0.00
21:10:16         0.00      0.00      0.00      0.00      0.00      0.00      0.00      0.00
21:10:21         0.00      0.00      0.00      0.00      0.00      0.00      0.00      0.00
21:10:26         0.00      0.00      0.00      0.00      0.00      0.00      0.00      0.00
21:10:31         0.00      0.00      0.00      0.00      0.00      0.00      0.00      0.00
21:10:36         0.00      0.00      0.00      0.00      0.00      0.00      0.00      0.00
21:10:41         0.00      0.00      0.00      0.00      0.00      0.00      0.00      0.00
21:10:46         0.00      0.00      0.00      0.00      0.00      0.00      0.00      0.00
21:10:51         0.00      0.00      0.00      0.00      0.00      0.00      0.00      0.00
21:10:56         0.00      0.00      0.00      0.00      0.00      0.00      0.00      0.00
21:11:01         0.00      0.00      0.00      0.00      0.00      0.00      0.00      0.00
21:11:06         0.00      0.00      0.00      0.00      0.00      0.00      0.00      0.00
21:11:11         0.00      0.00      0.00      0.00      0.00      0.00      0.00      0.00
21:11:16         0.00      0.00      0.00      0.00      0.00      0.00      0.00      0.00
21:11:21         0.00      0.00      0.00      0.00      0.00      0.00      0.00      0.00
21:11:26         0.00      0.00      0.00      0.00      0.00      0.00      0.00      0.00
21:11:31         0.00      0.00      0.00      0.00      0.00      0.00      0.00      0.00
21:11:36         0.00      0.00      0.00      0.00      0.00      0.00      0.00      0.00
21:11:41         0.00      0.00      0.00      0.00      0.00      0.00      0.00      0.00
21:11:46         0.00      0.00      0.00      0.00      0.00      0.00      0.00      0.00
21:11:51         0.00      0.00      0.00      0.00      0.00      0.00      0.00      0.00
21:11:56         0.00      0.00      0.00      0.00      0.00      0.00      0.00      0.00
21:12:01         0.00      0.00      0.00      0.00      0.00      0.00      0.00      0.00
21:12:06         0.00      0.00      0.00      0.00      0.00      0.00      0.00      0.00
21:12:11         0.00      0.00      0.00      0.00      0.00      0.00      0.00      0.00
21:12:16         0.00      0.00      0.00      0.00      0.00      0.00      0.00      0.00
21:12:21         0.00      0.00      0.00      0.00      0.00      0.00      0.00      0.00
21:12:26         0.00      0.00      0.00      0.00      0.00      0.00      0.00      0.00
21:12:31         0.00      0.00      0.00      0.00      0.00      0.00      0.00      0.00
21:12:36         0.00      0.00      0.00      0.00      0.00      0.00      0.00      0.00
21:12:41         0.00      0.00      0.00      0.00      0.00      0.00      0.00      0.00
21:12:46         0.00      0.00      0.00      0.00      0.00      0.00      0.00      0.00
21:12:51         0.00      0.00      0.00      0.00      0.00      0.00      0.00      0.00
21:12:56         0.00      0.00      0.00      0.00      0.00      0.00      0.00      0.00
21:13:01         0.00      0.00      0.00      0.00      0.00      0.00      0.00      0.00
21:13:06         0.00      0.00      0.00      0.00      0.00      0.00      0.00      0.00
21:13:11         0.00      0.00      0.00      0.00      0.00      0.00      0.00      0.00
21:13:16         0.00      0.00      0.00      0.00      0.00      0.00      0.00      0.00
21:13:21         0.00      0.00      0.00      0.00      0.00      0.00      0.00      0.00
21:13:26         0.00      0.00      0.00      0.00      0.00      0.00      0.00      0.00
21:13:31         0.00      0.00      0.00      0.00      0.00      0.00      0.00      0.00
21:13:36         0.00      0.00      0.00      0.00      0.00      0.00      0.00      0.00
21:13:41         0.00      0.00      0.00      0.00      0.00      0.00      0.00      0.00
21:13:46         0.00      0.00      0.00      0.00      0.00      0.00      0.00      0.00
21:13:51         0.00      0.00      0.00      0.00      0.00      0.00      0.00      0.00

Average:         0.00      0.00      0.00      0.00      0.00      0.00      0.00      0.00
