Linux 7.2.0-rc5-virtme (virtme-ng) 	07/31/26 	_x86_64_	(12 CPU)

20:13:55     %smem-10  %smem-60 %smem-300     %smem  %fmem-10  %fmem-60 %fmem-300     %fmem
20:14:00         0.00      0.00      0.00      0.00      0.00      0.00      0.00      0.00
20:14:05         0.00      0.00      0.00      0.00      0.00      0.00      0.00      0.00
20:14:10         0.00      0.00      0.00      0.00      0.00      0.00      0.00      0.00
20:14:15         0.00      0.00      0.00      0.00      0.00      0.00      0.00      0.00
20:14:20         0.00      0.00      0.00      0.00      0.00      0.00      0.00      0.00
20:14:25         0.00      0.00      0.00      0.00      0.00      0.00      0.00      0.00
20:14:30         0.00      0.00      0.00      0.00      0.00      0.00      0.00      0.00
20:14:35         0.00      0.00      0.00      0.00      0.00      0.00      0.00      0.00
20:14:40         0.00      0.00      0.00      0.00      0.00      0.00      0.00      0.00
20:14:45         0.00      0.00      0.00      0.00      0.00      0.00      0.00      0.00
20:14:50         0.00      0.00      0.00      0.00      0.00      0.00      0.00      0.00
20:14:55         0.00      0.00      0.00      0.00      0.00      0.00      0.00      0.00
20:15:00         0.00      0.00      0.00      0.00      0.00      0.00      0.00      0.00
20:15:05         0.00      0.00      0.00      0.00      0.00      0.00      0.00      0.00
20:15:10         0.00      0.00      0.00      0.00      0.00      0.00      0.00      0.00
20:15:15         0.00      0.00      0.00      0.00      0.00      0.00      0.00      0.00
20:15:20         0.00      0.00      0.00      0.00      0.00      0.00      0.00      0.00
20:15:25         0.00      0.00      0.00      0.00      0.00      0.00      0.00      0.00
20:15:30         0.00      0.00      0.00      0.00      0.00      0.00      0.00      0.00
20:15:35         0.00      0.00      0.00      0.00      0.00      0.00      0.00      0.00
20:15:40         0.00      0.00      0.00      0.00      0.00      0.00      0.00      0.00
20:15:45         0.00      0.00      0.00      0.00      0.00      0.00      0.00      0.00
20:15:50         6.37      1.36      0.29     17.27      6.37      1.36      0.29     17.27
20:15:55         4.27      1.27      0.28      0.00      4.27      1.27      0.28      0.00
20:16:00         2.34      1.15      0.28      0.00      2.34      1.15      0.28      0.00
20:16:05         1.57      1.07      0.27      0.00      1.57      1.07      0.27      0.00
20:16:10         0.86      0.97      0.27      0.00      0.86      0.97      0.27      0.00
20:16:15         0.57      0.90      0.26      0.00      0.57      0.90      0.26      0.00
20:16:20         0.31      0.82      0.26      0.00      0.31      0.82      0.26      0.00
20:16:25         0.21      0.76      0.25      0.00      0.21      0.76      0.25      0.00
20:16:30         0.11      0.69      0.25      0.00      0.11      0.69      0.25      0.00
20:16:35         0.07      0.64      0.24      0.00      0.07      0.64      0.24      0.00
20:16:40         0.04      0.58      0.24      0.00      0.04      0.58      0.24      0.00
20:16:45         0.02      0.54      0.23      0.00      0.02      0.54      0.23      0.00
20:16:50         0.01      0.49      0.23      0.00      0.01      0.49      0.23      0.00
20:16:55         0.00      0.46      0.22      0.00      0.00      0.46      0.22      0.00
20:17:00         0.00      0.41      0.22      0.00      0.00      0.41      0.22      0.00
20:17:05         0.00      0.39      0.21      0.00      0.00      0.39      0.21      0.00
20:17:10         0.00      0.35      0.21      0.00      0.00      0.35      0.21      0.00
20:17:15         0.00      0.32      0.20      0.00      0.00      0.32      0.20      0.00
20:17:20         0.00      0.29      0.20      0.00      0.00      0.29      0.20      0.00
20:17:25         0.00      0.27      0.20      0.00      0.00      0.27      0.20      0.00
20:17:30         0.00      0.25      0.19      0.00      0.00      0.25      0.19      0.00
20:17:35         0.00      0.23      0.19      0.00      0.00      0.23      0.19      0.00
20:17:40         0.00      0.21      0.19      0.00      0.00      0.21      0.19      0.00
20:17:45         0.00      0.19      0.18      0.00      0.00      0.19      0.18      0.00
20:17:50         0.00      0.17      0.18      0.00      0.00      0.17      0.18      0.00
20:17:55         0.00      0.16      0.18      0.00      0.00      0.16      0.18      0.00
20:18:00         0.00      0.14      0.17      0.00      0.00      0.14      0.17      0.00
20:18:05         0.00      0.13      0.17      0.00      0.00      0.13      0.17      0.00
20:18:10         0.00      0.12      0.16      0.00      0.00      0.12      0.16      0.00
20:18:15         0.00      0.11      0.16      0.00      0.00      0.11      0.16      0.00
20:18:20         0.00      0.10      0.16      0.00      0.00      0.10      0.16      0.00
20:18:25         0.00      0.09      0.15      0.00      0.00      0.09      0.15      0.00
20:18:30         0.00      0.08      0.15      0.00      0.00      0.08      0.15      0.00
20:18:35         0.00      0.08      0.15      0.00      0.00      0.08      0.15      0.00
20:18:40         0.00      0.07      0.14      0.00      0.00      0.07      0.14      0.00
20:18:45         0.00      0.06      0.14      0.00      0.00      0.06      0.14      0.00
20:18:50         0.00      0.06      0.14      0.00      0.00      0.06      0.14      0.00
20:18:55         0.00      0.05      0.13      0.00      0.00      0.05      0.13      0.00
20:19:00         0.00      0.05      0.13      0.00      0.00      0.05      0.13      0.00
20:19:05         0.00      0.04      0.13      0.00      0.00      0.04      0.13      0.00
20:19:10         0.00      0.04      0.13      0.00      0.00      0.04      0.13      0.00
20:19:15         0.00      0.03      0.12      0.00      0.00      0.03      0.12      0.00
20:19:20         0.00      0.03      0.12      0.00      0.00      0.03      0.12      0.00
20:19:25         0.00      0.03      0.12      0.00      0.00      0.03      0.12      0.00
20:19:30         0.00      0.02      0.12      0.00      0.00      0.02      0.12      0.00
20:19:35         0.00      0.02      0.11      0.00      0.00      0.02      0.11      0.00
20:19:40         0.00      0.02      0.11      0.00      0.00      0.02      0.11      0.00
20:19:45         0.00      0.02      0.11      0.00      0.00      0.02      0.11      0.00
20:19:50         0.00      0.01      0.11      0.00      0.00      0.01      0.11      0.00
20:19:55         0.00      0.01      0.10      0.00      0.00      0.01      0.10      0.00
20:20:00         1.77      0.39      0.18      4.87      1.77      0.39      0.18      4.87
20:20:05         1.19      0.36      0.18      0.00      1.19      0.36      0.18      0.00
20:20:10         0.65      0.33      0.18      0.00      0.65      0.33      0.18      0.00
20:20:15         0.43      0.31      0.17      0.00      0.43      0.31      0.17      0.00
20:20:20         0.24      0.27      0.17      0.00      0.24      0.27      0.17      0.00
20:20:25         0.16      0.26      0.17      0.00      0.16      0.26      0.17      0.00
20:20:30         0.08      0.23      0.16      0.00      0.08      0.23      0.16      0.00
20:20:36         1.68      0.51      0.22     22.02      1.68      0.51      0.22     22.01
20:20:41        10.02      2.73      0.71     10.99     10.02      2.73      0.71     10.99
20:20:46         6.72      2.55      0.70      0.00      6.72      2.55      0.70      0.00
20:20:51         3.68      2.31      0.69      0.00      3.68      2.31      0.69      0.00
20:20:56         2.47      2.16      0.68      0.00      2.47      2.16      0.68      0.00
20:21:01         1.35      1.95      0.66      0.00      1.35      1.95      0.66      0.00
20:21:06         0.90      1.83      0.66      0.00      0.90      1.83      0.66      0.00
20:21:11         0.49      1.65      0.64      0.00      0.49      1.65      0.64      0.00
20:21:16         0.33      1.55      0.63      0.00      0.33      1.55      0.63      0.00
20:21:21         0.18      1.40      0.62      0.00      0.18      1.40      0.62      0.00
20:21:26         0.12      1.31      0.61      0.00      0.12      1.31      0.61      0.00
20:21:31         0.06      1.18      0.60      0.00      0.06      1.18      0.60      0.00
20:21:36         0.04      1.11      0.59      0.00      0.04      1.11      0.59      0.00
20:21:41         0.02      1.00      0.57      0.00      0.02      1.00      0.57      0.00
20:21:46         0.01      0.93      0.57      0.00      0.01      0.93      0.57      0.00
20:21:51         9.51      2.90      1.00     26.26      9.51      2.90      1.00     26.26
20:21:56         6.38      2.71      0.98      0.00      6.38      2.71      0.98      0.00
20:22:01         3.50      2.45      0.96      0.00      3.50      2.45      0.96      0.00
20:22:06         2.34      2.29      0.95      0.00      2.34      2.29      0.95      0.00
20:22:11         1.28      2.07      0.93      0.00      1.28      2.07      0.93      0.00
20:22:16         0.86      1.94      0.91      0.00      0.86      1.94      0.91      0.00
20:22:21         0.47      1.75      0.89      0.00      0.47      1.75      0.89      0.00
20:22:26         0.31      1.64      0.88      0.00      0.31      1.64      0.88      0.00
20:22:31         0.17      1.48      0.86      0.00      0.17      1.48      0.86      0.00
20:22:36         0.11      1.39      0.85      0.00      0.11      1.39      0.85      0.00
20:22:41         0.06      1.25      0.83      0.00      0.06      1.25      0.83      0.00
20:22:46         0.04      1.17      0.82      0.00      0.04      1.17      0.82      0.00
20:22:51         0.02      1.06      0.80      0.00      0.02      1.06      0.80      0.00
20:22:56         0.01      0.99      0.79      0.00      0.01      0.99      0.79      0.00
20:23:01         0.00      0.90      0.77      0.00      0.00      0.90      0.77      0.00
20:23:06         0.00      0.84      0.76      0.00      0.00      0.84      0.76      0.00
20:23:11         0.00      0.76      0.75      0.00      0.00      0.76      0.75      0.00
20:23:16         0.00      0.71      0.74      0.00      0.00      0.71      0.74      0.00
20:23:21         0.00      0.64      0.72      0.00      0.00      0.64      0.72      0.00
20:23:26         0.00      0.60      0.71      0.00      0.00      0.60      0.71      0.00
20:23:31         0.00      0.54      0.69      0.00      0.00      0.54      0.69      0.00
20:23:36         0.00      0.50      0.68      0.00      0.00      0.50      0.68      0.00
20:23:41         0.00      0.45      0.67      0.00      0.00      0.45      0.67      0.00
20:23:46         0.00      0.42      0.66      0.00      0.00      0.42      0.66      0.00
20:23:51         0.00      0.38      0.65      0.00      0.00      0.38      0.65      0.00
20:23:56         0.00      0.36      0.64      0.00      0.00      0.36      0.64      0.00
20:24:01         0.00      0.32      0.62      0.00      0.00      0.32      0.62      0.00
20:24:06         0.00      0.30      0.61      0.00      0.00      0.30      0.61      0.00
20:24:11         0.00      0.27      0.60      0.00      0.00      0.27      0.60      0.00
20:24:16         0.00      0.25      0.59      0.00      0.00      0.25      0.59      0.00
20:24:21         0.00      0.23      0.58      0.00      0.00      0.23      0.58      0.00
20:24:26         0.00      0.21      0.57      0.00      0.00      0.21      0.57      0.00
20:24:31         0.00      0.19      0.56      0.00      0.00      0.19      0.56      0.00
20:24:36         0.00      0.18      0.55      0.00      0.00      0.18      0.55      0.00
20:24:41         0.00      0.16      0.54      0.00      0.00      0.16      0.54      0.00
20:24:46         0.00      0.15      0.53      0.00      0.00      0.15      0.53      0.00
20:24:51         0.00      0.13      0.52      0.00      0.00      0.13      0.52      0.00
20:24:56         0.00      0.12      0.51      0.00      0.00      0.12      0.51      0.00
20:25:01         0.00      0.11      0.50      0.00      0.00      0.11      0.50      0.00
20:25:06         0.00      0.10      0.49      0.00      0.00      0.10      0.49      0.00
20:25:11         0.00      0.09      0.48      0.00      0.00      0.09      0.48      0.00
20:25:16         0.00      0.09      0.47      0.00      0.00      0.09      0.47      0.00
20:25:21         0.00      0.08      0.46      0.00      0.00      0.08      0.46      0.00
20:25:26         0.00      0.07      0.46      0.00      0.00      0.07      0.46      0.00
20:25:31         0.00      0.06      0.45      0.00      0.00      0.06      0.45      0.00
20:25:36         0.00      0.06      0.44      0.00      0.00      0.06      0.44      0.00
20:25:41         0.00      0.05      0.43      0.00      0.00      0.05      0.43      0.00
20:25:46         0.00      0.05      0.42      0.00      0.00      0.05      0.42      0.00
20:25:51         0.00      0.04      0.41      0.00      0.00      0.04      0.41      0.00
20:25:56         0.00      0.04      0.41      0.00      0.00      0.04      0.41      0.00
20:26:01         3.80      0.72      0.54     12.32      3.80      0.72      0.54     12.32
20:26:06        19.00      3.87      1.21     47.15     19.00      3.87      1.21     47.15
20:26:11        13.71      4.32      1.37      0.00     13.71      4.32      1.37      0.00
20:26:16         9.19      4.04      1.35      0.00      9.19      4.04      1.35      0.00
20:26:21         5.04      3.66      1.32      0.00      5.04      3.66      1.32      0.00
20:26:26         3.38      3.42      1.30      0.00      3.38      3.42      1.30      0.00
20:26:31         1.85      3.10      1.27      0.00      1.85      3.10      1.27      0.00
20:26:36         1.24      2.90      1.26      1.65      1.24      2.90      1.26      1.65
20:26:41        17.10      6.13      1.99     43.13     17.10      6.13      1.99     43.13
20:26:46        11.47      5.73      1.96      0.00     11.47      5.73      1.96      0.00
20:26:51         6.29      5.19      1.92      0.00      6.29      5.19      1.92      0.00
20:26:56         4.22      4.85      1.89      0.00      4.22      4.85      1.89      0.00
20:27:01         2.31      4.39      1.85      0.00      2.31      4.39      1.85      0.00
20:27:06         1.55      4.11      1.83      0.00      1.55      4.11      1.83      0.00
20:27:11         0.85      3.72      1.79      0.00      0.85      3.72      1.79      0.00
20:27:16         0.57      3.48      1.76      0.00      0.57      3.48      1.76      0.00
20:27:21         0.31      3.15      1.73      0.00      0.31      3.15      1.73      0.00
20:27:26         0.20      2.94      1.70      0.00      0.20      2.94      1.70      0.00
20:27:31         0.11      2.66      1.67      0.00      0.11      2.66      1.67      0.00
20:27:36         0.07      2.49      1.64      0.00      0.07      2.49      1.64      0.00
20:27:41         0.04      2.25      1.61      0.00      0.04      2.25      1.61      0.00
20:27:46         0.02      2.11      1.59      0.00      0.02      2.11      1.59      0.00
20:27:51         2.00      2.32      1.64      5.44      2.00      2.32      1.64      5.44
20:27:56         1.34      2.17      1.62      0.00      1.34      2.17      1.62      0.00
20:28:01         0.73      1.96      1.59      0.00      0.73      1.96      1.59      0.00
20:28:06         0.49      1.84      1.56      0.00      0.49      1.84      1.56      0.00
20:28:11         0.27      1.66      1.53      0.00      0.27      1.66      1.53      0.00
20:28:16         0.18      1.55      1.51      0.00      0.18      1.55      1.51      0.00
20:28:21         0.09      1.40      1.48      0.00      0.09      1.40      1.48      0.00
20:28:26         0.06      1.31      1.46      0.00      0.06      1.31      1.46      0.00
20:28:31         0.03      1.19      1.43      0.00      0.03      1.19      1.43      0.00
20:28:36         0.02      1.11      1.41      0.00      0.02      1.11      1.41      0.00
20:28:41         0.01      1.00      1.38      0.00      0.01      1.00      1.38      0.00
20:28:46         0.00      0.94      1.36      0.00      0.00      0.94      1.36      0.00
20:28:51         0.00      0.85      1.33      0.00      0.00      0.85      1.33      0.00
20:28:56         0.00      0.79      1.31      0.00      0.00      0.79      1.31      0.00
20:29:01         0.00      0.71      1.28      0.00      0.00      0.71      1.28      0.00
20:29:06         0.00      0.67      1.27      0.00      0.00      0.67      1.27      0.00
20:29:11         0.00      0.60      1.24      0.00      0.00      0.60      1.24      0.00
20:29:16         0.00      0.56      1.22      0.00      0.00      0.56      1.22      0.00
20:29:21         0.00      0.51      1.20      0.00      0.00      0.51      1.20      0.00
20:29:26         0.00      0.47      1.18      0.00      0.00      0.47      1.18      0.00
20:29:31         0.00      0.43      1.15      0.00      0.00      0.43      1.15      0.00
20:29:36         0.00      0.40      1.14      0.00      0.00      0.40      1.14      0.00
20:29:41         0.00      0.36      1.11      0.00      0.00      0.36      1.11      0.00
20:29:46         0.00      0.34      1.10      0.00      0.00      0.34      1.10      0.00
20:29:51         0.00      0.30      1.07      0.00      0.00      0.30      1.07      0.00
20:29:56         0.00      0.28      1.06      0.00      0.00      0.28      1.06      0.00
20:30:01         0.00      0.25      1.04      0.00      0.00      0.25      1.04      0.00
20:30:06         0.00      0.24      1.02      0.00      0.00      0.24      1.02      0.00
20:30:11         0.00      0.21      1.00      0.00      0.00      0.21      1.00      0.00
20:30:16         0.00      0.20      0.99      0.00      0.00      0.20      0.99      0.00
20:30:21         0.00      0.18      0.97      0.00      0.00      0.18      0.97      0.00
20:30:26         0.00      0.17      0.95      0.00      0.00      0.17      0.95      0.00
20:30:31         0.00      0.15      0.93      0.00      0.00      0.15      0.93      0.00
20:30:36         0.00      0.14      0.92      0.00      0.00      0.14      0.92      0.00
20:30:41         0.00      0.12      0.90      0.00      0.00      0.12      0.90      0.00
20:30:46         0.00      0.12      0.89      0.00      0.00      0.12      0.89      0.00
20:30:51         0.00      0.10      0.87      0.00      0.00      0.10      0.87      0.00
20:30:56         0.00      0.10      0.85      0.00      0.00      0.10      0.85      0.00
20:31:01         0.00      0.09      0.84      0.00      0.00      0.09      0.84      0.00
20:31:06         0.00      0.08      0.82      0.00      0.00      0.08      0.82      0.00
20:31:11         0.00      0.07      0.81      0.00      0.00      0.07      0.81      0.00
20:31:16         0.00      0.07      0.80      0.00      0.00      0.07      0.80      0.00
20:31:21         0.00      0.06      0.78      0.00      0.00      0.06      0.78      0.00
20:31:26         0.00      0.05      0.77      0.00      0.00      0.05      0.77      0.00
20:31:31         0.00      0.05      0.75      0.00      0.00      0.05      0.75      0.00
20:31:36         0.00      0.04      0.74      0.00      0.00      0.04      0.74      0.00
20:31:41         0.00      0.04      0.72      0.00      0.00      0.04      0.72      0.00
20:31:46         0.00      0.04      0.71      0.00      0.00      0.04      0.71      0.00
20:31:51         0.00      0.03      0.70      0.00      0.00      0.03      0.70      0.00
20:31:56         0.00      0.03      0.69      0.00      0.00      0.03      0.69      0.00
20:32:01         0.00      0.02      0.67      0.00      0.00      0.02      0.67      0.00
20:32:06        12.53      2.39      1.16     42.24     12.53      2.39      1.16     42.24
20:32:11        10.89      3.17      1.36      1.03     10.89      3.17      1.36      1.03
20:32:16         7.30      2.97      1.34      0.00      7.30      2.97      1.34      0.00
20:32:21         4.00      2.68      1.31      0.00      4.00      2.68      1.31      0.00
20:32:26         2.68      2.51      1.30      0.00      2.68      2.51      1.30      0.00
20:32:31         1.47      2.27      1.27      0.00      1.47      2.27      1.27      0.00
20:32:36         0.98      2.12      1.25      0.00      0.98      2.12      1.25      0.00
20:32:41        15.82      4.83      1.84     36.75     15.82      4.83      1.84     36.75
20:32:46        10.76      4.55      1.82      0.00     10.76      4.55      1.82      0.00
20:32:51         5.90      4.12      1.78      0.00      5.90      4.12      1.78      0.00
20:32:56         3.96      3.85      1.76      0.00      3.96      3.85      1.76      0.00
20:33:01         2.17      3.49      1.72      0.00      2.17      3.49      1.72      0.00
20:33:06         1.45      3.26      1.70      0.00      1.45      3.26      1.70      0.00
20:33:11         0.79      2.95      1.66      0.00      0.79      2.95      1.66      0.00
20:33:16         0.53      2.76      1.64      0.00      0.53      2.76      1.64      0.00
20:33:21         0.29      2.50      1.60      0.00      0.29      2.50      1.60      0.00
20:33:26         0.19      2.33      1.58      0.00      0.19      2.33      1.58      0.00
20:33:31         0.10      2.11      1.55      0.00      0.10      2.11      1.55      0.00
20:33:36         0.07      1.97      1.53      0.00      0.07      1.97      1.53      0.00
20:33:41         0.03      1.79      1.50      0.00      0.03      1.79      1.50      0.00
20:33:46         0.02      1.67      1.47      0.00      0.02      1.67      1.47      0.00
20:33:51         2.55      1.97      1.54      5.98      2.55      1.97      1.54      5.98
20:33:56         1.70      1.84      1.52      0.00      1.70      1.84      1.52      0.00
20:34:01         0.93      1.67      1.49      0.00      0.93      1.67      1.49      0.00
20:34:06         0.62      1.56      1.47      0.00      0.62      1.56      1.47      0.00
20:34:11         0.34      1.41      1.43      0.00      0.34      1.41      1.43      0.00
20:34:16         0.23      1.32      1.41      0.00      0.23      1.32      1.41      0.00
20:34:21         0.12      1.19      1.39      0.00      0.12      1.19      1.39      0.00
20:34:26         0.08      1.11      1.37      0.00      0.08      1.11      1.37      0.00
20:34:31         0.04      1.01      1.34      0.00      0.04      1.01      1.34      0.00
20:34:36         0.03      0.94      1.32      0.00      0.03      0.94      1.32      0.00
20:34:41         0.01      0.85      1.29      0.00      0.01      0.85      1.29      0.00
20:34:46         0.01      0.80      1.27      0.00      0.01      0.80      1.27      0.00
20:34:51         0.00      0.72      1.25      0.00      0.00      0.72      1.25      0.00
20:34:56         0.00      0.67      1.23      0.00      0.00      0.67      1.23      0.00
20:35:01         0.00      0.61      1.20      0.00      0.00      0.61      1.20      0.00
20:35:06         0.00      0.57      1.18      0.00      0.00      0.57      1.18      0.00
20:35:11         0.00      0.51      1.16      0.00      0.00      0.51      1.16      0.00
20:35:16         0.00      0.48      1.14      0.00      0.00      0.48      1.14      0.00
20:35:21         0.00      0.43      1.12      0.00      0.00      0.43      1.12      0.00
20:35:26         0.00      0.40      1.10      0.00      0.00      0.40      1.10      0.00
20:35:31         0.00      0.36      1.08      0.00      0.00      0.36      1.08      0.00
20:35:36         0.00      0.34      1.06      0.00      0.00      0.34      1.06      0.00
20:35:41         0.00      0.31      1.04      0.00      0.00      0.31      1.04      0.00
20:35:46         0.00      0.29      1.03      0.00      0.00      0.29      1.03      0.00
20:35:51         0.00      0.26      1.01      0.00      0.00      0.26      1.01      0.00
20:35:56         0.00      0.24      0.99      0.00      0.00      0.24      0.99      0.00
20:36:01         0.00      0.22      0.97      0.00      0.00      0.22      0.97      0.00
20:36:06         0.00      0.20      0.96      0.00      0.00      0.20      0.96      0.00
20:36:11         0.00      0.18      0.94      0.00      0.00      0.18      0.94      0.00
20:36:16         0.00      0.17      0.92      0.00      0.00      0.17      0.92      0.00
20:36:21         0.00      0.15      0.90      0.00      0.00      0.15      0.90      0.00
20:36:26         0.00      0.14      0.89      0.00      0.00      0.14      0.89      0.00
20:36:31         0.00      0.13      0.87      0.00      0.00      0.13      0.87      0.00
20:36:36         0.00      0.12      0.86      0.00      0.00      0.12      0.86      0.00
20:36:41         0.00      0.10      0.84      0.00      0.00      0.10      0.84      0.00
20:36:46         0.00      0.10      0.83      0.00      0.00      0.10      0.83      0.00
20:36:51         0.00      0.09      0.81      0.00      0.00      0.09      0.81      0.00
20:36:56         0.00      0.08      0.80      0.00      0.00      0.08      0.80      0.00
20:37:01         0.00      0.07      0.78      0.00      0.00      0.07      0.78      0.00
20:37:06         0.00      0.07      0.77      0.00      0.00      0.07      0.77      0.00
20:37:11         0.00      0.06      0.76      0.00      0.00      0.06      0.76      0.00
20:37:16         0.00      0.05      0.74      0.00      0.00      0.05      0.74      0.00
20:37:21         0.00      0.05      0.73      0.00      0.00      0.05      0.73      0.00
20:37:26         0.00      0.04      0.72      0.00      0.00      0.04      0.72      0.00
20:37:31         0.00      0.04      0.70      0.00      0.00      0.04      0.70      0.00
20:37:36         0.00      0.04      0.69      0.00      0.00      0.04      0.69      0.00
20:37:41         0.00      0.03      0.68      0.00      0.00      0.03      0.68      0.00
20:37:46         0.00      0.03      0.67      0.00      0.00      0.03      0.67      0.00
20:37:51         0.00      0.02      0.65      0.00      0.00      0.02      0.65      0.00
20:37:56         0.00      0.02      0.64      0.00      0.00      0.02      0.64      0.00
20:38:01         0.00      0.02      0.63      0.00      0.00      0.02      0.63      0.00
20:38:06         9.23      1.69      0.97     35.35      9.23      1.69      0.97     35.35
20:38:11        20.21      5.12      1.73     32.50     20.21      5.12      1.73     32.50
20:38:16        13.55      4.79      1.71      0.00     13.55      4.79      1.71      0.00
20:38:21         7.43      4.33      1.67      0.00      7.43      4.33      1.67      0.00
20:38:26         4.98      4.05      1.65      0.00      4.98      4.05      1.65      0.00
20:38:31         3.34      3.79      1.63      0.00      3.34      3.79      1.63      0.00
20:38:36         1.83      3.43      1.59      0.00      1.83      3.43      1.59      0.00
20:38:41         1.23      3.21      1.57      3.86      1.23      3.21      1.57      3.86
20:38:46         1.76      3.18      1.60      0.00      1.76      3.18      1.60      0.00
20:38:51         1.18      2.97      1.58      0.00      1.18      2.97      1.58      0.00
20:38:56         0.65      2.69      1.54      0.00      0.65      2.69      1.54      0.00
20:39:01         0.43      2.52      1.52      0.00      0.43      2.52      1.52      0.00
20:39:06         0.23      2.28      1.49      0.00      0.23      2.28      1.49      0.00
20:39:11         0.15      2.13      1.47      0.00      0.15      2.13      1.47      0.00
20:39:16         0.08      1.93      1.44      0.00      0.08      1.93      1.44      0.00
20:39:21         0.05      1.80      1.42      0.00      0.05      1.80      1.42      0.00
20:39:26         0.03      1.63      1.39      0.00      0.03      1.63      1.39      0.00
20:39:31         0.02      1.52      1.37      0.00      0.02      1.52      1.37      0.00
20:39:36         0.01      1.38      1.34      0.00      0.01      1.38      1.34      0.00
20:39:41         0.00      1.29      1.32      0.00      0.00      1.29      1.32      0.00
20:39:46         0.00      1.16      1.29      0.00      0.00      1.16      1.29      0.00
20:39:51         0.00      1.09      1.28      0.00      0.00      1.09      1.28      0.00
20:39:56         7.30      2.54      1.58     19.73      7.30      2.54      1.58     19.73
20:40:01         4.89      2.37      1.56      0.00      4.89      2.37      1.56      0.00
20:40:06         2.68      2.15      1.53      0.00      2.68      2.15      1.53      0.00
20:40:11         1.80      2.01      1.51      0.00      1.80      2.01      1.51      0.00
20:40:16         0.98      1.81      1.47      0.00      0.98      1.81      1.47      0.00
20:40:21         0.66      1.70      1.45      0.00      0.66      1.70      1.45      0.00
20:40:26         0.36      1.54      1.42      0.00      0.36      1.54      1.42      0.00
20:40:31         0.24      1.44      1.40      0.00      0.24      1.44      1.40      0.00
20:40:36         0.13      1.30      1.37      0.00      0.13      1.30      1.37      0.00
20:40:41         0.08      1.21      1.35      0.00      0.08      1.21      1.35      0.00
20:40:46         0.04      1.10      1.33      0.00      0.04      1.10      1.33      0.00
20:40:51         0.03      1.03      1.31      0.00      0.03      1.03      1.31      0.00
20:40:56         0.01      0.93      1.28      0.00      0.01      0.93      1.28      0.00
20:41:01         0.01      0.87      1.26      0.00      0.01      0.87      1.26      0.00
20:41:06         0.00      0.78      1.24      0.00      0.00      0.78      1.24      0.00
20:41:11         0.00      0.73      1.22      0.00      0.00      0.73      1.22      0.00
20:41:16         0.00      0.66      1.19      0.00      0.00      0.66      1.19      0.00
20:41:21         0.00      0.62      1.18      0.00      0.00      0.62      1.18      0.00
20:41:26         0.00      0.56      1.15      0.00      0.00      0.56      1.15      0.00
20:41:31         0.00      0.52      1.13      0.00      0.00      0.52      1.13      0.00
20:41:36         0.00      0.47      1.11      0.00      0.00      0.47      1.11      0.00
20:41:41         0.00      0.44      1.10      0.00      0.00      0.44      1.10      0.00
20:41:46         0.00      0.40      1.07      0.00      0.00      0.40      1.07      0.00
20:41:51         0.00      0.37      1.06      0.00      0.00      0.37      1.06      0.00
20:41:56         0.00      0.33      1.04      0.00      0.00      0.33      1.04      0.00
20:42:01         0.00      0.31      1.02      0.00      0.00      0.31      1.02      0.00
20:42:06         0.00      0.28      1.00      0.00      0.00      0.28      1.00      0.00
20:42:11         0.00      0.26      0.98      0.00      0.00      0.26      0.98      0.00
20:42:16         0.00      0.24      0.96      0.00      0.00      0.24      0.96      0.00
20:42:21         0.00      0.22      0.95      0.00      0.00      0.22      0.95      0.00
20:42:26         0.00      0.20      0.93      0.00      0.00      0.20      0.93      0.00
20:42:31         0.00      0.18      0.92      0.00      0.00      0.18      0.92      0.00
20:42:36         0.00      0.17      0.90      0.00      0.00      0.17      0.90      0.00
20:42:41         0.00      0.15      0.88      0.00      0.00      0.15      0.88      0.00
20:42:46         0.00      0.14      0.87      0.00      0.00      0.14      0.87      0.00
20:42:51         0.00      0.13      0.85      0.00      0.00      0.13      0.85      0.00
20:42:56         0.00      0.12      0.83      0.00      0.00      0.12      0.83      0.00
20:43:01         0.00      0.11      0.82      0.00      0.00      0.11      0.82      0.00
20:43:06         0.00      0.10      0.81      0.00      0.00      0.10      0.81      0.00
20:43:11         0.00      0.09      0.79      0.00      0.00      0.09      0.79      0.00
20:43:16         0.00      0.08      0.78      0.00      0.00      0.08      0.78      0.00
20:43:21         0.00      0.07      0.77      0.00      0.00      0.07      0.77      0.00
20:43:26         0.00      0.06      0.75      0.00      0.00      0.06      0.75      0.00
20:43:31         0.00      0.06      0.74      0.00      0.00      0.06      0.74      0.00
20:43:36         0.00      0.05      0.72      0.00      0.00      0.05      0.72      0.00
20:43:41         0.00      0.05      0.71      0.00      0.00      0.05      0.71      0.00
20:43:46         0.00      0.04      0.70      0.00      0.00      0.04      0.70      0.00
20:43:51         0.00      0.04      0.69      0.00      0.00      0.04      0.69      0.00
20:43:56         0.00      0.03      0.67      0.00      0.00      0.03      0.67      0.00
20:44:01         0.00      0.03      0.66      0.00      0.00      0.03      0.66      0.00
20:44:06         0.18      0.06      0.66      4.67      0.18      0.06      0.66      4.67
20:44:11         1.75      0.40      0.72      0.57      1.75      0.40      0.72      0.57
20:44:16         0.96      0.36      0.70      0.00      0.96      0.36      0.70      0.00
20:44:21         0.64      0.34      0.69      0.00      0.64      0.34      0.69      0.00
20:44:26         0.35      0.31      0.68      0.00      0.35      0.31      0.68      0.00
20:44:31         0.23      0.29      0.67      0.00      0.23      0.29      0.67      0.00
20:44:36         0.12      0.26      0.66      0.00      0.12      0.26      0.66      0.00
20:44:41         0.08      0.24      0.65      0.00      0.08      0.24      0.65      0.00
20:44:46         9.31      2.21      1.06     26.34      9.31      2.21      1.06     26.34
20:44:51         6.24      2.06      1.05      0.00      6.24      2.06      1.05      0.00
20:44:56         3.42      1.87      1.02      0.00      3.42      1.87      1.02      0.00
20:45:01         2.29      1.75      1.01      0.00      2.29      1.75      1.01      0.00
20:45:06         1.26      1.58      0.99      0.00      1.26      1.58      0.99      0.00
20:45:11         0.84      1.48      0.97      0.00      0.84      1.48      0.97      0.00
20:45:16         0.46      1.34      0.95      0.00      0.46      1.34      0.95      0.00
20:45:21         0.31      1.25      0.94      0.00      0.31      1.25      0.94      0.00
20:45:26         0.16      1.13      0.92      0.00      0.16      1.13      0.92      0.00
20:45:31         0.11      1.06      0.91      0.00      0.11      1.06      0.91      0.00
20:45:36         0.06      0.95      0.89      0.00      0.06      0.95      0.89      0.00
20:45:41         0.04      0.89      0.87      0.00      0.04      0.89      0.87      0.00
20:45:46         0.02      0.81      0.86      0.00      0.02      0.81      0.86      0.00
20:45:51         0.01      0.75      0.84      0.00      0.01      0.75      0.84      0.00
20:45:56         4.17      1.43      0.98      9.17      4.17      1.43      0.98      9.17
20:46:01         2.79      1.34      0.97      0.00      2.79      1.34      0.97      0.00
20:46:06         1.53      1.21      0.95      0.00      1.53      1.21      0.95      0.00
20:46:11         1.02      1.13      0.94      0.00      1.02      1.13      0.94      0.00
20:46:16         0.56      1.02      0.92      0.00      0.56      1.02      0.92      0.00
20:46:21         0.37      0.96      0.90      0.00      0.37      0.96      0.90      0.00
20:46:26         0.20      0.86      0.88      0.00      0.20      0.86      0.88      0.00
20:46:31         0.13      0.81      0.87      0.00      0.13      0.81      0.87      0.00
20:46:36         0.07      0.73      0.85      0.00      0.07      0.73      0.85      0.00
20:46:41         0.05      0.68      0.84      0.00      0.05      0.68      0.84      0.00
20:46:46         0.02      0.62      0.82      0.00      0.02      0.62      0.82      0.00
20:46:51         0.01      0.58      0.81      0.00      0.01      0.58      0.81      0.00
20:46:56         0.00      0.52      0.79      0.00      0.00      0.52      0.79      0.00
20:47:01         0.00      0.49      0.78      0.00      0.00      0.49      0.78      0.00
20:47:06         0.00      0.44      0.77      0.00      0.00      0.44      0.77      0.00
20:47:11         0.00      0.41      0.75      0.00      0.00      0.41      0.75      0.00
20:47:16         0.00      0.37      0.74      0.00      0.00      0.37      0.74      0.00
20:47:21         0.00      0.35      0.73      0.00      0.00      0.35      0.73      0.00
20:47:26         0.00      0.31      0.71      0.00      0.00      0.31      0.71      0.00
20:47:31         0.00      0.29      0.70      0.00      0.00      0.29      0.70      0.00
20:47:36         0.00      0.26      0.69      0.00      0.00      0.26      0.69      0.00
20:47:41         0.00      0.24      0.68      0.00      0.00      0.24      0.68      0.00
20:47:46         0.00      0.22      0.66      0.00      0.00      0.22      0.66      0.00
20:47:51         0.00      0.20      0.65      0.00      0.00      0.20      0.65      0.00
20:47:56         0.00      0.18      0.64      0.00      0.00      0.18      0.64      0.00
20:48:01         0.00      0.17      0.63      0.00      0.00      0.17      0.63      0.00
20:48:06         0.00      0.15      0.62      0.00      0.00      0.15      0.62      0.00
20:48:11         0.00      0.14      0.61      0.00      0.00      0.14      0.61      0.00
20:48:16         0.00      0.13      0.59      0.00      0.00      0.13      0.59      0.00
20:48:21         0.00      0.12      0.58      0.00      0.00      0.12      0.58      0.00
20:48:26         0.00      0.11      0.57      0.00      0.00      0.11      0.57      0.00
20:48:31         0.00      0.10      0.56      0.00      0.00      0.10      0.56      0.00
20:48:36         0.00      0.09      0.55      0.00      0.00      0.09      0.55      0.00
20:48:41         0.00      0.08      0.54      0.00      0.00      0.08      0.54      0.00
20:48:46         0.00      0.07      0.53      0.00      0.00      0.07      0.53      0.00
20:48:51         0.00      0.07      0.52      0.00      0.00      0.07      0.52      0.00
20:48:56         0.00      0.06      0.51      0.00      0.00      0.06      0.51      0.00
20:49:01         0.00      0.06      0.50      0.00      0.00      0.06      0.50      0.00
20:49:06         0.00      0.05      0.49      0.00      0.00      0.05      0.49      0.00
20:49:11         0.00      0.04      0.49      0.00      0.00      0.04      0.49      0.00
20:49:16         0.00      0.04      0.48      0.00      0.00      0.04      0.48      0.00
20:49:21         0.00      0.04      0.47      0.00      0.00      0.04      0.47      0.00
20:49:26         0.00      0.03      0.46      0.00      0.00      0.03      0.46      0.00
20:49:31         0.00      0.03      0.45      0.00      0.00      0.03      0.45      0.00
20:49:36         0.00      0.02      0.44      0.00      0.00      0.02      0.44      0.00
20:49:41         0.00      0.02      0.43      0.00      0.00      0.02      0.43      0.00
20:49:46         0.00      0.02      0.42      0.00      0.00      0.02      0.42      0.00
20:49:51         0.00      0.02      0.42      0.00      0.00      0.02      0.42      0.00
20:49:56         0.00      0.01      0.41      0.00      0.00      0.01      0.41      0.00
20:50:01         0.00      0.01      0.40      0.00      0.00      0.01      0.40      0.00
20:50:06         0.00      0.01      0.39      0.00      0.00      0.01      0.39      0.00
20:50:11        13.09      2.39      0.89     50.79     13.09      2.39      0.89     50.79
20:50:16        13.50      3.76      1.22      0.30     13.50      3.76      1.22      0.30
20:50:21         9.05      3.51      1.20      0.00      9.05      3.51      1.20      0.00
20:50:26         4.97      3.18      1.18      0.00      4.97      3.18      1.18      0.00
20:50:31         3.33      2.97      1.16      0.00      3.33      2.97      1.16      0.00
20:50:36         1.82      2.69      1.14      0.00      1.82      2.69      1.14      0.00
20:50:41         1.22      2.52      1.12      0.00      1.22      2.52      1.12      0.00
20:50:46         5.91      3.25      1.30     12.33      5.91      3.25      1.30     12.33
20:50:51         3.96      3.04      1.28      0.00      3.96      3.04      1.28      0.00
20:50:56         2.17      2.75      1.26      0.00      2.17      2.75      1.26      0.00
20:51:01         1.45      2.57      1.24      0.00      1.45      2.57      1.24      0.00
20:51:06         0.80      2.33      1.21      0.00      0.80      2.33      1.21      0.00
20:51:11         0.53      2.18      1.20      0.00      0.53      2.18      1.20      0.00
20:51:16         0.29      1.97      1.17      0.00      0.29      1.97      1.17      0.00
20:51:21         0.19      1.84      1.16      0.00      0.19      1.84      1.16      0.00
20:51:26         0.10      1.67      1.13      0.00      0.10      1.67      1.13      0.00
20:51:31         0.07      1.56      1.11      0.00      0.07      1.56      1.11      0.00
20:51:36         0.03      1.41      1.09      0.00      0.03      1.41      1.09      0.00
20:51:41         0.02      1.32      1.08      0.00      0.02      1.32      1.08      0.00
20:51:46         0.01      1.19      1.05      0.00      0.01      1.19      1.05      0.00
20:51:51         0.00      1.11      1.04      0.00      0.00      1.11      1.04      0.00
20:51:56         0.36      1.07      1.03      8.07      0.36      1.07      1.03      8.07
20:52:01         3.95      1.79      1.19      3.07      3.95      1.79      1.19      3.07
20:52:06         2.17      1.62      1.16      0.00      2.17      1.62      1.16      0.00
20:52:11         1.45      1.52      1.14      0.00      1.45      1.52      1.14      0.00
20:52:16         0.79      1.37      1.12      0.00      0.79      1.37      1.12      0.00
20:52:21         0.53      1.28      1.10      0.00      0.53      1.28      1.10      0.00
20:52:26         0.29      1.16      1.08      0.00      0.29      1.16      1.08      0.00
20:52:31         0.19      1.08      1.07      0.00      0.19      1.08      1.07      0.00
20:52:36         0.10      0.98      1.04      0.00      0.10      0.98      1.04      0.00
20:52:41         0.07      0.92      1.03      0.00      0.07      0.92      1.03      0.00
20:52:46         0.03      0.83      1.01      0.00      0.03      0.83      1.01      0.00
20:52:51         0.02      0.77      0.99      0.00      0.02      0.77      0.99      0.00
20:52:56         0.01      0.70      0.97      0.00      0.01      0.70      0.97      0.00
20:53:01         0.00      0.65      0.96      0.00      0.00      0.65      0.96      0.00
20:53:06         0.00      0.59      0.94      0.00      0.00      0.59      0.94      0.00
20:53:11         0.00      0.55      0.92      0.00      0.00      0.55      0.92      0.00
20:53:16         0.00      0.50      0.90      0.00      0.00      0.50      0.90      0.00
20:53:21         0.00      0.47      0.89      0.00      0.00      0.47      0.89      0.00
20:53:26         0.00      0.42      0.87      0.00      0.00      0.42      0.87      0.00
20:53:31         0.00      0.39      0.86      0.00      0.00      0.39      0.86      0.00
20:53:36         0.00      0.35      0.84      0.00      0.00      0.35      0.84      0.00
20:53:41         0.00      0.33      0.83      0.00      0.00      0.33      0.83      0.00
20:53:46         0.00      0.30      0.81      0.00      0.00      0.30      0.81      0.00
20:53:51         0.00      0.28      0.80      0.00      0.00      0.28      0.80      0.00
20:53:56         0.00      0.25      0.78      0.00      0.00      0.25      0.78      0.00
20:54:01         0.00      0.23      0.77      0.00      0.00      0.23      0.77      0.00
20:54:06         0.00      0.21      0.76      0.00      0.00      0.21      0.76      0.00
20:54:11         0.00      0.20      0.75      0.00      0.00      0.20      0.75      0.00
20:54:16         0.00      0.18      0.73      0.00      0.00      0.18      0.73      0.00
20:54:21         0.00      0.16      0.72      0.00      0.00      0.16      0.72      0.00
20:54:26         0.00      0.15      0.70      0.00      0.00      0.15      0.70      0.00
20:54:31         0.00      0.14      0.69      0.00      0.00      0.14      0.69      0.00
20:54:36         0.00      0.12      0.68      0.00      0.00      0.12      0.68      0.00
20:54:41         0.00      0.11      0.67      0.00      0.00      0.11      0.67      0.00
20:54:46         0.00      0.10      0.65      0.00      0.00      0.10      0.65      0.00
20:54:51         0.00      0.10      0.64      0.00      0.00      0.10      0.64      0.00
20:54:56         0.00      0.08      0.63      0.00      0.00      0.08      0.63      0.00
20:55:01         0.00      0.08      0.62      0.00      0.00      0.08      0.62      0.00
20:55:06         0.00      0.07      0.61      0.00      0.00      0.07      0.61      0.00
20:55:11         0.00      0.06      0.60      0.00      0.00      0.06      0.60      0.00
20:55:16         0.00      0.06      0.59      0.00      0.00      0.06      0.59      0.00
20:55:21         0.00      0.05      0.58      0.00      0.00      0.05      0.58      0.00
20:55:26         0.00      0.05      0.56      0.00      0.00      0.05      0.56      0.00
20:55:31         0.00      0.04      0.56      0.00      0.00      0.04      0.56      0.00
20:55:36         0.00      0.04      0.54      0.00      0.00      0.04      0.54      0.00
20:55:41         0.00      0.03      0.54      0.00      0.00      0.03      0.54      0.00
20:55:46         0.00      0.03      0.52      0.00      0.00      0.03      0.52      0.00
20:55:51         0.00      0.03      0.52      0.00      0.00      0.03      0.52      0.00
20:55:56         0.00      0.02      0.51      0.00      0.00      0.02      0.51      0.00
20:56:01         0.00      0.02      0.50      0.00      0.00      0.02      0.50      0.00
20:56:06         0.00      0.02      0.49      0.00      0.00      0.02      0.49      0.00
20:56:11         2.89      0.54      0.59     21.94      2.89      0.54      0.59     21.94
20:56:16        10.20      2.58      1.04     12.59     10.20      2.58      1.04     12.59
20:56:21         6.83      2.42      1.02      0.00      6.83      2.42      1.02      0.00
20:56:26         3.75      2.19      1.00      0.00      3.75      2.19      1.00      0.00
20:56:31         2.51      2.04      0.99      0.00      2.51      2.04      0.99      0.00
20:56:36         1.38      1.85      0.97      0.00      1.38      1.85      0.97      0.00
20:56:41         0.92      1.73      0.95      0.00      0.92      1.73      0.95      0.00
20:56:46         3.58      2.12      1.05     12.05      3.58      2.12      1.05     12.05
20:56:51         4.33      2.39      1.12      0.54      4.33      2.39      1.12      0.54
20:56:56         2.37      2.17      1.10      0.00      2.37      2.17      1.10      0.00
20:57:01         1.59      2.03      1.08      0.00      1.59      2.03      1.08      0.00
20:57:06         0.87      1.83      1.06      0.00      0.87      1.83      1.06      0.00
20:57:11         0.58      1.71      1.05      0.00      0.58      1.71      1.05      0.00
20:57:16         0.32      1.55      1.02      0.00      0.32      1.55      1.02      0.00
20:57:21         0.21      1.45      1.01      0.00      0.21      1.45      1.01      0.00
20:57:26         0.11      1.31      0.99      0.00      0.11      1.31      0.99      0.00
20:57:31         0.07      1.22      0.97      0.00      0.07      1.22      0.97      0.00
20:57:36         0.04      1.11      0.95      0.00      0.04      1.11      0.95      0.00
20:57:41         0.02      1.03      0.94      0.00      0.02      1.03      0.94      0.00
20:57:46         0.01      0.93      0.92      0.00      0.01      0.93      0.92      0.00
20:57:51         0.00      0.87      0.91      0.00      0.00      0.87      0.91      0.00
20:57:56         0.00      0.79      0.89      0.00      0.00      0.79      0.89      0.00
20:58:01         4.96      1.73      1.09     13.23      4.96      1.73      1.09     13.23
20:58:06         2.72      1.57      1.06      0.00      2.72      1.57      1.06      0.00
20:58:11         1.82      1.46      1.05      0.00      1.82      1.46      1.05      0.00
20:58:16         1.00      1.32      1.03      0.00      1.00      1.32      1.03      0.00
20:58:21         0.67      1.24      1.01      0.00      0.67      1.24      1.01      0.00
20:58:26         0.36      1.12      0.99      0.00      0.36      1.12      0.99      0.00
20:58:31         0.24      1.05      0.98      0.00      0.24      1.05      0.98      0.00
20:58:36         0.13      0.95      0.96      0.00      0.13      0.95      0.96      0.00
20:58:41         0.09      0.88      0.94      0.00      0.09      0.88      0.94      0.00
20:58:46         0.04      0.80      0.92      0.00      0.04      0.80      0.92      0.00
20:58:51         0.03      0.75      0.91      0.00      0.03      0.75      0.91      0.00
20:58:56         0.01      0.67      0.89      0.00      0.01      0.67      0.89      0.00
20:59:01         0.01      0.63      0.88      0.00      0.01      0.63      0.88      0.00
20:59:06         0.00      0.57      0.86      0.00      0.00      0.57      0.86      0.00
20:59:11         0.00      0.53      0.85      0.00      0.00      0.53      0.85      0.00
20:59:16         0.00      0.48      0.83      0.00      0.00      0.48      0.83      0.00
20:59:21         0.00      0.45      0.82      0.00      0.00      0.45      0.82      0.00
20:59:26         0.00      0.40      0.80      0.00      0.00      0.40      0.80      0.00
20:59:31         0.00      0.38      0.79      0.00      0.00      0.38      0.79      0.00
20:59:36         0.00      0.34      0.77      0.00      0.00      0.34      0.77      0.00
20:59:41         0.00      0.32      0.76      0.00      0.00      0.32      0.76      0.00
20:59:46         0.00      0.29      0.74      0.00      0.00      0.29      0.74      0.00
20:59:51         0.00      0.27      0.73      0.00      0.00      0.27      0.73      0.00
20:59:56         0.00      0.24      0.72      0.00      0.00      0.24      0.72      0.00
21:00:01         0.00      0.22      0.71      0.00      0.00      0.22      0.71      0.00
21:00:06         0.00      0.20      0.69      0.00      0.00      0.20      0.69      0.00
21:00:11         0.00      0.19      0.68      0.00      0.00      0.19      0.68      0.00
21:00:16         0.00      0.17      0.67      0.00      0.00      0.17      0.67      0.00
21:00:21         0.00      0.16      0.66      0.00      0.00      0.16      0.66      0.00
21:00:26         0.00      0.14      0.64      0.00      0.00      0.14      0.64      0.00
21:00:31         0.00      0.13      0.63      0.00      0.00      0.13      0.63      0.00
21:00:36         0.00      0.12      0.62      0.00      0.00      0.12      0.62      0.00
21:00:41         0.00      0.11      0.61      0.00      0.00      0.11      0.61      0.00
21:00:46         0.00      0.10      0.60      0.00      0.00      0.10      0.60      0.00
21:00:51         0.00      0.09      0.59      0.00      0.00      0.09      0.59      0.00
21:00:56         0.00      0.08      0.58      0.00      0.00      0.08      0.58      0.00
21:01:01         0.00      0.08      0.57      0.00      0.00      0.08      0.57      0.00
21:01:06         0.00      0.07      0.55      0.00      0.00      0.07      0.55      0.00
21:01:11         0.00      0.06      0.55      0.00      0.00      0.06      0.55      0.00
21:01:16         0.00      0.05      0.54      0.00      0.00      0.05      0.54      0.00
21:01:21         0.00      0.05      0.53      0.00      0.00      0.05      0.53      0.00
21:01:26         0.00      0.04      0.52      0.00      0.00      0.04      0.52      0.00
21:01:31         0.00      0.04      0.51      0.00      0.00      0.04      0.51      0.00
21:01:36         0.00      0.04      0.50      0.00      0.00      0.04      0.50      0.00
21:01:41         0.00      0.03      0.49      0.00      0.00      0.03      0.49      0.00
21:01:46         0.00      0.03      0.48      0.00      0.00      0.03      0.48      0.00
21:01:51         0.00      0.03      0.47      0.00      0.00      0.03      0.47      0.00
21:01:56         0.00      0.02      0.46      0.00      0.00      0.02      0.46      0.00
21:02:01         0.00      0.02      0.45      0.00      0.00      0.02      0.45      0.00
21:02:06         0.00      0.02      0.44      0.00      0.00      0.02      0.44      0.00
21:02:11         0.00      0.02      0.44      3.20      0.00      0.02      0.44      3.20
21:02:16         9.85      2.23      0.91     25.99      9.85      2.23      0.91     25.99
21:02:21         6.61      2.09      0.90      0.00      6.61      2.09      0.90      0.00
21:02:26         3.62      1.89      0.88      0.00      3.62      1.89      0.88      0.00
21:02:31         2.43      1.77      0.87      0.00      2.43      1.77      0.87      0.00
21:02:36         1.33      1.60      0.85      0.00      1.33      1.60      0.85      0.00
21:02:41         0.89      1.50      0.83      0.00      0.89      1.50      0.83      0.00
21:02:46         0.49      1.35      0.82      0.00      0.49      1.35      0.82      0.00
21:02:51         2.70      1.77      0.91      6.65      2.70      1.77      0.91      6.65
21:02:56         1.48      1.60      0.90      0.00      1.48      1.60      0.90      0.00
21:03:01         0.99      1.50      0.88      0.00      0.99      1.50      0.88      0.00
21:03:06         0.54      1.35      0.86      0.00      0.54      1.35      0.86      0.00
21:03:11         0.36      1.27      0.85      0.00      0.36      1.27      0.85      0.00
21:03:16         0.19      1.14      0.83      0.00      0.19      1.14      0.83      0.00
21:03:21         0.13      1.07      0.82      0.00      0.13      1.07      0.82      0.00
21:03:26         0.07      0.97      0.80      0.00      0.07      0.97      0.80      0.00
21:03:31         0.04      0.90      0.79      0.00      0.04      0.90      0.79      0.00
21:03:36         0.02      0.82      0.78      0.00      0.02      0.82      0.78      0.00
21:03:41         0.01      0.76      0.76      0.00      0.01      0.76      0.76      0.00
21:03:46         0.00      0.69      0.75      0.00      0.00      0.69      0.75      0.00
21:03:51         0.00      0.64      0.74      0.00      0.00      0.64      0.74      0.00
21:03:56         0.00      0.58      0.72      0.00      0.00      0.58      0.72      0.00
21:04:01         5.97      1.62      0.94     17.23      5.97      1.62      0.94     17.23
21:04:06         4.37      1.74      0.98      0.00      4.37      1.74      0.98      0.00
21:04:11         2.93      1.63      0.96      0.00      2.93      1.63      0.96      0.00
21:04:16         1.61      1.47      0.94      0.00      1.61      1.47      0.94      0.00
21:04:21         1.07      1.38      0.93      0.00      1.07      1.38      0.93      0.00
21:04:26         0.59      1.25      0.91      0.00      0.59      1.25      0.91      0.00
21:04:31         0.39      1.17      0.90      0.00      0.39      1.17      0.90      0.00
21:04:36         0.21      1.05      0.88      0.00      0.21      1.05      0.88      0.00
21:04:41         0.14      0.99      0.87      0.00      0.14      0.99      0.87      0.00
21:04:46         0.07      0.89      0.85      0.00      0.07      0.89      0.85      0.00
21:04:51         0.05      0.83      0.84      0.00      0.05      0.83      0.84      0.00
21:04:56         0.02      0.75      0.82      0.00      0.02      0.75      0.82      0.00
21:05:01         0.01      0.70      0.81      0.00      0.01      0.70      0.81      0.00
21:05:06         0.00      0.63      0.79      0.00      0.00      0.63      0.79      0.00
21:05:11         0.00      0.59      0.78      0.00      0.00      0.59      0.78      0.00
21:05:16         0.00      0.54      0.76      0.00      0.00      0.54      0.76      0.00
21:05:21         0.00      0.50      0.75      0.00      0.00      0.50      0.75      0.00
21:05:26         0.00      0.45      0.73      0.00      0.00      0.45      0.73      0.00
21:05:31         0.00      0.42      0.72      0.00      0.00      0.42      0.72      0.00
21:05:36         0.00      0.38      0.71      0.00      0.00      0.38      0.71      0.00
21:05:41         0.00      0.36      0.70      0.00      0.00      0.36      0.70      0.00
21:05:46         0.00      0.32      0.68      0.00      0.00      0.32      0.68      0.00
21:05:51         0.00      0.30      0.67      0.00      0.00      0.30      0.67      0.00
21:05:56         0.00      0.27      0.66      0.00      0.00      0.27      0.66      0.00
21:06:01         0.00      0.25      0.65      0.00      0.00      0.25      0.65      0.00
21:06:06         0.00      0.23      0.63      0.00      0.00      0.23      0.63      0.00
21:06:11         0.00      0.21      0.62      0.00      0.00      0.21      0.62      0.00
21:06:16         0.00      0.19      0.61      0.00      0.00      0.19      0.61      0.00
21:06:21         0.00      0.18      0.60      0.00      0.00      0.18      0.60      0.00
21:06:26         0.00      0.16      0.59      0.00      0.00      0.16      0.59      0.00
21:06:31         0.00      0.15      0.58      0.00      0.00      0.15      0.58      0.00
21:06:36         0.00      0.13      0.57      0.00      0.00      0.13      0.57      0.00
21:06:41         0.00      0.12      0.56      0.00      0.00      0.12      0.56      0.00
21:06:46         0.00      0.11      0.55      0.00      0.00      0.11      0.55      0.00
21:06:51         0.00      0.10      0.54      0.00      0.00      0.10      0.54      0.00
21:06:56         0.00      0.09      0.53      0.00      0.00      0.09      0.53      0.00
21:07:01         0.00      0.08      0.52      0.00      0.00      0.08      0.52      0.00
21:07:06         0.00      0.08      0.51      0.00      0.00      0.08      0.51      0.00
21:07:11         0.00      0.07      0.50      0.00      0.00      0.07      0.50      0.00
21:07:16         0.00      0.06      0.49      0.00      0.00      0.06      0.49      0.00
21:07:21         0.00      0.06      0.48      0.00      0.00      0.06      0.48      0.00
21:07:26         0.00      0.05      0.47      0.00      0.00      0.05      0.47      0.00
21:07:31         0.00      0.05      0.47      0.00      0.00      0.05      0.47      0.00
21:07:36         0.00      0.04      0.46      0.00      0.00      0.04      0.46      0.00
21:07:41         0.00      0.04      0.45      0.00      0.00      0.04      0.45      0.00
21:07:46         0.00      0.03      0.44      0.00      0.00      0.03      0.44      0.00
21:07:51         0.00      0.03      0.43      0.00      0.00      0.03      0.43      0.00
21:07:56         0.00      0.03      0.42      0.00      0.00      0.03      0.42      0.00
21:08:01         0.00      0.02      0.42      0.00      0.00      0.02      0.42      0.00
21:08:06         0.00      0.02      0.41      0.00      0.00      0.02      0.41      0.00
21:08:11         0.00      0.02      0.40      0.00      0.00      0.02      0.40      0.00
21:08:16         7.79      1.58      0.73     20.30      7.79      1.58      0.73     20.30
21:08:21         5.22      1.48      0.72      0.00      5.22      1.48      0.72      0.00
21:08:26         2.86      1.34      0.70      0.00      2.86      1.34      0.70      0.00
21:08:31         1.92      1.25      0.69      0.00      1.92      1.25      0.69      0.00
21:08:36         1.05      1.13      0.68      0.00      1.05      1.13      0.68      0.00
21:08:41         0.70      1.06      0.67      0.00      0.70      1.06      0.67      0.00
21:08:46         0.38      0.96      0.65      0.00      0.38      0.96      0.65      0.00
21:08:51         9.86      2.63      1.00     25.29      9.86      2.63      1.00     25.29
21:08:56         6.50      2.65      1.04      0.00      6.50      2.65      1.04      0.00
21:09:01         4.36      2.48      1.03      0.00      4.36      2.48      1.03      0.00
21:09:06         2.39      2.25      1.01      0.00      2.39      2.25      1.01      0.00
21:09:11         1.60      2.10      0.99      0.00      1.60      2.10      0.99      0.00
21:09:16         0.88      1.90      0.97      0.00      0.88      1.90      0.97      0.00
21:09:21         0.58      1.78      0.96      0.00      0.58      1.78      0.96      0.00
21:09:26         0.32      1.61      0.94      0.00      0.32      1.61      0.94      0.00
21:09:31         0.21      1.50      0.92      0.00      0.21      1.50      0.92      0.00
21:09:36         0.11      1.36      0.91      0.00      0.11      1.36      0.91      0.00
21:09:41         0.07      1.27      0.89      0.00      0.07      1.27      0.89      0.00
21:09:46         0.04      1.15      0.87      0.00      0.04      1.15      0.87      0.00
21:09:51         0.02      1.07      0.86      0.00      0.02      1.07      0.86      0.00
21:09:56         0.01      0.97      0.84      0.00      0.01      0.97      0.84      0.00
21:10:01         0.00      0.91      0.83      2.60      0.00      0.91      0.83      2.60
21:10:06         0.73      1.00      0.85      0.00      0.73      1.00      0.85      0.00
21:10:11         0.49      0.94      0.84      0.00      0.49      0.94      0.84      0.00
21:10:16         0.26      0.85      0.82      0.00      0.26      0.85      0.82      0.00
21:10:21         0.18      0.79      0.81      0.00      0.18      0.79      0.81      0.00
21:10:26         0.09      0.72      0.79      0.00      0.09      0.72      0.79      0.00
21:10:31         0.06      0.67      0.78      0.00      0.06      0.67      0.78      0.00
21:10:36         0.03      0.60      0.77      0.00      0.03      0.60      0.77      0.00
21:10:41         0.02      0.56      0.76      0.00      0.02      0.56      0.76      0.00
21:10:46         0.01      0.51      0.74      0.00      0.01      0.51      0.74      0.00
21:10:51         0.00      0.48      0.73      0.00      0.00      0.48      0.73      0.00
21:10:56         0.00      0.43      0.71      0.00      0.00      0.43      0.71      0.00
21:11:01         0.00      0.40      0.70      0.00      0.00      0.40      0.70      0.00
21:11:06         0.00      0.36      0.69      0.00      0.00      0.36      0.69      0.00
21:11:11         0.00      0.34      0.68      0.00      0.00      0.34      0.68      0.00
21:11:16         0.00      0.30      0.66      0.00      0.00      0.30      0.66      0.00
21:11:21         0.00      0.28      0.65      0.00      0.00      0.28      0.65      0.00
21:11:26         0.00      0.26      0.64      0.00      0.00      0.26      0.64      0.00
21:11:31         0.00      0.24      0.63      0.00      0.00      0.24      0.63      0.00
21:11:36         0.00      0.21      0.62      0.00      0.00      0.21      0.62      0.00
21:11:41         0.00      0.20      0.61      0.00      0.00      0.20      0.61      0.00
21:11:46         0.00      0.18      0.59      0.00      0.00      0.18      0.59      0.00
21:11:51         0.00      0.17      0.59      0.00      0.00      0.17      0.59      0.00
21:11:56         0.00      0.15      0.57      0.00      0.00      0.15      0.57      0.00
21:12:01         0.00      0.14      0.56      0.00      0.00      0.14      0.56      0.00
21:12:06         0.00      0.12      0.55      0.00      0.00      0.12      0.55      0.00
21:12:11         0.00      0.12      0.54      0.00      0.00      0.12      0.54      0.00
21:12:16         0.00      0.10      0.53      0.00      0.00      0.10      0.53      0.00
21:12:21         0.00      0.10      0.52      0.00      0.00      0.10      0.52      0.00
21:12:26         0.00      0.09      0.51      0.00      0.00      0.09      0.51      0.00
21:12:31         0.00      0.08      0.50      0.00      0.00      0.08      0.50      0.00
21:12:36         0.00      0.07      0.49      0.00      0.00      0.07      0.49      0.00
21:12:41         0.00      0.07      0.49      0.00      0.00      0.07      0.49      0.00
21:12:46         0.00      0.06      0.48      0.00      0.00      0.06      0.48      0.00
21:12:51         0.00      0.05      0.47      0.00      0.00      0.05      0.47      0.00
21:12:56         0.00      0.05      0.46      0.00      0.00      0.05      0.46      0.00
21:13:01         0.00      0.04      0.45      0.00      0.00      0.04      0.45      0.00
21:13:06         0.00      0.04      0.45      0.00      0.00      0.04      0.45      0.00
21:13:11         0.00      0.04      0.43      0.00      0.00      0.04      0.43      0.00
21:13:16         0.00      0.03      0.43      0.00      0.00      0.03      0.43      0.00
21:13:21         0.00      0.03      0.42      0.00      0.00      0.03      0.42      0.00
21:13:26         0.00      0.02      0.41      0.00      0.00      0.02      0.41      0.00
21:13:31         0.00      0.02      0.40      0.00      0.00      0.02      0.40      0.00
21:13:36         0.00      0.02      0.40      0.00      0.00      0.02      0.40      0.00
21:13:41         0.00      0.02      0.39      0.00      0.00      0.02      0.39      0.00
21:13:46         0.00      0.02      0.38      0.00      0.00      0.02      0.38      0.00
21:13:51         0.00      0.01      0.37      0.00      0.00      0.01      0.37      0.00

Average:         0.86      0.87      0.81      0.90      0.86      0.87      0.81      0.90
