Linux 7.2.0-rc5-virtme (virtme-ng) 	07/31/26 	_x86_64_	(12 CPU)

20:13:55    kbmemfree   kbavail kbmemused  %memused kbbuffers  kbcached  kbcommit   %commit  kbactive   kbinact   kbdirty   kbshmem
20:14:00      5040576   5001344   3140348     38.57         4     40496   8414760     68.21   2958076     40024         0       252
20:14:05      3790548   3751316   4390376     53.92         4     40520   8414760     68.21   4209464     40024         0       252
20:14:10      3790928   3751696   4389996     53.92         4     40520   8414760     68.21   4209464     40024         0       252
20:14:15      3791816   3752584   4389108     53.91         4     40520   8414760     68.21   4209464     40024         0       252
20:14:20      3792960   3753728   4387964     53.89         4     40520   8414760     68.21   4209464     40024         0       252
20:14:25      3793812   3754580   4387112     53.88         4     40520   8414760     68.21   4209464     40024         0       252
20:14:30      3794424   3755192   4386500     53.88         4     40520   8414760     68.21   4209464     40024         0       252
20:14:35      1546052   1506820   6634872     81.49         4     40520   8414760     68.21   6428040     40024         0       252
20:14:40      1248244   1209012   6932680     85.15         4     40520   8414760     68.21   6726044     40024         0       252
20:14:45      1255252   1216020   6925672     85.06         4     40520   8414760     68.21   6726044     40024         0       252
20:14:50      1265032   1225800   6915892     84.94         4     40520   8414760     68.21   6726044     40024         0       252
20:14:55      1269952   1230720   6910972     84.88         4     40520   8414760     68.21   6726044     40024         0       252
20:15:00      1272484   1233252   6908440     84.85         4     40520   8414760     68.21   6726044     40024         0       252
20:15:05      1273608   1234376   6907316     84.84         4     40520   8414760     68.21   6726044     40024         0       252
20:15:10      1274384   1235152   6906540     84.83         4     40520   8414760     68.21   6726044     40024         0       252
20:15:15      1274384   1235152   6906540     84.83         4     40520   8414760     68.21   6726044     40024         0       252
20:15:20      1274384   1235152   6906540     84.83         4     40520   8414760     68.21   6726044     40024         0       252
20:15:25      1274424   1235192   6906500     84.83         4     40520   8414760     68.21   6726044     40024         0       252
20:15:30      1274592   1235360   6906332     84.83         4     40520   8414760     68.21   6726044     40024         0       252
20:15:35      1274736   1235504   6906188     84.82         4     40520   8414760     68.21   6726044     40024         0       252
20:15:40      1274760   1235528   6906164     84.82         4     40520   8414760     68.21   6726044     40024         0       252
20:15:45       444856    405624   7736068     95.02         4     40520   8414760     68.21   7539092     40024         0       252
20:15:50        98124     39388   8102304     99.52         0      3096   8414644     68.21    516548   7427936         0         0
20:15:55        97500     39020   8102672     99.52         0      3436   8414644     68.21    517400   7428196         0         0
20:16:00        97500     39020   8102672     99.52         0      3436   8414644     68.21    517400   7428196         0         0
20:16:05        97500     39020   8102672     99.52         0      3436   8414644     68.21    517400   7428196         0         0
20:16:10        97500     39040   8102652     99.52         0      3436   8414644     68.21    517508   7428212         0         0
20:16:15        97500     39040   8102652     99.52         0      3436   8414644     68.21    517508   7428212         0         0
20:16:20        97500     39040   8102652     99.52         0      3436   8414644     68.21    517508   7428212         0         0
20:16:25        97500     39040   8102652     99.52         0      3436   8414644     68.21    517508   7428212         0         0
20:16:30        97500     39040   8102652     99.52         0      3440   8414644     68.21    517508   7428212         0         0
20:16:35        97500     39040   8102652     99.52         0      3440   8414644     68.21    517508   7428212         0         0
20:16:40        97500     39040   8102652     99.52         0      3440   8414644     68.21    517508   7428212         0         0
20:16:45        97500     39040   8102652     99.52         0      3440   8414644     68.21    517508   7428212         0         0
20:16:50        97500     39040   8102652     99.52         0      3440   8414644     68.21    517632   7428212         0         0
20:16:55        97500     39040   8102652     99.52         0      3444   8414644     68.21    517632   7428212         0         0
20:17:00        97500     39040   8102652     99.52         0      3444   8414644     68.21    517632   7428212         0         0
20:17:05        97500     39040   8102652     99.52         0      3444   8414644     68.21    517632   7428212         0         0
20:17:10        97500     39040   8102652     99.52         0      3444   8414644     68.21    517632   7428212         0         0
20:17:15        97500     39040   8102652     99.52         0      3444   8414644     68.21    517632   7428212         0         0
20:17:20        97500     39040   8102652     99.52         0      3444   8414644     68.21    517756   7428212         0         0
20:17:25        97500     39040   8102652     99.52         0      3444   8414644     68.21    517756   7428212         0         0
20:17:30        97500     39040   8102652     99.52         0      3444   8414644     68.21    517756   7428212         0         0
20:17:35        97500     39040   8102652     99.52         0      3452   8414644     68.21    517756   7428212         0         0
20:17:40        97500     39040   8102652     99.52         0      3452   8414644     68.21    517756   7428212         0         0
20:17:45        97500     39040   8102652     99.52         0      3452   8414644     68.21    517756   7428212         0         0
20:17:50        97500     39040   8102652     99.52         0      3452   8414644     68.21    517756   7428212         0         0
20:17:55        97500     39040   8102652     99.52         0      3452   8414644     68.21    517756   7428212         0         0
20:18:00        97500     39040   8102652     99.52         0      3452   8414644     68.21    517880   7428212         0         0
20:18:05        97500     39040   8102652     99.52         0      3452   8414644     68.21    517880   7428212         0         0
20:18:10        97500     39040   8102652     99.52         0      3452   8414644     68.21    517880   7428212         0         0
20:18:15        96772     38312   8103380     99.53         0      3452   8414644     68.21    517880   7426532         0         0
20:18:20        97724     39264   8102428     99.52         0      3452   8414644     68.21    517880   7425036         0         0
20:18:25        98960     40500   8101192     99.50         0      3452   8414644     68.21    517880   7423984         0         0
20:18:30        99800     41340   8100352     99.49         0      3452   8414644     68.21    517880   7422728         0         0
20:18:35       100332     41872   8099820     99.49         0      3452   8414644     68.21    517880   7421612         0         0
20:18:40       101192     42732   8098960     99.48         0      3452   8414644     68.21    517880   7420744         0         0
20:18:45       101444     42984   8098708     99.47         0      3452   8414644     68.21    518004   7419384         0         0
20:18:50       101708     43248   8098444     99.47         0      3452   8414644     68.21    518004   7418760         0         0
20:18:55       102492     44032   8097660     99.46         0      3452   8414644     68.21    518004   7417632         0         0
20:19:00       103248     44788   8096904     99.45         0      3452   8414644     68.21    518004   7416624         0         0
20:19:05       104004     45544   8096148     99.44         0      3456   8414644     68.21    518004   7415820         0         0
20:19:10       102760     44300   8097392     99.46         0      3456   8414644     68.21    518004   7414696         0         0
20:19:15       103672     45212   8096480     99.44         0      3456   8414644     68.21    518004   7413904         0         0
20:19:20       104800     46340   8095352     99.43         0      3456   8414644     68.21    518128   7412924         0         0
20:19:25       105556     47096   8094596     99.42         0      3456   8414644     68.21    518128   7412008         0         0
20:19:30       102564     44104   8097588     99.46         0      3456   8414644     68.21    518128   7411028         0         0
20:19:35       102564     44104   8097588     99.46         0      3456   8414644     68.21    518128   7410048         0         0
20:19:40       104696     46236   8095456     99.43         0      3456   8414644     68.21    518128   7409268         0         0
20:19:45       105696     47236   8094456     99.42         0      3456   8414644     68.21    518128   7408200         0         0
20:19:50       105740     47280   8094412     99.42         0      3456   8414644     68.21    517340   7408284         0         0
20:19:55       106968     48508   8093184     99.40         0      3456   8414644     68.21    516828   7407760         0         0
20:20:00        82636     23976   8117716     99.71         0      3048   8414644     68.21    717656   7231992         0         0
20:20:05        82636     23976   8117716     99.71         0      3048   8414644     68.21    717656   7231192         0         0
20:20:10        84408     25748   8115944     99.68         0      3048   8414644     68.21    717656   7230220         0         0
20:20:15        85728     27068   8114624     99.67         0      3048   8414644     68.21    717656   7229404         0         0
20:20:20        86512     27852   8113840     99.66         0      3048   8414644     68.21    717656   7228404         0         0
20:20:25        86464     27804   8113888     99.66         0      3052   8414644     68.21    717656   7227664         0         0
20:20:30        86996     28336   8113356     99.65         0      3052   8414644     68.21    717776   7226692         0         0
20:20:35        49680     49680   8092012     99.39         0      1000   8414644     68.21   1469256   6523024         0         0
20:20:40        71804     12036   8129656     99.85         0       944   8414644     68.21   5062376   2907360         0         0
20:20:45        71804     12036   8129656     99.85         0       944   8414644     68.21   5062376   2907360         0         0
20:20:50        71812     12044   8129648     99.85         0       944   8414644     68.21   5062376   2907360         0         0
20:20:55        71812     12044   8129648     99.85         0       944   8414644     68.21   5062376   2907360         0         0
20:21:00        71812     12044   8129648     99.85         0       944   8414644     68.21   5062376   2907360         0         0
20:21:05        71812     12044   8129648     99.85         0       944   8414644     68.21   5062376   2907360         0         0
20:21:10        71812     12044   8129648     99.85         0       944   8414644     68.21   5062496   2907364         0         0
20:21:15        71812     12044   8129648     99.85         0       944   8414644     68.21   5062496   2907364         0         0
20:21:20        71308     11540   8130152     99.86         0       952   8414644     68.21   5062496   2907364         0         0
20:21:25        71308     11540   8130152     99.86         0       952   8414644     68.21   5062496   2907364         0         0
20:21:30        71308     11540   8130152     99.86         0       952   8414644     68.21   5062496   2907364         0         0
20:21:35        71308     11540   8130152     99.86         0       952   8414644     68.21   5062496   2907364         0         0
20:21:40        71056     11288   8130404     99.86         0       956   8414644     68.21   5062496   2907364         0         0
20:21:45        71056     11288   8130404     99.86         0       956   8414644     68.21   5062616   2907368         0         0
20:21:50        66708      7164   8134528     99.91         0      1536   8414644     68.21    757820   7214076         0         0
20:21:55        66660      7240   8134452     99.91         0      1708   8414644     68.21    758028   7214116         0         0
20:22:00        68124      8704   8132988     99.89         0      1708   8414644     68.21    758028   7214116         0         0
20:22:05        68736      9348   8132344     99.89         0      1708   8414644     68.21    758112   7214156         0         0
20:22:10        68736      9348   8132344     99.89         0      1708   8414644     68.21    758112   7214156         0         0
20:22:15        68736      9348   8132344     99.89         0      1708   8414644     68.21    758112   7214156         0         0
20:22:20        68736      9348   8132344     99.89         0      1708   8414644     68.21    758112   7214156         0         0
20:22:25        68736      9348   8132344     99.89         0      1708   8414644     68.21    758112   7214156         0         0
20:22:30        68736      9348   8132344     99.89         0      1708   8414644     68.21    758112   7214156         0         0
20:22:35        68736      9348   8132344     99.89         0      1708   8414644     68.21    758112   7214156         0         0
20:22:40        68736      9348   8132344     99.89         0      1708   8414644     68.21    758112   7214156         0         0
20:22:45        68736      9348   8132344     99.89         0      1708   8414644     68.21    758112   7214156         0         0
20:22:50        68736      9348   8132344     99.89         0      1708   8414644     68.21    758232   7214160         0         0
20:22:55        68736      9348   8132344     99.89         0      1708   8414644     68.21    758232   7214160         0         0
20:23:00        68484      9096   8132596     99.89         0      1708   8414644     68.21    757244   7214744         0         0
20:23:05        68484      9096   8132596     99.89         0      1712   8414644     68.21    755396   7216552         0         0
20:23:10        68484      9096   8132596     99.89         0      1712   8414644     68.21    755180   7216264         0         0
20:23:15        68988      9600   8132092     99.88         0      1712   8414644     68.21    755128   7215308         0         0
20:23:20        69492     10104   8131588     99.88         0      1712   8414644     68.21    755104   7214548         0         0
20:23:25        69972     10584   8131108     99.87         0      1712   8414644     68.21    755224   7213732         0         0
20:23:30        70076     10688   8131004     99.87         0      1712   8414644     68.21    755216   7213064         0         0
20:23:35        71084     11696   8129996     99.86         0      1712   8414644     68.21    755216   7212036         0         0
20:23:40        71616     12228   8129464     99.85         0      1712   8414644     68.21    755216   7210968         0         0
20:23:45        71616     12228   8129464     99.85         0      1712   8414644     68.21    755216   7211076         0         0
20:23:50        71616     12228   8129464     99.85         0      1712   8414644     68.21    755216   7210952         0         0
20:23:55        71616     12228   8129464     99.85         0      1712   8414644     68.21    755216   7210948         0         0
20:24:00        71616     12228   8129464     99.85         0      1712   8414644     68.21    755216   7210900         0         0
20:24:05        71616     12228   8129464     99.85         0      1712   8414644     68.21    755336   7210892         0         0
20:24:10        71616     12228   8129464     99.85         0      1712   8414644     68.21    755336   7210824         0         0
20:24:15        71616     12228   8129464     99.85         0      1716   8414644     68.21    755336   7210920         0         0
20:24:20        71364     11976   8129716     99.85         0      1716   8414644     68.21    755336   7210504         0         0
20:24:25        71868     12480   8129212     99.85         0      1716   8414644     68.21    755336   7209580         0         0
20:24:30        72652     13264   8128428     99.84         0      1716   8414644     68.21    755336   7208440         0         0
20:24:35        73160     13772   8127920     99.83         0      1716   8414644     68.21    755164   7207736         0         0
20:24:40        73892     14504   8127188     99.82         0      1716   8414644     68.21    755164   7206400         0         0
20:24:45        74448     15060   8126632     99.82         0      1716   8414644     68.21    755164   7205452         0         0
20:24:50        75204     15816   8125876     99.81         0      1716   8414644     68.21    755284   7204484         0         0
20:24:55        75456     16068   8125624     99.80         0      1716   8414644     68.21    755284   7203372         0         0
20:25:00        75612     16224   8125468     99.80         0      1724   8414644     68.21    755284   7202432         0         0
20:25:05        76484     17096   8124596     99.79         0      1724   8414644     68.21    755284   7201308         0         0
20:25:10        76988     17600   8124092     99.78         0      1724   8414644     68.21    755284   7200376         0         0
20:25:15        77520     18132   8123560     99.78         0      1724   8414644     68.21    755284   7199208         0         0
20:25:20        78364     18976   8122716     99.77         0      1724   8414644     68.21    755284   7198160         0         0
20:25:25        78868     19480   8122212     99.76         0      1724   8414644     68.21    755284   7197268         0         0
20:25:30        79296     19908   8121784     99.76         0      1724   8414644     68.21    755284   7196136         0         0
20:25:35        79832     20444   8121248     99.75         0      1724   8414644     68.21    755284   7195164         0         0
20:25:40        80856     21468   8120224     99.74         0      1724   8414644     68.21    755284   7193840         0         0
20:25:45        81384     21996   8119696     99.73         0      1724   8414644     68.21    755284   7192940         0         0
20:25:50        81564     22176   8119516     99.73         0      1724   8414644     68.21    755328   7192564         0         0
20:25:55        82572     23184   8118508     99.72         0      1724   8414644     68.21    755308   7191432         0         0
20:26:00        51488     51488   8090204     99.37         0      1684   8414644     68.21   1538372   6444304         0         0
20:26:05        74000     14592   8127100     99.82         0      1688   8414644     68.21   4813312   3155204         0         0
20:26:10        71956     12548   8129144     99.85         0      1688   8414644     68.21   4812724   3155156         0         0
20:26:15        72972     13564   8128128     99.83         0      1688   8414644     68.21   4812724   3154052         0         0
20:26:20        74188     14780   8126912     99.82         0      1688   8414644     68.21   4812724   3152712         0         0
20:26:25        74888     15480   8126212     99.81         0      1688   8414644     68.21   4812724   3152004         0         0
20:26:30        75700     16292   8125400     99.80         0      1688   8414644     68.21   4812724   3150952         0         0
20:26:35        54708     54708   8086984     99.33         0      1688   8414644     68.21   5049876   2934832         0         0
20:26:40        73672     14528   8127164     99.82         0      2244   8414644     68.21   5483856   2482716         0         0
20:26:45        71040     12100   8129592     99.85         0      2528   8414644     68.21   5484164   2482904         0         0
20:26:50        71040     12100   8129592     99.85         0      2532   8414644     68.21   5484284   2482908         0         0
20:26:55        71040     12100   8129592     99.85         0      2532   8414644     68.21   5484284   2482908         0         0
20:27:00        71040     12100   8129592     99.85         0      2536   8414644     68.21   5484284   2482908         0         0
20:27:05        71040     12100   8129592     99.85         0      2536   8414644     68.21   5484284   2482908         0         0
20:27:10        71040     12100   8129592     99.85         0      2536   8414644     68.21   5484288   2482908         0         0
20:27:15        71040     12100   8129592     99.85         0      2536   8414644     68.21   5484288   2482908         0         0
20:27:20        71040     12100   8129592     99.85         0      2536   8414644     68.21   5484288   2482908         0         0
20:27:25        71040     12100   8129592     99.85         0      2536   8414644     68.21   5484412   2482908         0         0
20:27:30        71040     12100   8129592     99.85         0      2536   8414644     68.21   5484412   2482908         0         0
20:27:35        71040     12100   8129592     99.85         0      2536   8414644     68.21   5484412   2482908         0         0
20:27:40        71040     12100   8129592     99.85         0      2536   8414644     68.21   5484412   2482908         0         0
20:27:45        71040     12100   8129592     99.85         0      2536   8414644     68.21   5484412   2482908         0         0
20:27:50        82224     22704   8118988     99.72         0      1376   8414644     68.21   6183232   1775324         0         0
20:27:55        82224     22704   8118988     99.72         0      1376   8414644     68.21   6183232   1775324         0         0
20:28:00        82224     22704   8118988     99.72         0      1376   8414644     68.21   6183232   1775324         0         0
20:28:05        82224     22704   8118988     99.72         0      1376   8414644     68.21   6183232   1775324         0         0
20:28:10        82224     22704   8118988     99.72         0      1376   8414644     68.21   6183352   1775328         0         0
20:28:15        82224     22704   8118988     99.72         0      1376   8414644     68.21   6183352   1775328         0         0
20:28:20        82224     22704   8118988     99.72         0      1376   8414644     68.21   6183352   1775328         0         0
20:28:25        82224     22704   8118988     99.72         0      1376   8414644     68.21   6183352   1775328         0         0
20:28:30        82224     22704   8118988     99.72         0      1376   8414644     68.21   6183352   1775328         0         0
20:28:35        82224     22704   8118988     99.72         0      1376   8414644     68.21   6183352   1775328         0         0
20:28:40        82224     22704   8118988     99.72         0      1376   8414644     68.21   6183352   1775328         0         0
20:28:45        81468     21956   8119736     99.73         0      1384   8414644     68.21   6183460   1775344         0         0
20:28:50        81468     21956   8119736     99.73         0      1384   8414644     68.21   6183460   1775344         0         0
20:28:55        81468     21956   8119736     99.73         0      1384   8414644     68.21   6183460   1775344         0         0
20:29:00        81216     21704   8119988     99.73         0      1384   8414644     68.21   6182860   1775768         0         0
20:29:05        81216     21704   8119988     99.73         0      1384   8414644     68.21   6181344   1776796         0         0
20:29:10        81468     21956   8119736     99.73         0      1388   8414644     68.21   6168160   1788956         0         0
20:29:15        81720     22208   8119484     99.73         0      1388   8414644     68.21   6167732   1789268         0         0
20:29:20        81720     22208   8119484     99.73         0      1388   8414644     68.21   6166984   1789736         0         0
20:29:25        80712     21200   8120492     99.74         0      1392   8414644     68.21   6165208   1790832         0         0
20:29:30        81468     21956   8119736     99.73         0      1392   8414644     68.21   6165160   1790264         0         0
20:29:35        82224     22712   8118980     99.72         0      1392   8414644     68.21   6164552   1789892         0         0
20:29:40        82476     22964   8118728     99.72         0      1392   8414644     68.21   6164272   1789868         0         0
20:29:45        82728     23216   8118476     99.71         0      1392   8414644     68.21   6164104   1789796         0         0
20:29:50        82728     23216   8118476     99.71         0      1392   8414644     68.21   6163712   1790200         0         0
20:29:55        82728     23216   8118476     99.71         0      1392   8414644     68.21   6163540   1790400         0         0
20:30:00        82728     23216   8118476     99.71         0      1392   8414644     68.21   6162968   1790908         0         0
20:30:05        82728     23216   8118476     99.71         0      1392   8414644     68.21   6162532   1791380         0         0
20:30:10        82728     23216   8118476     99.71         0      1392   8414644     68.21   6162380   1791372         0         0
20:30:15        83540     24028   8117664     99.70         0      1392   8414644     68.21   6162376   1790096         0         0
20:30:20        84296     24784   8116908     99.70         0      1392   8414644     68.21   6162352   1789192         0         0
20:30:25        85028     25516   8116176     99.69         0      1392   8414644     68.21   6162464   1787976         0         0
20:30:30        85336     25824   8115868     99.68         0      1392   8414644     68.21   6162424   1787412         0         0
20:30:35        85904     26392   8115300     99.68         0      1392   8414644     68.21   6162408   1786624         0         0
20:30:40        86684     27172   8114520     99.67         0      1392   8414644     68.21   6156076   1791816         0         0
20:30:45        86964     27452   8114240     99.66         0      1392   8414644     68.21   6124644   1822184         0         0
20:30:50        87872     28360   8113332     99.65         0      1392   8414644     68.21   6085088   1860636         0         0
20:30:55        88396     28884   8112808     99.65         0      1392   8414644     68.21   6053032   1891728         0         0
20:31:00        89156     29644   8112048     99.64         0      1392   8414644     68.21   6014196   1929404         0         0
20:31:05        89916     30404   8111288     99.63         0      1392   8414644     68.21   5982832   1959744         0         0
20:31:10        90444     30932   8110760     99.62         0      1392   8414644     68.21   5944064   1997512         0         0
20:31:15        91176     31664   8110028     99.61         0      1392   8414644     68.21   5905160   2035216         0         0
20:31:20        91752     32240   8109452     99.60         0      1392   8414644     68.21   5874328   2065116         0         0
20:31:25        92256     32744   8108948     99.60         0      1392   8414644     68.21   5837168   2101192         0         0
20:31:30        93084     33572   8108120     99.59         0      1392   8414644     68.21   5807316   2130092         0         0
20:31:35        93616     34104   8107588     99.58         0      1392   8414644     68.21   5768692   2167608         0         0
20:31:40        94472     34960   8106732     99.57         0      1392   8414644     68.21   5730688   2204204         0         0
20:31:45        94776     35264   8106428     99.57         0      1392   8414644     68.21   5701616   2232536         0         0
20:31:50        95604     36092   8105600     99.56         0      1392   8414644     68.21   5665424   2267564         0         0
20:31:55        96108     36596   8105096     99.55         0      1392   8414644     68.21   5644452   2287920         0         0
20:32:00        96108     36596   8105096     99.55         0      1396   8414644     68.21   5644572   2287924         0         0
20:32:05        47720     47720   8093972     99.41         0       680   8414644     68.21   3933728   4057588         0         0
20:32:10        58088     58088   8083604     99.29         0       800   8414644     68.21   4196032   3779292         0         0
20:32:15        61068      1244   8140448     99.98         0       800   8414644     68.21   4196032   3778276         0         0
20:32:20        63832      4008   8137684     99.95         0       800   8414644     68.21   4196032   3777660         0         0
20:32:25        63976      4152   8137540     99.95         0       808   8414644     68.21   4196032   3777660         0         0
20:32:30        64416      4592   8137100     99.94         0       808   8414644     68.21   4196032   3777660         0         0
20:32:35        64416      4592   8137100     99.94         0       808   8414644     68.21   4196032   3777660         0         0
20:32:40        57680     57680   8084012     99.29         0       692   8414644     68.21   2055744   5925996         0         0
20:32:45        82408     22500   8119192     99.72         0       688   8414644     68.21   2085992   5868148         0         0
20:32:50        82820     22912   8118780     99.72         0       688   8414644     68.21   2085992   5868148         0         0
20:32:55        83180     23272   8118420     99.71         0       688   8414644     68.21   2086112   5868152         0         0
20:33:00        83372     23464   8118228     99.71         0       688   8414644     68.21   2086112   5868152         0         0
20:33:05        83372     23464   8118228     99.71         0       688   8414644     68.21   2086112   5868152         0         0
20:33:10        83372     23464   8118228     99.71         0       688   8414644     68.21   2086112   5868152         0         0
20:33:15        83372     23464   8118228     99.71         0       688   8414644     68.21   2086112   5868152         0         0
20:33:21        83372     23464   8118228     99.71         0       688   8414644     68.21   2086112   5868152         0         0
20:33:26        83372     23464   8118228     99.71         0       688   8414644     68.21   2086112   5868152         0         0
20:33:31        83372     23464   8118228     99.71         0       688   8414644     68.21   2086112   5868152         0         0
20:33:36        81356     21448   8120244     99.74         0       692   8414644     68.21   2083640   5870620         0         0
20:33:41        81356     21448   8120244     99.74         0       692   8414644     68.21   2083468   5870768         0         0
20:33:46        81356     21448   8120244     99.74         0       692   8414644     68.21   2083440   5870792         0         0
20:33:51        62284      3328   8138364     99.96         0      2688   8414644     68.21   1441948   6536052         0         0
20:33:56        60012      1024   8140668     99.99         0      2636   8414644     68.21   1442216   6535992         0         0
20:34:01        60460      1472   8140220     99.98         0      2636   8414644     68.21   1442216   6535992         0         0
20:34:06        60968      1980   8139712     99.98         0      2636   8414644     68.21   1442216   6535992         0         0
20:34:11        61012      2024   8139668     99.98         0      2636   8414644     68.21   1442216   6535992         0         0
20:34:16        61012      2024   8139668     99.98         0      2636   8414644     68.21   1442216   6535992         0         0
20:34:21        61012      2024   8139668     99.98         0      2636   8414644     68.21   1442336   6535996         0         0
20:34:26        61012      2024   8139668     99.98         0      2636   8414644     68.21   1442336   6535996         0         0
20:34:31        61012      2024   8139668     99.98         0      2636   8414644     68.21   1442336   6535996         0         0
20:34:36        57144     57144   8084548     99.30         0      2640   8414644     68.21   1442336   6535996         0         0
20:34:41        58412     58412   8083280     99.28         0      2640   8414644     68.21   1442336   6535996         0         0
20:34:46        59020        32   8141660    100.00         0      2640   8414644     68.21   1442336   6535996         0         0
20:34:51        59672       684   8141008     99.99         0      2640   8414644     68.21   1442336   6535996         0         0
20:34:56        59980       992   8140700     99.99         0      2640   8414644     68.21   1442456   6536000         0         0
20:35:01        59996      1008   8140684     99.99         0      2640   8414644     68.21   1442472   6536000         0         0
20:35:06        59996      1008   8140684     99.99         0      2640   8414644     68.21   1430228   6547684         0         0
20:35:11        59996      1008   8140684     99.99         0      2640   8414644     68.21   1426356   6551456         0         0
20:35:16        59996      1008   8140684     99.99         0      2644   8414644     68.21   1422792   6554252         0         0
20:35:21        60500      1512   8140180     99.98         0      2644   8414644     68.21   1421968   6554652         0         0
20:35:26        61004      2016   8139676     99.98         0      2644   8414644     68.21   1421080   6554820         0         0
20:35:31        61256      2268   8139424     99.97         0      2644   8414644     68.21   1416716   6558648         0         0
20:35:36        61760      2772   8138920     99.97         0      2644   8414644     68.21   1394380   6579952         0         0
20:35:41        62516      3528   8138164     99.96         0      2644   8414644     68.21   1371252   6602116         0         0
20:35:46        62768      3780   8137912     99.95         0      2644   8414644     68.21   1357648   6614696         0         0
20:35:51        63524      4536   8137156     99.94         0      2644   8414644     68.21   1353640   6617788         0         0
20:35:56        64280      5292   8136400     99.94         0      2644   8414644     68.21   1353564   6616668         0         0
20:36:01        64280      5292   8136400     99.94         0      2644   8414644     68.21   1350236   6619768         0         0
20:36:06        65288      6300   8135392     99.92         0      2644   8414644     68.21   1337396   6631416         0         0
20:36:11        63524      4536   8137156     99.94         0      2652   8414644     68.21   1330228   6637340         0         0
20:36:16        64144      5156   8136536     99.94         0      2652   8414644     68.21   1326200   6640552         0         0
20:36:21        64680      5692   8136000     99.93         0      2652   8414644     68.21   1312248   6653264         0         0
20:36:26        65912      6924   8134768     99.91         0      2652   8414644     68.21   1310828   6653744         0         0
20:36:31        66840      7852   8133840     99.90         0      2652   8414644     68.21   1279432   6683976         0         0
20:36:36        67560      8572   8133120     99.89         0      2652   8414644     68.21   1251368   6711048         0         0
20:36:41        68060      9072   8132620     99.89         0      2652   8414644     68.21   1237644   6724352         0         0
20:36:46        68460      9472   8132220     99.88         0      2652   8414644     68.21   1224868   6736712         0         0
20:36:51        69740     10752   8130940     99.87         0      2652   8414644     68.21   1224644   6735916         0         0
20:36:56        70392     11404   8130288     99.86         0      2652   8414644     68.21   1224640   6734652         0         0
20:37:01        70808     11820   8129872     99.85         0      2652   8414644     68.21   1224760   6733780         0         0
20:37:06        71564     12576   8129116     99.85         0      2652   8414644     68.21   1224760   6732504         0         0
20:37:11        71816     12828   8128864     99.84         0      2656   8414644     68.21   1224760   6732148         0         0
20:37:16        72068     13080   8128612     99.84         0      2656   8414644     68.21   1224424   6732284         0         0
20:37:21        72068     13080   8128612     99.84         0      2656   8414644     68.21   1221080   6735420         0         0
20:37:26        72080     13092   8128600     99.84         0      2656   8414644     68.21   1219064   6737108         0         0
20:37:31        72436     13448   8128244     99.83         0      2656   8414644     68.21   1216052   6739944         0         0
20:37:36        72688     13700   8127992     99.83         0      2656   8414644     68.21   1214132   6741496         0         0
20:37:41        72916     13928   8127764     99.83         0      2656   8414644     68.21   1212932   6742380         0         0
20:37:46        73168     14180   8127512     99.83         0      2656   8414644     68.21   1211324   6743600         0         0
20:37:51        73216     14228   8127464     99.83         0      2656   8414644     68.21   1210452   6741780         0         0
20:37:56        74232     15244   8126448     99.81         0      2656   8414644     68.21   1210264   6742632         0         0
20:38:01        74964     15976   8125716     99.80         0      2656   8414644     68.21   1210192   6741536         0         0
20:38:06        49392     49392   8092300     99.39         0      2956   8414644     68.21   2835140   5154936         0         0
20:38:11        67960      9228   8132464     99.89         0      3144   8414644     68.21   2781796   5185876         0         0
20:38:16        64524      5916   8135776     99.93         0      3428   8414644     68.21   2781848   5185052         0         0
20:38:21        67464      8856   8132836     99.89         0      3428   8414644     68.21   2781848   5183840         0         0
20:38:26        69508     10924   8130768     99.87         0      3428   8414644     68.21   2781924   5183316         0         0
20:38:31        70220     11636   8130056     99.86         0      3428   8414644     68.21   2781924   5183316         0         0
20:38:36        70236     11652   8130040     99.86         0      3428   8414644     68.21   2781924   5183316         0         0
20:38:41        79940     21388   8120304     99.74         0      3492   8414644     68.21   3568812   4391344         0         0
20:38:46        79880     21328   8120364     99.74         0      3492   8414644     68.21   3568860   4391200         0         0
20:38:51        79880     21328   8120364     99.74         0      3492   8414644     68.21   3568860   4391200         0         0
20:38:56        79880     21328   8120364     99.74         0      3492   8414644     68.21   3568980   4391204         0         0
20:39:01        79880     21328   8120364     99.74         0      3492   8414644     68.21   3568980   4391204         0         0
20:39:06        79880     21328   8120364     99.74         0      3492   8414644     68.21   3568980   4391204         0         0
20:39:11        79880     21328   8120364     99.74         0      3492   8414644     68.21   3568980   4391204         0         0
20:39:16        79880     21328   8120364     99.74         0      3492   8414644     68.21   3568980   4391204         0         0
20:39:21        79880     21328   8120364     99.74         0      3492   8414644     68.21   3568980   4391204         0         0
20:39:26        79880     21328   8120364     99.74         0      3492   8414644     68.21   3568980   4391204         0         0
20:39:31        79880     21328   8120364     99.74         0      3492   8414644     68.21   3568980   4391204         0         0
20:39:36        79880     21328   8120364     99.74         0      3492   8414644     68.21   3568980   4391204         0         0
20:39:41        79880     21328   8120364     99.74         0      3492   8414644     68.21   3569100   4391208         0         0
20:39:46        78872     20320   8121372     99.75         0      3496   8414644     68.21   3569100   4391208         0         0
20:39:51        74336     15784   8125908     99.81         0      3504   8414644     68.21   3569100   4391208         0         0
20:39:56        65992      7204   8134488     99.91         0      3016   8414644     68.21   2679444   5291520         0         0
20:40:01        56260     56260   8085432     99.31         0      3108   8414644     68.21   2679772   5291600         0         0
20:40:06        56648     56648   8085044     99.30         0      3112   8414644     68.21   2679772   5291600         0         0
20:40:11        57024     57024   8084668     99.30         0      3112   8414644     68.21   2679772   5291600         0         0
20:40:16        58212     58212   8083480     99.29         0      3112   8414644     68.21   2679772   5291600         0         0
20:40:21        59084       348   8141344    100.00         0      3112   8414644     68.21   2679772   5291600         0         0
20:40:26        59848      1120   8140572     99.99         0      3112   8414644     68.21   2679888   5291608         0         0
20:40:31        60516      1788   8139904     99.98         0      3112   8414644     68.21   2679888   5291608         0         0
20:40:36        61100      2372   8139320     99.97         0      3112   8414644     68.21   2679996   5291608         0         0
20:40:41        62060      3332   8138360     99.96         0      3112   8414644     68.21   2679996   5291608         0         0
20:40:46        62452      3724   8137968     99.95         0      3112   8414644     68.21   2679996   5291608         0         0
20:40:51        62796      4068   8137624     99.95         0      3112   8414644     68.21   2679996   5291608         0         0
20:40:56        63096      4368   8137324     99.95         0      3112   8414644     68.21   2679996   5291608         0         0
20:41:01        63360      4632   8137060     99.94         0      3112   8414644     68.21   2679996   5291608         0         0
20:41:06        62580      3852   8137840     99.95         0      3112   8414644     68.21   2674660   5296236         0         0
20:41:11        63872      5144   8136548     99.94         0      3112   8414644     68.21   2664056   5305800         0         0
20:41:16        64804      6076   8135616     99.93         0      3112   8414644     68.21   2649032   5319944         0         0
20:41:21        65212      6484   8135208     99.92         0      3116   8414644     68.21   2648708   5319760         0         0
20:41:26        65772      7044   8134648     99.91         0      3116   8414644     68.21   2643256   5324512         0         0
20:41:31        66756      8028   8133664     99.90         0      3116   8414644     68.21   2621824   5344716         0         0
20:41:36        67308      8580   8133112     99.89         0      3116   8414644     68.21   2601884   5363736         0         0
20:41:41        67812      9084   8132608     99.89         0      3116   8414644     68.21   2589140   5375812         0         0
20:41:46        68316      9588   8132104     99.88         0      3116   8414644     68.21   2589140   5374916         0         0
20:41:51        69072     10344   8131348     99.87         0      3116   8414644     68.21   2589244   5373692         0         0
20:41:56        69828     11100   8130592     99.86         0      3116   8414644     68.21   2589108   5372964         0         0
20:42:01        70332     11604   8130088     99.86         0      3116   8414644     68.21   2587536   5373664         0         0
20:42:06        71064     12336   8129356     99.85         0      3116   8414644     68.21   2586384   5373724         0         0
20:42:11        71568     12840   8128852     99.84         0      3116   8414644     68.21   2585124   5374048         0         0
20:42:16        71872     13144   8128548     99.84         0      3116   8414644     68.21   2584124   5374184         0         0
20:42:21        73384     14656   8127036     99.82         0      3120   8414644     68.21   2584008   5373460         0         0
20:42:26        73888     15160   8126532     99.81         0      3120   8414644     68.21   2583940   5372872         0         0
20:42:31        74140     15412   8126280     99.81         0      3120   8414644     68.21   2583472   5372828         0         0
20:42:36        74644     15916   8125776     99.80         0      3120   8414644     68.21   2582432   5373244         0         0
20:42:41        74932     16204   8125488     99.80         0      3120   8414644     68.21   2581680   5373340         0         0
20:42:46        75448     16720   8124972     99.79         0      3120   8414644     68.21   2581156   5373132         0         0
20:42:51        75928     17200   8124492     99.79         0      3120   8414644     68.21   2580664   5372864         0         0
20:42:56        76232     17504   8124188     99.79         0      3120   8414644     68.21   2579768   5372700         0         0
20:43:01        77020     18292   8123400     99.78         0      3120   8414644     68.21   2579384   5372428         0         0
20:43:06        77296     18568   8123124     99.77         0      3120   8414644     68.21   2579080   5372248         0         0
20:43:11        77548     18820   8122872     99.77         0      3120   8414644     68.21   2578792   5372080         0         0
20:43:16        78028     19300   8122392     99.76         0      3120   8414644     68.21   2578840   5370996         0         0
20:43:21        78584     19856   8121836     99.76         0      3120   8414644     68.21   2578832   5370240         0         0
20:43:26        79376     20648   8121044     99.75         0      3120   8414644     68.21   2578804   5369028         0         0
20:43:31        79856     21128   8120564     99.74         0      3120   8414644     68.21   2577360   5369236         0         0
20:43:36        80412     21684   8120008     99.73         0      3128   8414644     68.21   2577208   5368464         0         0
20:43:41        81284     22556   8119136     99.72         0      3128   8414644     68.21   2577020   5367424         0         0
20:43:46        81788     23060   8118632     99.72         0      3128   8414644     68.21   2577004   5366452         0         0
20:43:51        82304     23576   8118116     99.71         0      3128   8414644     68.21   2576408   5365788         0         0
20:43:56        83080     24352   8117340     99.70         0      3128   8414644     68.21   2571684   5369536         0         0
20:44:01        83584     24856   8116836     99.69         0      3128   8414644     68.21   2567812   5372896         0         0
20:44:06        54588     54588   8087104     99.33         0      3192   8414644     68.21   3369920   4605888         0         0
20:44:11        67100      8404   8133288     99.90         0      3192   8414644     68.21   3669232   4298440         0         0
20:44:16        67100      8404   8133288     99.90         0      3192   8414644     68.21   3669328   4298452         0         0
20:44:21        67100      8404   8133288     99.90         0      3192   8414644     68.21   3669328   4298452         0         0
20:44:26        66092      7396   8134296     99.91         0      3196   8414644     68.21   3669328   4298452         0         0
20:44:31        66092      7396   8134296     99.91         0      3196   8414644     68.21   3669328   4298452         0         0
20:44:36        66436      7740   8133952     99.90         0      3196   8414644     68.21   3669328   4298452         0         0
20:44:41        66436      7740   8133952     99.90         0      3196   8414644     68.21   3669328   4298452         0         0
20:44:46        76660     16884   8124808     99.79         0      1264   8414644     68.21   2769328   5189488         0         0
20:44:51        70080     11336   8130356     99.86         0      3156   8414644     68.21   2771008   5190452         0         0
20:44:56        70704     11960   8129732     99.85         0      3160   8414644     68.21   2771128   5190456         0         0
20:45:01        71800     13056   8128636     99.84         0      3160   8414644     68.21   2771128   5190456         0         0
20:45:06        72816     14072   8127620     99.83         0      3160   8414644     68.21   2771128   5190456         0         0
20:45:11        73104     14360   8127332     99.82         0      3160   8414644     68.21   2771128   5190456         0         0
20:45:16        73104     14360   8127332     99.82         0      3160   8414644     68.21   2771128   5190456         0         0
20:45:21        73104     14360   8127332     99.82         0      3160   8414644     68.21   2771128   5190456         0         0
20:45:26        72852     14108   8127584     99.83         0      3160   8414644     68.21   2769224   5192192         0         0
20:45:31        72852     14108   8127584     99.83         0      3160   8414644     68.21   2768436   5192928         0         0
20:45:36        72932     14188   8127504     99.83         0      3160   8414644     68.21   2768548   5192932         0         0
20:45:41        73080     14336   8127356     99.82         0      3160   8414644     68.21   2768544   5192940         0         0
20:45:46        73128     14384   8127308     99.82         0      3160   8414644     68.21   2768540   5192944         0         0
20:45:51        73128     14384   8127308     99.82         0      3160   8414644     68.21   2768528   5192956         0         0
20:45:56        80988     22276   8119416     99.73         0      3224   8414644     68.21   5184616   2770272         0         0
20:46:01        80988     22276   8119416     99.73         0      3224   8414644     68.21   5184616   2770272         0         0
20:46:06        82156     23444   8118248     99.71         0      3224   8414644     68.21   5184616   2770272         0         0
20:46:11        82804     24092   8117600     99.70         0      3224   8414644     68.21   5184736   2770276         0         0
20:46:16        82804     24092   8117600     99.70         0      3224   8414644     68.21   5184736   2770276         0         0
20:46:21        82804     24092   8117600     99.70         0      3224   8414644     68.21   5184736   2770276         0         0
20:46:26        82804     24092   8117600     99.70         0      3224   8414644     68.21   5184736   2770276         0         0
20:46:31        82804     24092   8117600     99.70         0      3224   8414644     68.21   5184736   2770276         0         0
20:46:36        82804     24092   8117600     99.70         0      3224   8414644     68.21   5184736   2770276         0         0
20:46:41        82552     23840   8117852     99.71         0      3228   8414644     68.21   5184736   2770276         0         0
20:46:46        82552     23840   8117852     99.71         0      3228   8414644     68.21   5184736   2770276         0         0
20:46:51        82552     23840   8117852     99.71         0      3228   8414644     68.21   5184856   2770280         0         0
20:46:56        82552     23840   8117852     99.71         0      3228   8414644     68.21   5184856   2770280         0         0
20:47:01        82552     23840   8117852     99.71         0      3228   8414644     68.21   5184856   2770280         0         0
20:47:06        82300     23588   8118104     99.71         0      3228   8414644     68.21   5184464   2770484         0         0
20:47:11        82528     23816   8117876     99.71         0      3228   8414644     68.21   5179820   2773684         0         0
20:47:16        73344     14632   8127060     99.82         0      3236   8414644     68.21   5179764   2772964         0         0
20:47:21        75092     16380   8125312     99.80         0      3236   8414644     68.21   5175860   2775800         0         0
20:47:26        75960     17248   8124444     99.79         0      3240   8414644     68.21   5175000   2775812         0         0
20:47:31        73332     14620   8127072     99.82         0      3244   8414644     68.21   5175116   2774788         0         0
20:47:36        76240     17528   8124164     99.78         0      3244   8414644     68.21   5175116   2774152         0         0
20:47:41        78124     19412   8122280     99.76         0      3244   8414644     68.21   5175100   2773516         0         0
20:47:46        80208     21496   8120196     99.74         0      3244   8414644     68.21   5175052   2772228         0         0
20:47:51        81840     23128   8118564     99.72         0      3244   8414644     68.21   5175020   2769428         0         0
20:47:56        83320     24608   8117084     99.70         0      3244   8414644     68.21   5174972   2770300         0         0
20:48:01        84416     25704   8115988     99.68         0      3244   8414644     68.21   5174960   2769132         0         0
20:48:06        84968     26256   8115436     99.68         0      3244   8414644     68.21   5174952   2768908         0         0
20:48:11        85936     27224   8114468     99.67         0      3244   8414644     68.21   5172108   2770936         0         0
20:48:16        86464     27752   8113940     99.66         0      3244   8414644     68.21   5169204   2773380         0         0
20:48:21        87168     28456   8113236     99.65         0      3244   8414644     68.21   5163148   2778560         0         0
20:48:26        88100     29388   8112304     99.64         0      3244   8414644     68.21   5162364   2778408         0         0
20:48:31        88932     30220   8111472     99.63         0      3244   8414644     68.21   5156396   2783436         0         0
20:48:36        89508     30796   8110896     99.62         0      3244   8414644     68.21   5144984   2793820         0         0
20:48:41        90264     31552   8110140     99.61         0      3244   8414644     68.21   5131148   2806772         0         0
20:48:46        90932     32220   8109472     99.60         0      3244   8414644     68.21   5109676   2827032         0         0
20:48:51        91664     32952   8108740     99.60         0      3244   8414644     68.21   5085628   2850160         0         0
20:48:56        92444     33732   8107960     99.59         0      3244   8414644     68.21   5053156   2881480         0         0
20:49:01        92976     34264   8107428     99.58         0      3244   8414644     68.21   5029204   2904396         0         0
20:49:06        93272     34560   8107132     99.58         0      3244   8414644     68.21   5014740   2918152         0         0
20:49:11        93500     34788   8106904     99.57         0      3244   8414644     68.21   4996480   2935812         0         0
20:49:16        94532     35820   8105872     99.56         0      3244   8414644     68.21   4980092   2951480         0         0
20:49:21        94820     36108   8105584     99.56         0      3244   8414644     68.21   4980088   2950892         0         0
20:49:26        95584     36872   8104820     99.55         0      3244   8414644     68.21   4980084   2949564         0         0
20:49:31        96340     37628   8104064     99.54         0      3244   8414644     68.21   4977784   2951136         0         0
20:49:36        96872     38160   8103532     99.53         0      3244   8414644     68.21   4953132   2974720         0         0
20:49:41        97376     38664   8103028     99.53         0      3244   8414644     68.21   4930916   2995980         0         0
20:49:46        97992     39280   8102412     99.52         0      3244   8414644     68.21   4899144   3026724         0         0
20:49:51        98724     40012   8101680     99.51         0      3244   8414644     68.21   4882340   3042868         0         0
20:49:56        99388     40676   8101016     99.50         0      3244   8414644     68.21   4857588   3066156         0         0
20:50:01       100144     41432   8100260     99.49         0      3244   8414644     68.21   4832232   3090456         0         0
20:50:06       100456     41744   8099948     99.49         0      3248   8414644     68.21   4813280   3108536         0         0
20:50:11        60452       852   8140840     99.99         0      1172   8414644     68.21   1434152   6542324         0         0
20:50:16        77552     18868   8122824     99.77         0      3204   8414644     68.21   1506000   6446420         0         0
20:50:21        78664     19980   8121712     99.75         0      3204   8414644     68.21   1506000   6445188         0         0
20:50:26        80392     21708   8119984     99.73         0      3204   8414644     68.21   1505764   6444144         0         0
20:50:31        78000     19316   8122376     99.76         0      3208   8414644     68.21   1505680   6443516         0         0
20:50:36        80048     21364   8120328     99.74         0      3208   8414644     68.21   1505800   6443328         0         0
20:50:41        80820     22136   8119556     99.73         0      3208   8414644     68.21   1505800   6443328         0         0
20:50:46        73728     15076   8126616     99.81         0      3272   8414644     68.21   6640852   1324364         0         0
20:50:51        73728     15076   8126616     99.81         0      3272   8414644     68.21   6640852   1324364         0         0
20:50:56        73728     15076   8126616     99.81         0      3272   8414644     68.21   6640852   1324364         0         0
20:51:01        61748      3096   8138596     99.96         0      3280   8414644     68.21   6640852   1324364         0         0
20:51:06        62904      4252   8137440     99.95         0      3280   8414644     68.21   6640852   1324364         0         0
20:51:11        64252      5600   8136092     99.93         0      3280   8414644     68.21   6640852   1324364         0         0
20:51:16        65432      6780   8134912     99.92         0      3280   8414644     68.21   6640852   1324364         0         0
20:51:21        66464      7812   8133880     99.90         0      3280   8414644     68.21   6640972   1324368         0         0
20:51:26        67368      8716   8132976     99.89         0      3280   8414644     68.21   6640972   1324368         0         0
20:51:31        68160      9508   8132184     99.88         0      3280   8414644     68.21   6640972   1324368         0         0
20:51:36        69456     10804   8130888     99.87         0      3280   8414644     68.21   6640972   1324368         0         0
20:51:41        69984     11332   8130360     99.86         0      3280   8414644     68.21   6640972   1324368         0         0
20:51:46        70448     11796   8129896     99.86         0      3280   8414644     68.21   6640972   1324368         0         0
20:51:51        70852     12200   8129492     99.85         0      3280   8414644     68.21   6640972   1324368         0         0
20:51:56        46504     46504   8095188     99.43         0      1456   8414644     68.21    285504   7705700         0         0
20:52:01        70168     10540   8131152     99.87         0      1328   8414644     68.21   1213780   6753084         0         0
20:52:06        70168     10540   8131152     99.87         0      1328   8414644     68.21   1213780   6753084         0         0
20:52:11        70168     10540   8131152     99.87         0      1328   8414644     68.21   1213780   6753084         0         0
20:52:16        70168     10540   8131152     99.87         0      1328   8414644     68.21   1213780   6753084         0         0
20:52:21        70168     10540   8131152     99.87         0      1328   8414644     68.21   1213900   6753088         0         0
20:52:26        70168     10540   8131152     99.87         0      1328   8414644     68.21   1213900   6753088         0         0
20:52:31        70168     10540   8131152     99.87         0      1328   8414644     68.21   1213900   6753088         0         0
20:52:36        70168     10540   8131152     99.87         0      1328   8414644     68.21   1213900   6753088         0         0
20:52:41        66780      7152   8134540     99.91         0      1332   8414644     68.21   1213900   6753088         0         0
20:52:46        67568      7940   8133752     99.90         0      1332   8414644     68.21   1213900   6753088         0         0
20:52:51        68424      8796   8132896     99.89         0      1332   8414644     68.21   1213900   6753088         0         0
20:52:56        68828      9200   8132492     99.89         0      1332   8414644     68.21   1213900   6753088         0         0
20:53:01        69156      9528   8132164     99.88         0      1332   8414644     68.21   1214020   6753092         0         0
20:53:06        69156      9528   8132164     99.88         0      1332   8414644     68.21   1214020   6753092         0         0
20:53:11        68904      9276   8132416     99.89         0      1332   8414644     68.21   1213308   6753308         0         0
20:53:16        61216      1588   8140104     99.98         0      1336   8414644     68.21   1211920   6753584         0         0
20:53:21        62968      3340   8138352     99.96         0      1336   8414644     68.21   1210764   6754004         0         0
20:53:26        64600      4972   8136720     99.94         0      1336   8414644     68.21   1210196   6753728         0         0
20:53:31        60292       664   8141028     99.99         0      1340   8414644     68.21   1208888   6754088         0         0
20:53:36        64300      4672   8137020     99.94         0      1340   8414644     68.21   1207772   6754356         0         0
20:53:41        67724      8096   8133596     99.90         0      1340   8414644     68.21   1207768   6753248         0         0
20:53:46        69588      9960   8131732     99.88         0      1340   8414644     68.21   1207884   6752172         0         0
20:53:51        70480     10852   8130840     99.87         0      1340   8414644     68.21   1207860   6751284         0         0
20:53:56        70820     11192   8130500     99.86         0      1340   8414644     68.21   1207176   6751612         0         0
20:54:01        71368     11740   8129952     99.86         0      1340   8414644     68.21   1206408   6751676         0         0
20:54:06        72384     12756   8128936     99.84         0      1340   8414644     68.21   1205536   6751640         0         0
20:54:11        73368     13740   8127952     99.83         0      1340   8414644     68.21   1203644   6753184         0         0
20:54:16        73820     14192   8127500     99.83         0      1340   8414644     68.21   1202552   6753440         0         0
20:54:21        74500     14872   8126820     99.82         0      1340   8414644     68.21   1202056   6753172         0         0
20:54:26        74904     15276   8126416     99.81         0      1340   8414644     68.21   1199384   6755528         0         0
20:54:31        75484     15856   8125836     99.81         0      1340   8414644     68.21   1198592   6755520         0         0
20:54:36        75964     16336   8125356     99.80         0      1340   8414644     68.21   1198096   6755484         0         0
20:54:41        76240     16612   8125080     99.80         0      1340   8414644     68.21   1194736   6758248         0         0
20:54:46        74972     15344   8126348     99.81         0      1348   8414644     68.21   1192388   6760244         0         0
20:54:51        75224     15596   8126096     99.81         0      1348   8414644     68.21   1191148   6761236         0         0
20:54:56        75728     16100   8125592     99.80         0      1348   8414644     68.21   1190808   6760828         0         0
20:55:01        76484     16856   8124836     99.79         0      1348   8414644     68.21   1190560   6760080         0         0
20:55:06        77244     17616   8124076     99.78         0      1348   8414644     68.21   1190456   6759016         0         0
20:55:11        77772     18144   8123548     99.78         0      1348   8414644     68.21   1190232   6758344         0         0
20:55:16        72528     12900   8128792     99.84         0      1352   8414644     68.21   1190260   6757200         0         0
20:55:21        75048     15420   8126272     99.81         0      1352   8414644     68.21   1190192   6756148         0         0
20:55:26        76692     17064   8124628     99.79         0      1352   8414644     68.21   1190016   6755320         0         0
20:55:31        78596     18968   8122724     99.77         0      1352   8414644     68.21   1189696   6754700         0         0
20:55:36        79660     20032   8121660     99.75         0      1352   8414644     68.21   1189180   6754268         0         0
20:55:41        80820     21192   8120500     99.74         0      1352   8414644     68.21   1188892   6753628         0         0
20:55:46        81548     21920   8119772     99.73         0      1352   8414644     68.21   1188628   6753056         0         0
20:55:51        82280     22652   8119040     99.72         0      1352   8414644     68.21   1188392   6752400         0         0
20:55:56        82784     23156   8118536     99.72         0      1352   8414644     68.21   1187444   6752360         0         0
20:56:01        83048     23420   8118272     99.71         0      1352   8414644     68.21   1187188   6752028         0         0
20:56:06        83300     23672   8118020     99.71         0      1352   8414644     68.21   1187296   6751872         0         0
20:56:11        46976     46976   8094716     99.42         0      2408   8414644     68.21   4965664   3024876         0         0
20:56:16        76336     17200   8124492     99.79         0      2384   8414644     68.21   7469104    486960         0         0
20:56:21        76336     17200   8124492     99.79         0      2384   8414644     68.21   7436148    518868         0         0
20:56:26        78036     18900   8122792     99.77         0      2384   8414644     68.21   7418260    536360         0         0
20:56:31        79996     20860   8120832     99.74         0      2384   8414644     68.21   7418380    536400         0         0
20:56:36        74916     15780   8125912     99.81         0      2388   8414644     68.21   7418380    536400         0         0
20:56:41        78156     19020   8122672     99.77         0      2388   8414644     68.21   7418380    536400         0         0
20:56:46        47144     47144   8094548     99.42         0       800   8414644     68.21   2705756   5285888         0         0
20:56:51        72088     12216   8129476     99.85         0       848   8414644     68.21   2921472   5045596         0         0
20:56:56        72088     12216   8129476     99.85         0       848   8414644     68.21   2921472   5045596         0         0
20:57:01        72088     12216   8129476     99.85         0       848   8414644     68.21   2921472   5045596         0         0
20:57:06        72088     12216   8129476     99.85         0       848   8414644     68.21   2921472   5045596         0         0
20:57:11        72088     12216   8129476     99.85         0       848   8414644     68.21   2921472   5045596         0         0
20:57:16        72088     12216   8129476     99.85         0       848   8414644     68.21   2921592   5045600         0         0
20:57:21        72088     12216   8129476     99.85         0       848   8414644     68.21   2921592   5045600         0         0
20:57:26        72088     12216   8129476     99.85         0       848   8414644     68.21   2921592   5045600         0         0
20:57:31        72088     12216   8129476     99.85         0       848   8414644     68.21   2921592   5045600         0         0
20:57:36        72088     12216   8129476     99.85         0       848   8414644     68.21   2921592   5045600         0         0
20:57:41        72088     12216   8129476     99.85         0       848   8414644     68.21   2921592   5045600         0         0
20:57:46        72088     12216   8129476     99.85         0       848   8414644     68.21   2921592   5045600         0         0
20:57:51        72088     12216   8129476     99.85         0       848   8414644     68.21   2921592   5045600         0         0
20:57:56        71836     11964   8129728     99.85         0       852   8414644     68.21   2921592   5045600         0         0
20:58:01        73460     14216   8127476     99.83         0      2044   8414644     68.21   2936796   5026432         0         0
20:58:06        72452     13208   8128484     99.84         0      2048   8414644     68.21   2936796   5026432         0         0
20:58:11        73056     13812   8127880     99.83         0      2048   8414644     68.21   2936796   5026432         0         0
20:58:16        73900     14656   8127036     99.82         0      2048   8414644     68.21   2936796   5026432         0         0
20:58:21        73900     14656   8127036     99.82         0      2048   8414644     68.21   2936796   5026432         0         0
20:58:26        58004     58004   8083688     99.29         0      2056   8414644     68.21   2936796   5026432         0         0
20:58:31        59988       744   8140948     99.99         0      2056   8414644     68.21   2936796   5026432         0         0
20:58:36        61724      2480   8139212     99.97         0      2056   8414644     68.21   2936796   5026432         0         0
20:58:41        63244      4000   8137692     99.95         0      2056   8414644     68.21   2936916   5026436         0         0
20:58:46        64572      5328   8136364     99.93         0      2056   8414644     68.21   2936916   5026436         0         0
20:58:51        65732      6488   8135204     99.92         0      2056   8414644     68.21   2936916   5026436         0         0
20:58:56        66748      7504   8134188     99.91         0      2056   8414644     68.21   2936916   5026436         0         0
20:59:01        67636      8392   8133300     99.90         0      2056   8414644     68.21   2936916   5026436         0         0
20:59:06        68412      9168   8132524     99.89         0      2056   8414644     68.21   2936916   5026436         0         0
20:59:11        68840      9596   8132096     99.88         0      2056   8414644     68.21   2929916   5033260         0         0
20:59:16        69440     10196   8131496     99.87         0      2056   8414644     68.21   2916448   5045812         0         0
20:59:21        70716     11472   8130220     99.86         0      2056   8414644     68.21   2898380   5062808         0         0
20:59:26        72180     12936   8128756     99.84         0      2056   8414644     68.21   2880960   5079008         0         0
20:59:31        72832     13588   8128104     99.83         0      2056   8414644     68.21   2875608   5084016         0         0
20:59:36        72908     13664   8128028     99.83         0      2060   8414644     68.21   2862252   5096324         0         0
20:59:41        73992     14748   8126944     99.82         0      2060   8414644     68.21   2854028   5103700         0         0
20:59:46        74388     15144   8126548     99.81         0      2060   8414644     68.21   2847296   5109916         0         0
20:59:51        74616     15372   8126320     99.81         0      2064   8414644     68.21   2843308   5113496         0         0
20:59:56        74640     15396   8126296     99.81         0      2064   8414644     68.21   2842224   5113988         0         0
21:00:01        75396     16152   8125540     99.80         0      2064   8414644     68.21   2841712   5113640         0         0
21:00:06        76152     16908   8124784     99.79         0      2064   8414644     68.21   2841232   5113300         0         0
21:00:11        76404     17160   8124532     99.79         0      2064   8414644     68.21   2841232   5112104         0         0
21:00:16        77412     18168   8123524     99.78         0      2064   8414644     68.21   2841320   5110752         0         0
21:00:21        78168     18924   8122768     99.77         0      2064   8414644     68.21   2841308   5109980         0         0
21:00:26        78672     19428   8122264     99.76         0      2064   8414644     68.21   2839304   5110848         0         0
21:00:31        78672     19428   8122264     99.76         0      2068   8414644     68.21   2838780   5110684         0         0
21:00:36        79176     19932   8121760     99.76         0      2068   8414644     68.21   2837316   5111868         0         0
21:00:41        79176     19932   8121760     99.76         0      2068   8414644     68.21   2837316   5111868         0         0
21:00:46        79932     20688   8121004     99.75         0      2068   8414644     68.21   2826380   5121616         0         0
21:00:51        80664     21420   8120272     99.74         0      2068   8414644     68.21   2814428   5132400         0         0
21:00:56        81420     22176   8119516     99.73         0      2068   8414644     68.21   2800080   5145904         0         0
21:01:01        82228     22984   8118708     99.72         0      2068   8414644     68.21   2784588   5160376         0         0
21:01:06        82732     23488   8118204     99.71         0      2068   8414644     68.21   2774584   5169488         0         0
21:01:11        83464     24220   8117472     99.70         0      2068   8414644     68.21   2760944   5182144         0         0
21:01:16        84248     25004   8116688     99.69         0      2068   8414644     68.21   2747148   5194600         0         0
21:01:21        85532     26288   8115404     99.68         0      2068   8414644     68.21   2735840   5205052         0         0
21:01:26        86288     27044   8114648     99.67         0      2068   8414644     68.21   2725004   5214672         0         0
21:01:31        86680     27436   8114256     99.66         0      2068   8414644     68.21   2713612   5225192         0         0
21:01:36        87436     28192   8113500     99.65         0      2068   8414644     68.21   2698532   5239364         0         0
21:01:41        87964     28720   8112972     99.65         0      2068   8414644     68.21   2687184   5249664         0         0
21:01:46        88592     29348   8112344     99.64         0      2068   8414644     68.21   2673524   5262368         0         0
21:01:51        89416     30172   8111520     99.63         0      2068   8414644     68.21   2645996   5288740         0         0
21:01:56        89788     30544   8111148     99.62         0      2068   8414644     68.21   2624512   5309444         0         0
21:02:01        89976     30732   8110960     99.62         0      2068   8414644     68.21   2598504   5334344         0         0
21:02:06        90552     31308   8110384     99.62         0      2068   8414644     68.21   2597964   5334812         0         0
21:02:11        48384     48384   8093308     99.41         0      2044   8414644     68.21   3574884   4402492         0         0
21:02:16        78112     19312   8122380     99.76         0      3004   8414644     68.21   2202360   5755960         0         0
21:02:21        68944     10264   8131428     99.87         0      3188   8414644     68.21   2202372   5755900         0         0
21:02:26        68944     10264   8131428     99.87         0      3188   8414644     68.21   2202372   5755900         0         0
21:02:31        68944     10264   8131428     99.87         0      3188   8414644     68.21   2202372   5755900         0         0
21:02:36        69688     11008   8130684     99.86         0      3188   8414644     68.21   2202372   5755900         0         0
21:02:41        70600     11920   8129772     99.85         0      3192   8414644     68.21   2202372   5755900         0         0
21:02:46        71400     12720   8128972     99.84         0      3192   8414644     68.21   2202372   5755900         0         0
21:02:51        70716     12068   8129624     99.85         0      3256   8414644     68.21   3638120   4329924         0         0
21:02:56        70716     12068   8129624     99.85         0      3256   8414644     68.21   3638120   4329924         0         0
21:03:01        70716     12068   8129624     99.85         0      3256   8414644     68.21   3638240   4329928         0         0
21:03:06        68700     10052   8131640     99.88         0      3260   8414644     68.21   3638240   4329928         0         0
21:03:11        69148     10500   8131192     99.87         0      3260   8414644     68.21   3638240   4329928         0         0
21:03:16        69508     10860   8130832     99.87         0      3260   8414644     68.21   3638240   4329928         0         0
21:03:21        69700     11052   8130640     99.86         0      3260   8414644     68.21   3638240   4329928         0         0
21:03:26        69700     11052   8130640     99.86         0      3260   8414644     68.21   3638240   4329928         0         0
21:03:31        69700     11052   8130640     99.86         0      3260   8414644     68.21   3638240   4329928         0         0
21:03:36        69700     11052   8130640     99.86         0      3260   8414644     68.21   3638240   4329928         0         0
21:03:41        69700     11052   8130640     99.86         0      3260   8414644     68.21   3638360   4329932         0         0
21:03:46        69448     10800   8130892     99.87         0      3260   8414644     68.21   3632856   4335288         0         0
21:03:51        69448     10800   8130892     99.87         0      3260   8414644     68.21   3632108   4336108         0         0
21:03:56        69448     10800   8130892     99.87         0      3260   8414644     68.21   3632096   4336120         0         0
21:04:01        84952     25244   8116448     99.69         0      1140   8414644     68.21   1925196   6022968         0         0
21:04:06        76792     18104   8123588     99.78         0      3168   8414644     68.21   1925932   6024416         0         0
21:04:11        77876     19188   8122504     99.76         0      3168   8414644     68.21   1925932   6024416         0         0
21:04:16        79556     20868   8120824     99.74         0      3168   8414644     68.21   1925932   6024416         0         0
21:04:21        80968     22280   8119412     99.73         0      3168   8414644     68.21   1925932   6024416         0         0
21:04:26        81940     23252   8118440     99.71         0      3168   8414644     68.21   1925932   6024416         0         0
21:04:31        82536     23848   8117844     99.71         0      3168   8414644     68.21   1925932   6024416         0         0
21:04:36        83044     24356   8117336     99.70         0      3168   8414644     68.21   1925932   6024416         0         0
21:04:41        83488     24800   8116892     99.70         0      3168   8414644     68.21   1926052   6024420         0         0
21:04:46        83876     25188   8116504     99.69         0      3168   8414644     68.21   1926056   6024420         0         0
21:04:51        84216     25528   8116164     99.69         0      3168   8414644     68.21   1926056   6024420         0         0
21:04:56        84516     25828   8115864     99.68         0      3168   8414644     68.21   1926056   6024420         0         0
21:05:01        84776     26088   8115604     99.68         0      3168   8414644     68.21   1926056   6024420         0         0
21:05:06        85004     26316   8115376     99.68         0      3168   8414644     68.21   1926056   6024420         0         0
21:05:11        84976     26288   8115404     99.68         0      3168   8414644     68.21   1923776   6026472         0         0
21:05:16        85380     26692   8115000     99.67         0      3168   8414644     68.21   1897104   6052016         0         0
21:05:21        86516     27828   8113864     99.66         0      3168   8414644     68.21   1869440   6078596         0         0
21:05:26        86840     28152   8113540     99.65         0      3168   8414644     68.21   1867800   6079768         0         0
21:05:31        87116     28428   8113264     99.65         0      3168   8414644     68.21   1866408   6080812         0         0
21:05:36        87116     28428   8113264     99.65         0      3168   8414644     68.21   1866408   6080812         0         0
21:05:41        87620     28932   8112760     99.64         0      3172   8414644     68.21   1855072   6091500         0         0
21:05:46        87368     28680   8113012     99.65         0      3176   8414644     68.21   1825876   6119584         0         0
21:05:51        71976     13300   8128392     99.84         0      3184   8414644     68.21   1799852   6144880         0         0
21:05:56        74716     16040   8125652     99.80         0      3184   8414644     68.21   1788324   6155456         0         0
21:06:01        76956     18280   8123412     99.78         0      3184   8414644     68.21   1772316   6170532         0         0
21:06:06        78956     20280   8121412     99.75         0      3184   8414644     68.21   1753952   6187640         0         0
21:06:11        81544     22868   8118824     99.72         0      3184   8414644     68.21   1721072   6219588         0         0
21:06:16        82980     24304   8117388     99.70         0      3184   8414644     68.21   1697400   6242168         0         0
21:06:21        84728     26052   8115640     99.68         0      3188   8414644     68.21   1669796   6268616         0         0
21:06:26        86648     27972   8113720     99.66         0      3188   8414644     68.21   1641308   6296136         0         0
21:06:31        88432     29756   8111936     99.63         0      3188   8414644     68.21   1610260   6325972         0         0
21:06:36        89616     30940   8110752     99.62         0      3188   8414644     68.21   1582572   6352688         0         0
21:06:41        91000     32324   8109368     99.60         0      3188   8414644     68.21   1547636   6386488         0         0
21:06:46        92284     33608   8108084     99.59         0      3188   8414644     68.21   1523628   6409292         0         0
21:06:51        93496     34820   8106872     99.57         0      3188   8414644     68.21   1504232   6427856         0         0
21:06:56        94176     35500   8106192     99.56         0      3188   8414644     68.21   1484040   6447200         0         0
21:07:01        94928     36252   8105440     99.55         0      3188   8414644     68.21   1484040   6447096         0         0
21:07:06        95232     36556   8105136     99.55         0      3188   8414644     68.21   1482908   6447740         0         0
21:07:11        95628     36952   8104740     99.55         0      3188   8414644     68.21   1481936   6448416         0         0
21:07:16        96636     37960   8103732     99.53         0      3188   8414644     68.21   1481228   6448240         0         0
21:07:21        97140     38464   8103228     99.53         0      3188   8414644     68.21   1480928   6447440         0         0
21:07:26        97584     38908   8102784     99.52         0      3188   8414644     68.21   1480516   6446944         0         0
21:07:31        98844     40168   8101524     99.51         0      3188   8414644     68.21   1479388   6447080         0         0
21:07:36        99348     40672   8101020     99.50         0      3188   8414644     68.21   1479112   6446436         0         0
21:07:41        99744     41068   8100624     99.50         0      3188   8414644     68.21   1477308   6447100         0         0
21:07:46       100248     41572   8100120     99.49         0      3188   8414644     68.21   1476484   6446888         0         0
21:07:51       100752     42076   8099616     99.48         0      3188   8414644     68.21   1463788   6458676         0         0
21:07:56       102040     43364   8098328     99.47         0      3188   8414644     68.21   1445816   6475520         0         0
21:08:01       102796     44120   8097572     99.46         0      3188   8414644     68.21   1429356   6491144         0         0
21:08:06       103300     44624   8097068     99.45         0      3188   8414644     68.21   1409260   6510164         0         0
21:08:11       103580     44904   8096788     99.45         0      3188   8414644     68.21   1390816   6527740         0         0
21:08:16        80376     21772   8119920     99.73         0      3336   8414644     68.21   4139932   3816628         0         0
21:08:21        80984     22380   8119312     99.73         0      3336   8414644     68.21   4139520   3815916         0         0
21:08:26        82316     23712   8117980     99.71         0      3336   8414644     68.21   4139012   3816148         0         0
21:08:31        82316     23712   8117980     99.71         0      3336   8414644     68.21   4139012   3816148         0         0
21:08:36        82316     23712   8117980     99.71         0      3336   8414644     68.21   4139012   3816148         0         0
21:08:41        82316     23712   8117980     99.71         0      3336   8414644     68.21   4139012   3816148         0         0
21:08:46        80300     21696   8119996     99.73         0      3340   8414644     68.21   4139132   3816152         0         0
21:08:51        72280     13400   8128292     99.84         0      2976   8414644     68.21   2411964   5540756         0         0
21:08:56        65892      7176   8134516     99.91         0      3088   8414644     68.21   2412480   5540872         0         0
21:09:01        68308      9592   8132100     99.88         0      3088   8414644     68.21   2412480   5540872         0         0
21:09:06        70708     11992   8129700     99.85         0      3088   8414644     68.21   2412480   5540872         0         0
21:09:11        72644     13928   8127764     99.83         0      3088   8414644     68.21   2412480   5540872         0         0
21:09:16        74760     16044   8125648     99.80         0      3088   8414644     68.21   2412480   5540872         0         0
21:09:21        76296     17580   8124112     99.78         0      3088   8414644     68.21   2412480   5540872         0         0
21:09:26        77536     18820   8122872     99.77         0      3088   8414644     68.21   2412480   5540872         0         0
21:09:31        78424     19708   8121984     99.76         0      3088   8414644     68.21   2412480   5540872         0         0
21:09:36        71248     12532   8129160     99.85         0      3096   8414644     68.21   2412600   5540876         0         0
21:09:41        72920     14204   8127488     99.83         0      3096   8414644     68.21   2412600   5540876         0         0
21:09:46        74388     15672   8126020     99.81         0      3096   8414644     68.21   2412600   5540876         0         0
21:09:51        75668     16952   8124740     99.79         0      3096   8414644     68.21   2412600   5540876         0         0
21:09:56        76788     18072   8123620     99.78         0      3096   8414644     68.21   2412600   5540876         0         0
21:10:01        51176     51176   8090516     99.37         0      3096   8414644     68.21   2616044   5356932         0         0
21:10:06        63136      4452   8137240     99.95         0      3160   8414644     68.21   3375456   4590256         0         0
21:10:11        63884      5200   8136492     99.94         0      3160   8414644     68.21   3375456   4590256         0         0
21:10:16        65600      6916   8134776     99.92         0      3160   8414644     68.21   3375456   4590256         0         0
21:10:21        67112      8428   8133264     99.90         0      3160   8414644     68.21   3375456   4590256         0         0
21:10:26        67860      9176   8132516     99.89         0      3160   8414644     68.21   3375456   4590256         0         0
21:10:31        68120      9436   8132256     99.88         0      3160   8414644     68.21   3375456   4590256         0         0
21:10:36        68348      9664   8132028     99.88         0      3160   8414644     68.21   3375456   4590256         0         0
21:10:41        68548      9864   8131828     99.88         0      3160   8414644     68.21   3375456   4590256         0         0
21:10:46        68724     10040   8131652     99.88         0      3160   8414644     68.21   3375456   4590256         0         0
21:10:51        68876     10192   8131500     99.87         0      3164   8414644     68.21   3375576   4590260         0         0
21:10:56        68948     10264   8131428     99.87         0      3164   8414644     68.21   3375576   4590260         0         0
21:11:01        68948     10264   8131428     99.87         0      3164   8414644     68.21   3375576   4590260         0         0
21:11:06        68948     10264   8131428     99.87         0      3164   8414644     68.21   3375576   4590260         0         0
21:11:11        68948     10264   8131428     99.87         0      3164   8414644     68.21   3375576   4590260         0         0
21:11:16        68696     10012   8131680     99.88         0      3164   8414644     68.21   3373548   4591816         0         0
21:11:21        68948     10264   8131428     99.87         0      3164   8414644     68.21   3372700   4591848         0         0
21:11:26        69704     11020   8130672     99.86         0      3164   8414644     68.21   3368700   4594896         0         0
21:11:31        70208     11524   8130168     99.86         0      3164   8414644     68.21   3368648   4594280         0         0
21:11:36        70964     12280   8129412     99.85         0      3164   8414644     68.21   3368664   4593124         0         0
21:11:41        71468     12784   8128908     99.84         0      3164   8414644     68.21   3368596   4592124         0         0
21:11:46        71948     13264   8128428     99.84         0      3164   8414644     68.21   3368576   4591120         0         0
21:11:51        71948     13264   8128428     99.84         0      3168   8414644     68.21   3368576   4590504         0         0
21:11:56        72476     13792   8127900     99.83         0      3168   8414644     68.21   3368364   4589916         0         0
21:12:01        73988     15304   8126388     99.81         0      3168   8414644     68.21   3367232   4589788         0         0
21:12:06        74492     15808   8125884     99.81         0      3168   8414644     68.21   3367088   4588980         0         0
21:12:11        75224     16540   8125152     99.80         0      3168   8414644     68.21   3367080   4587696         0         0
21:12:16        76004     17320   8124372     99.79         0      3168   8414644     68.21   3367076   4586724         0         0
21:12:21        76508     17824   8123868     99.78         0      3168   8414644     68.21   3367064   4585808         0         0
21:12:26        77996     19312   8122380     99.76         0      3168   8414644     68.21   3367064   4584696         0         0
21:12:31        78500     19816   8121876     99.76         0      3168   8414644     68.21   3367060   4583572         0         0
21:12:36        79028     20344   8121348     99.75         0      3168   8414644     68.21   3367180   4582772         0         0
21:12:41        79532     20848   8120844     99.74         0      3168   8414644     68.21   3367168   4582128         0         0
21:12:46        79532     20848   8120844     99.74         0      3168   8414644     68.21   3367168   4582128         0         0
21:12:51        80012     21328   8120364     99.74         0      3168   8414644     68.21   3365568   4583084         0         0
21:12:56        80592     21908   8119784     99.73         0      3172   8414644     68.21   3347580   4600156         0         0
21:13:01        81348     22664   8119028     99.72         0      3172   8414644     68.21   3325928   4620644         0         0
21:13:06        81852     23168   8118524     99.72         0      3172   8414644     68.21   3317664   4628084         0         0
21:13:11        82356     23672   8118020     99.71         0      3172   8414644     68.21   3301800   4643096         0         0
21:13:16        83140     24456   8117236     99.70         0      3180   8414644     68.21   3295160   4648744         0         0
21:13:21        83644     24960   8116732     99.69         0      3180   8414644     68.21   3281768   4661408         0         0
21:13:26        84148     25464   8116228     99.69         0      3184   8414644     68.21   3262456   4679724         0         0
21:13:31        84748     26064   8115628     99.68         0      3184   8414644     68.21   3254660   4686748         0         0
21:13:36        85504     26820   8114872     99.67         0      3184   8414644     68.21   3236916   4703492         0         0
21:13:41        86008     27324   8114368     99.66         0      3184   8414644     68.21   3228612   4710984         0         0
21:13:46        87016     28332   8113360     99.65         0      3184   8414644     68.21   3202228   4736632         0         0
21:13:51        87408     28724   8112968     99.65         0      3184   8414644     68.21   3193716   4744112         0         0

Average:       139298     82529   8059163     98.99         0      3660   8414648     68.21   2957085   4937028         0         8
