Linux 7.2.0-rc5-virtme (virtme-ng) 	08/01/26 	_x86_64_	(12 CPU)

20:04:59     pgpgin/s pgpgout/s   fault/s  majflt/s  pgfree/s pgscank/s pgscand/s pgsteal/s  pgprom/s   pgdem/s
20:05:04         0.00      0.00 178482.90     18.89    743.14      0.00      0.00      0.00      0.00      0.00
20:05:09         0.00      0.00 136293.36     31.19    535.61      0.00      0.00      0.00      0.00      0.00
20:05:14         0.00      0.00  52672.80     29.80    850.60      0.00      0.00      0.00      0.00      0.00
20:05:19         0.00      0.00  26458.00     29.40    833.60      0.00      0.00      0.00      0.00      0.00
20:05:24         0.00  37566.47  13347.90     44.51  12673.05   8661.28   3131.74  23504.19      0.00      0.00
20:05:29         0.00  26523.45  13394.99     35.27   6977.96   5258.52   1372.34  13261.72      0.00      0.00
20:05:34         0.00  20132.53   3515.97     29.34   6257.88   4075.05    958.08  10066.27      0.00      0.00
20:05:39         0.00  10803.20   6806.00     29.60   8465.40   2688.00     12.80   5401.60      0.00      0.00
20:05:44         0.00      0.00  10908.80     30.20  10708.60      0.00      0.00      0.00      0.00      0.00
20:05:49         0.00   1638.40  12515.40     24.60   8973.00      0.00      0.00      0.00      0.00      0.00
20:05:54         0.00      0.00  22556.80      0.40  22596.60      0.00      0.00      0.00      0.00      0.00
20:05:59         0.00   5580.80  13520.80      0.40  14959.80   1395.20      0.00   2790.40      0.00      0.00
20:06:04         0.00  13107.20   9422.00      0.20  10752.80      0.00      0.00      0.00      0.00      0.00
20:06:09         0.00   3276.80   5325.20      0.00   5765.40      0.00      0.00      0.00      0.00      0.00
20:06:14         0.00      0.00  15619.80      0.00  15669.20      0.00      0.00      0.00      0.00      0.00
20:06:19         0.00      0.00  11886.40      0.00  10281.40      0.00      0.00      0.00      0.00      0.00
20:06:24         0.00      0.00  39687.60      0.20  44755.80      0.00      0.00      0.00      0.00      0.00
20:06:29         0.00      0.00  16996.40      0.00  15209.80      0.00      0.00      0.00      0.00      0.00
20:06:34         0.00   3276.80   9367.40      0.00   5562.80      0.00      0.00      0.00      0.00      0.00
20:06:39         0.00      0.00  12697.80      0.00   9459.20      0.00      0.00      0.00      0.00      0.00
20:06:44         0.00      0.00  10240.40      0.00  10280.40      0.00      0.00      0.00      0.00      0.00
20:06:49         0.00      0.00  11879.40      0.00  11507.60      0.00      0.00      0.00      0.00      0.00
20:06:54         0.00   3276.80   9063.00      0.00   9048.20      0.00      0.00      0.00      0.00      0.00
20:06:59         0.00  19660.80  22120.80      0.00  21786.60      0.00      0.00      0.00      0.00      0.00
20:07:04         0.00      0.00  14336.20      0.00  14387.60      0.00      0.00      0.00      0.00      0.00
20:07:09         0.00   3276.80   8601.60      0.00   8954.60      0.00      0.00      0.00      0.00      0.00
20:07:14         0.00   3276.80   6144.20      0.00   4587.60      0.00      0.00      0.00      0.00      0.00
20:07:20     13937.60   3276.80  18646.80   3484.40  16419.60   1321.80     38.40   2241.60      0.00      0.00
20:07:25    195778.40 207380.80 137473.60  48950.40 138794.40  41550.00   9760.60 102592.00      0.00      0.00
20:07:30         0.00   5401.60  15977.20      0.20  20665.60   1344.00      0.00   2715.60      0.00      0.00
20:07:35         0.00  27852.80  19001.80      0.00  15673.40      0.00      0.00      0.00      0.00      0.00
20:07:40         0.00      0.00   8602.20      0.40   6173.20      0.00      0.00      0.00      0.00      0.00
20:07:45         0.00   1638.40   8602.40      0.20   8665.20      0.00      0.00      0.00      0.00      0.00
20:07:50         0.00      0.00   9830.60      0.20   8638.60      0.00      0.00      0.00      0.00      0.00
20:07:55         0.00      0.00  21813.00      0.00  13565.00      0.00      0.00      0.00      0.00      0.00
20:08:00         0.00      0.00   9314.80      0.00   9458.00      0.00      0.00      0.00      0.00      0.00
20:08:05         0.00      0.00  18129.60      0.00  18075.20      0.00      0.00      0.00      0.00      0.00
20:08:10         0.00      0.00  15156.60      0.00  14796.60      0.00      0.00      0.00      0.00      0.00
20:08:15         0.00   6758.40  11470.00      0.00  12840.20   1702.60      0.00   3388.00      0.00      0.00
20:08:20         0.00   3276.80   5325.20      0.00   5345.20      0.00      0.00      0.00      0.00      0.00
20:08:25         0.00      0.00  16794.60      0.00  16031.60      0.00      0.00      0.00      0.00      0.00
20:08:30         0.00      0.00  35228.40      0.00  34906.60      0.00      0.00      0.00      0.00      0.00
20:08:35         0.00  33022.40  22528.40      0.00  21054.00      0.00      0.00      0.00      0.00      0.00
20:08:40         0.00   6553.60  16384.00      0.00  14802.80      0.00      0.00      0.00      0.00      0.00
20:08:45         0.00      0.00   6144.00      0.00   6172.40      0.00      0.00      0.00      0.00      0.00
20:08:50         0.00      0.00  10240.00      0.00   4945.40      0.00      0.00      0.00      0.00      0.00
20:08:55         0.00   1638.40   9830.60      0.00   9494.60      0.00      0.00      0.00      0.00      0.00
20:09:00         0.00   1638.40  13516.80      0.00  13564.00      0.00      0.00      0.00      0.00      0.00
20:09:05         0.00   1638.40  10241.00      0.00   9057.20      0.00      0.00      0.00      0.00      0.00
20:09:10         0.00      0.00  20480.00      0.00  18897.60      0.00      0.00      0.00      0.00      0.00
20:09:15         0.00   1638.40  15565.00      0.00  15318.80      0.00      0.00      0.00      0.00      0.00
20:09:20         0.00      0.00   9830.40      0.00   9458.80      0.00      0.00      0.00      0.00      0.00
20:09:25         0.00   8192.00  20161.80      0.20 112133.80      0.00      0.00      0.00      0.00      0.00
20:09:30         0.00      0.00 101087.20      0.00   8637.00      0.00      0.00      0.00      0.00      0.00
20:09:35         0.00   3276.80  95988.00      0.00  94421.00      0.00      0.00      0.00      0.00      0.00
20:09:40         0.00      0.00  19929.40      0.00  18485.80      0.00      0.00      0.00      0.00      0.00
20:09:45         0.00   4915.20  11468.80      0.00  11111.60      0.00      0.00      0.00      0.00      0.00
20:09:50         0.00      0.00  11878.60      0.00  10278.20      0.00      0.00      0.00      0.00      0.00
20:09:55         0.00      0.00  10240.00      0.00   9460.80      0.00      0.00      0.00      0.00      0.00
20:10:00         0.00      0.00   5530.00      0.00   5349.20      0.00      0.00      0.00      0.00      0.00
20:10:05         0.00      0.00  18432.80      0.00  17263.60      0.00      0.00      0.00      0.00      0.00
20:10:10         0.00      0.00   8601.60      0.00   8636.20      0.00      0.00      0.00      0.00      0.00
20:10:15         0.00      0.00  18842.00      0.00  18896.80      0.00      0.00      0.00      0.00      0.00
20:10:20         0.00  26214.40  15565.00      0.00  15289.60      0.00      0.00      0.00      0.00      0.00
20:10:25         0.00      0.00  11468.80      0.00   8638.40      0.00      0.00      0.00      0.00      0.00
20:10:30         0.00      0.00   6319.60      0.00   6994.60      0.00      0.00      0.00      0.00      0.00
20:10:35         0.00      0.00   9245.40      0.00   8636.40      0.00      0.00      0.00      0.00      0.00
20:10:40         0.00      0.00  38912.20      0.00  39011.40      0.00      0.00      0.00      0.00      0.00
20:10:45         0.00  13081.04  21665.47      0.00  21316.57      0.00      0.00      0.00      0.00      0.00
20:10:50         0.00      0.00   9235.00      0.00   9459.20      0.00      0.00      0.00      0.00      0.00
20:10:55         0.00      0.00  14931.60      0.00  13153.00      0.00      0.00      0.00      0.00      0.00
20:11:00         0.00      0.00   9420.80      0.00   8636.40      0.00      0.00      0.00      0.00      0.00
20:11:05         0.00      0.00   6144.00      0.00   6172.40      0.00      0.00      0.00      0.00      0.00
20:11:10         0.00      0.00  15155.20      0.00  15207.40      0.00      0.00      0.00      0.00      0.00
20:11:15         0.00      0.00  11059.20      0.00  11104.80      0.00      0.00      0.00      0.00      0.00
20:11:20         0.00      0.00  19251.40      0.00  18486.20      0.00      0.00      0.00      0.00      0.00
20:11:25         0.00   3276.80  15565.00      0.00  16033.80      0.00      0.00      0.00      0.00      0.00
20:11:30         0.00   2927.20  11878.40      0.00   8645.60      0.00      0.00      0.00      0.00      0.00
20:11:35         0.00      0.00  10240.00      0.00   7817.20      0.00      0.00      0.00      0.00      0.00
20:11:40         0.00      0.00  15564.80      0.00  15207.00      0.00      0.00      0.00      0.00      0.00
20:11:45         0.00   1016.00  84380.40      0.00  83335.40      0.00      0.00      0.00      0.00      0.00
20:11:50         0.00      0.00  25804.80      0.00  22596.20      0.00      0.00      0.00      0.00      0.00
20:11:55         0.00      0.00   9420.80      0.00   8636.20      0.00      0.00      0.00      0.00      0.00
20:12:00         0.00   1638.40  14336.00      0.00   7886.20      0.00      0.00      0.00      0.00      0.00
20:12:05         0.00   3276.80   8192.00      0.00   7812.40      0.00      0.00      0.00      0.00      0.00
20:12:10         0.00      0.00   6144.00      0.00   6170.80      0.00      0.00      0.00      0.00      0.00
20:12:15         0.00   4915.20  15155.20      0.00  15223.20      0.00      0.00      0.00      0.00      0.00
20:12:20         0.00  16384.00  10240.00      0.00  11509.60      0.00      0.00      0.00      0.00      0.00
20:12:25         0.00      0.00  19251.40      0.00  17668.00      0.00      0.00      0.00      0.00      0.00
20:12:30         0.00      0.00  15975.20      0.00  16030.40      0.00      0.00      0.00      0.00      0.00
20:12:35         0.00      0.00   6144.00      0.00   6171.80      0.00      0.00      0.00      0.00      0.00
20:12:40         0.00   5580.80   8601.60      0.00   9622.20   1399.60      0.00   2794.00      0.00      0.00
20:12:45         0.00      0.00  11059.20      0.00  10693.80      0.00      0.00      0.00      0.00      0.00
20:12:50         0.00      0.00  38093.00      0.00  38188.80      0.00      0.00      0.00      0.00      0.00
20:12:55         0.00   4915.20   9420.80      0.00   9466.60      0.00      0.00      0.00      0.00      0.00
20:13:00         0.00      0.00  18432.00      0.00  17665.00      0.00      0.00      0.00      0.00      0.00
20:13:05         0.00   3276.80  15564.80      0.00  15205.20      0.00      0.00      0.00      0.00      0.00
20:13:10         0.00   1638.40  10649.60      0.00  10701.60      0.00      0.00      0.00      0.00      0.00
20:13:15         0.00      0.00   5324.80      0.00   5348.80      0.00      0.00      0.00      0.00      0.00
20:13:20         0.00      0.00  16384.00      0.00  16029.60      0.00      0.00      0.00      0.00      0.00
20:13:25         0.00   1638.40   8601.60      0.00   8224.80      0.00      0.00      0.00      0.00      0.00
20:13:30         0.00      0.00   8192.00      0.00   7815.20      0.00      0.00      0.00      0.00      0.00
20:13:35         0.00      0.00  28262.60      0.00  28345.20      0.00      0.00      0.00      0.00      0.00
20:13:40        31.20      0.00  35063.20      7.80 189662.80      0.00      0.00      0.00      0.00      0.00
20:13:45      1468.00  15565.60 277089.40    367.20 116474.20  87854.20 217249.60   7876.00      0.00      0.00
20:13:50     32422.40 124424.80  47848.40   8107.20  44311.80  35519.80  13872.00  68606.80      0.00      0.00
20:13:55        12.80  69959.20  93131.00      5.20  91513.60  47248.80  48355.20  34984.00      0.00      0.00
20:14:00         0.00  14624.80   9011.20      0.00   8608.40   3222.60     64.40   5674.00      0.00      0.00
20:14:05       208.80  13447.20  22580.80     52.40  25588.60   4223.20    202.80   6702.40      0.00      0.00
20:14:10         0.00  10086.40  11468.80      0.00  14029.20   2920.80      0.00   5043.20      0.00      0.00
20:14:15         0.00  13107.20  11328.00      0.00  12122.00      0.00      0.00      0.00      0.00      0.00
20:14:20         0.00   1638.40   5466.00      0.00   5506.20      0.00      0.00      0.00      0.00      0.00
20:14:25         0.00      0.00   8607.60      0.00   8636.60      0.00      0.00      0.00      0.00      0.00
20:14:30         0.00      0.00  22528.80      0.00  16029.60      0.00      0.00      0.00      0.00      0.00
20:14:35         0.00      0.00   5324.80      0.00   5348.00      0.00      0.00      0.00      0.00      0.00
20:14:40         0.00      0.00  24166.40      0.00  26208.00      0.00      0.00      0.00      0.00      0.00
20:14:45         0.00   1638.40  11468.80      0.00  11506.80      0.00      0.00      0.00      0.00      0.00
20:14:50         0.00   1638.40   9011.20      0.00   8635.20      0.00      0.00      0.00      0.00      0.00
20:14:55         0.00      0.00   8492.20      0.00   9458.80      0.00      0.00      0.00      0.00      0.00
20:15:00         0.00   2051.90  42214.17      0.00  38120.56      0.00      0.00      0.00      0.00      0.00
20:15:05         0.00   3276.80   9420.80      0.00   9669.00      0.00      0.00      0.00      0.00      0.00
20:15:10         0.00  52428.80  18437.20      0.00  18666.60      0.00      0.00      0.00      0.00      0.00
20:15:15         0.00      0.00  15974.40      0.00  16029.00      0.00      0.00      0.00      0.00      0.00
20:15:20         0.00  13107.20   8601.60      0.00   8220.00      0.00      0.00      0.00      0.00      0.00
20:15:25         0.00   1638.40   7782.40      0.00   7830.20      0.00      0.00      0.00      0.00      0.00
20:15:30         0.00   3276.80   8601.60      0.00   8643.60      0.00      0.00      0.00      0.00      0.00
20:15:35         0.00   1638.40  13517.00      0.00  11931.80      0.00      0.00      0.00      0.00      0.00
20:15:40         0.00      0.00   8601.60      0.00   8636.80      0.00      0.00      0.00      0.00      0.00
20:15:45         0.00      0.00  21708.80      0.00  21773.20      0.00      0.00      0.00      0.00      0.00
20:15:50         0.00      0.00  14336.00      0.00  14386.40      0.00      0.00      0.00      0.00      0.00
20:15:55         0.00      0.00   9069.60      0.00   8635.40      0.00      0.00      0.00      0.00      0.00
20:16:00         0.00      0.00   9362.40      0.00   8637.20      0.00      0.00      0.00      0.00      0.00
20:16:05         2.40   6553.60  97486.00      0.60  90780.40      0.00      0.00      0.00      0.00      0.00
20:16:10         0.00      0.00  10649.60      0.00  10281.40      0.00      0.00      0.00      0.00      0.00
20:16:15         0.00  52428.80  33587.20      0.00  19483.20      0.00      0.00      0.00      0.00      0.00
20:16:20         0.00      0.00  15155.20      0.00  15207.40      0.00      0.00      0.00      0.00      0.00
20:16:25         0.00   3276.80   9830.40      0.00   9669.00      0.00      0.00      0.00      0.00      0.00
20:16:30         0.00      0.00   6553.60      0.00   6583.00      0.00      0.00      0.00      0.00      0.00
20:16:35         0.00      0.00   9420.80      0.00   9459.40      0.00      0.00      0.00      0.00      0.00
20:16:40         0.00      0.00  11878.40      0.00  11509.20      0.00      0.00      0.00      0.00      0.00
20:16:45         0.00      0.00   9420.80      0.00   9459.40      0.00      0.00      0.00      0.00      0.00
20:16:50         2.40      0.00  25805.60      0.60  21773.20      0.00      0.00      0.00      0.00      0.00
20:16:55         0.00      0.00  14745.60      0.00  13567.20      0.00      0.00      0.00      0.00      0.00
20:17:00         0.00   3276.80  11878.40      0.00   8634.80      0.00      0.00      0.00      0.00      0.00
20:17:05         0.00      0.00   8601.60      0.00   8225.00      0.00      0.00      0.00      0.00      0.00
20:17:10         0.00      0.00  45875.40      0.00  39010.80      0.00      0.00      0.00      0.00      0.00
20:17:15         0.00      0.00  10649.60      0.00  10281.40      0.00      0.00      0.00      0.00      0.00
20:17:20         0.00   1288.80  19251.20      0.00  18902.60      0.00      0.00      0.00      0.00      0.00
20:17:25         0.00      0.00  15155.20      0.00  15207.00      0.00      0.00      0.00      0.00      0.00
20:17:30         0.00   6553.60   9420.80      0.00   9681.80      0.00      0.00      0.00      0.00      0.00
20:17:35         0.00      0.00   5324.80      0.00   5349.60      0.00      0.00      0.00      0.00      0.00
20:17:40         0.00      0.00  16384.00      0.00  14799.20      0.00      0.00      0.00      0.00      0.00
20:17:45         0.00      0.00   6553.60      0.00   6175.80      0.00      0.00      0.00      0.00      0.00
20:17:50         0.00      0.00  21708.80      0.00  21772.80      0.00      0.00      0.00      0.00      0.00
20:17:55         0.00      0.00   9830.40      0.00  12505.20      0.00      0.00      0.00      0.00      0.00
20:18:00         0.00   1638.40  13516.80      0.00  13563.60      0.00      0.00      0.00      0.00      0.00
20:18:05         8.00  39368.00 114283.00      2.00 100710.60  12135.60   3269.20  18035.20      0.00      0.00
20:18:10         0.00      0.00   6641.60      0.00  36055.80     10.40      0.00     14.80      0.00      0.00
20:18:15       203.20   6650.40  93936.40     50.80  66881.20  12472.00  11709.60   3325.20      0.00      0.00
20:18:20       159.20   1031.20   9460.60     39.80   9469.80      0.00      0.00      0.00      0.00      0.00
20:18:25         0.00  47167.20  18432.00      0.00  18428.60  42291.60  42961.20  23705.60      0.00      0.00
20:18:30         0.00   5580.80  24166.40      0.00  19068.60   1395.20      0.00   2790.40      0.00      0.00
20:18:35         0.00   3276.80   9011.20      0.00   8634.80      0.00      0.00      0.00      0.00      0.00
20:18:40         0.00   3276.80   6144.00      0.00   6170.00      0.00      0.00      0.00      0.00      0.00
20:18:45         0.00      0.00  19660.80      0.00  14794.80      0.00      0.00      0.00      0.00      0.00
20:18:50         0.00      0.00   7372.80      0.00   6993.00      0.00      0.00      0.00      0.00      0.00
20:18:55         0.00   1638.40  22937.60      0.00  22591.80      0.00      0.00      0.00      0.00      0.00
20:19:00         0.00      0.00   8601.60      0.00   8636.40      0.00      0.00      0.00      0.00      0.00
20:19:05         0.00      0.00  12697.60      0.00  12742.20      0.00      0.00      0.00      0.00      0.00
20:19:10         0.00   3276.80  10240.00      0.00   7019.60      0.00      0.00      0.00      0.00      0.00
20:19:15         0.00      0.00   6144.00      0.00   5760.80      0.00      0.00      0.00      0.00      0.00
20:19:20         0.00   1635.13  15533.73      0.00  14771.66      0.00      0.00      0.00      0.00      0.00
20:19:25         0.00   6553.60  35635.40      0.00  36182.80      0.00      0.00      0.00      0.00      0.00
20:19:30         0.80   5580.80  20071.20      0.20  20705.80   1395.20      0.00   2790.40      0.00      0.00
20:19:35         0.00      0.00  16319.80      0.00  16852.40      0.00      0.00      0.00      0.00      0.00
20:19:40         0.00   1638.40   7027.40      0.00   6608.20      0.00      0.00      0.00      0.00      0.00
20:19:45         0.00      0.00   8601.60      0.00   8636.00      0.00      0.00      0.00      0.00      0.00
20:19:50         0.00   1638.40   9420.80      0.00   9463.20      0.00      0.00      0.00      0.00      0.00
20:19:55         0.00      0.00  13107.20      0.00  12742.60      0.00      0.00      0.00      0.00      0.00
20:20:00         0.00   3276.80   9420.80      0.00   9457.20      0.00      0.00      0.00      0.00      0.00
20:20:05         0.00   3276.80  20594.40      0.00  21789.40      0.00      0.00      0.00      0.00      0.00
20:20:10         0.00      0.00  20365.60      0.00  11920.00      0.00      0.00      0.00      0.00      0.00
20:20:15         0.00   1638.40   9830.40      0.00   7846.00      0.00      0.00      0.00      0.00      0.00
20:20:20       328.80      0.00  59474.40     82.20  59567.80      0.00      0.00      0.00      0.00      0.00
20:20:25         0.00      0.00  19251.20      0.00  16028.80      0.00      0.00      0.00      0.00      0.00
20:20:30         0.00   1638.40  31949.00      0.00  31671.80      0.00      0.00      0.00      0.00      0.00
20:20:35         0.00      0.00  22118.40      0.00  21772.80      0.00      0.00      0.00      0.00      0.00
20:20:40         0.00   6553.60   9177.00      0.00  10279.40      0.00      0.00      0.00      0.00      0.00
20:20:45         0.00      0.00  13760.60      0.00  12741.40      0.00      0.00      0.00      0.00      0.00
20:20:50         0.00      0.00   8601.60      0.00   7816.40      0.00      0.00      0.00      0.00      0.00
20:20:55         0.00      0.00   8601.60      0.00   8636.60      0.00      0.00      0.00      0.00      0.00
20:21:00         0.00      0.00  13107.20      0.00  12742.60      0.00      0.00      0.00      0.00      0.00
20:21:05         0.00   4915.20   9830.40      0.00   9870.20      0.00      0.00      0.00      0.00      0.00
20:21:10         0.00      0.00  19660.80      0.00  19307.00      0.00      0.00      0.00      0.00      0.00
20:21:15         0.00   4915.20  15155.20      0.00  14807.60      0.00      0.00      0.00      0.00      0.00
20:21:20         0.00   9830.40   9420.80      0.00   9492.20      0.00      0.00      0.00      0.00      0.00
20:21:25         0.00      0.00   6144.00      0.00   5349.20      0.00      0.00      0.00      0.00      0.00
20:21:30         0.00      0.00  17612.80      0.00  17678.80      0.00      0.00      0.00      0.00      0.00
20:21:35         0.00   1638.40   9011.20      0.00   8638.00      0.00      0.00      0.00      0.00      0.00
20:21:40         0.00      0.00  44237.00      0.00  44344.40      0.00      0.00      0.00      0.00      0.00
20:21:45         0.00      0.00   9420.80      0.00   9459.40      0.00      0.00      0.00      0.00      0.00
20:21:50         0.00      0.00  14336.00      0.00  13564.40      0.00      0.00      0.00      0.00      0.00
20:21:55         0.00   1638.40   9420.80      0.00   9472.60      0.00      0.00      0.00      0.00      0.00
20:22:00         0.00      0.00   8601.60      0.00   8636.40      0.00      0.00      0.00      0.00      0.00
20:22:05         0.00   1638.40  12697.60      0.00  11931.60      0.00      0.00      0.00      0.00      0.00
20:22:10         0.00      0.00   8601.60      0.00   8636.80      0.00      0.00      0.00      0.00      0.00
20:22:15         0.00      0.00  15598.80      0.00  19719.40      0.00      0.00      0.00      0.00      0.00
20:22:20     54676.00  42862.40  20446.40      0.40  19839.00   8220.80   6491.80  20701.00      0.00      0.00
20:22:25     73460.00 166138.40 221594.80      0.80 253935.00  37594.20  17124.20  97637.40      0.00      0.00
20:22:30         0.00 443230.40  52266.80      0.00 169859.20  26739.20      0.00  53503.60      0.00      0.00
20:22:35     10156.00  76205.60 139372.00   2542.60  44907.60 173231.40 154808.20  58696.00      0.00      0.00
20:22:40        31.20  10086.40   9437.20      9.00  10748.40   1702.40      0.00   3404.80      0.00      0.00
20:22:45         0.80  36676.80  31950.60      0.80  30598.60   9736.00   4541.20  18342.00      0.00      0.00
20:22:50        12.00  65865.60  29906.80      3.80  29271.80   9531.60   2999.60  25045.60      0.00      0.00
20:22:55       820.80   7219.20   7169.20    205.20   8480.40   1395.20      0.00   2790.40      0.00      0.00
20:23:00         0.00      0.00   9421.80      0.00   8636.60      0.00      0.00      0.00      0.00      0.00
20:23:05         0.00      0.00   6144.60      0.20   6172.00      0.00      0.00      0.00      0.00      0.00
20:23:10         2.40      0.00  15158.20      0.60  14796.40      0.00      0.00      0.00      0.00      0.00
20:23:15         0.00      0.00   9178.80      0.00   9457.00      0.00      0.00      0.00      0.00      0.00
20:23:20         0.00      0.00   5157.40      0.00   4937.60      0.00      0.00      0.00      0.00      0.00
20:23:25         4.00      0.00  30723.00      1.00  29990.80      0.00      0.00      0.00      0.00      0.00
20:23:30       410.40      0.00   8704.20    102.60   8668.00      0.00      0.00      0.00      0.00      0.00
20:23:35         0.00   1638.40   5734.40      0.00   5377.60      0.00      0.00      0.00      0.00      0.00
20:23:40         0.00  11468.80  15974.80      0.00  16043.40      0.00      0.00      0.00      0.00      0.00
20:23:45         0.00      0.00   8601.60      0.00   7208.00      0.00      0.00      0.00      0.00      0.00
20:23:50         0.00   1635.13  35973.45      0.00  34892.02      0.00      0.00      0.00      0.00      0.00
20:23:55         0.00      0.00  22118.40      0.00  21771.80      0.00      0.00      0.00      0.00      0.00
20:24:00         0.00   1638.40  12697.80      0.00  12742.20      0.00      0.00      0.00      0.00      0.00
20:24:05         0.00      0.00  10649.80      0.00  10282.20      0.00      0.00      0.00      0.00      0.00
20:24:10         0.00   2662.40   6553.60      0.00   6175.00      0.00      0.00      0.00      0.00      0.00
20:24:15         0.00      0.00  15155.60      0.00  18020.00      0.00      0.00      0.00      0.00      0.00
20:24:20         0.00      0.00   8601.80      0.00   5356.00      0.00      0.00      0.00      0.00      0.00
20:24:25         0.00   1638.40   8192.00      0.00   7872.60      0.00      0.00      0.00      0.00      0.00
20:24:30         0.00      0.00  21299.40      0.00  20951.00      0.00      0.00      0.00      0.00      0.00
20:24:35      1639.20      0.00  16384.60    409.80  16216.00      0.00      0.00      0.00      0.00      0.00
20:24:40     12260.00  20070.40  61579.00   3065.00  62987.40   4185.60     12.80   8396.80      0.00      0.00
20:24:45         0.00  14745.60  11878.80      0.20   9577.20      0.00      0.00      0.00      0.00      0.00
20:24:50         0.00      0.00  27347.20      0.00  39834.40      0.00      0.00      0.00      0.00      0.00
20:24:55         0.00      0.00  22624.80      0.00   9459.40      0.00      0.00      0.00      0.00      0.00
20:25:00         0.00      0.00  21709.00      0.00  21769.20      0.00      0.00      0.00      0.00      0.00
20:25:05         0.00      0.00  11468.80      0.00  11509.80      0.00      0.00      0.00      0.00      0.00
20:25:10         0.00      0.00  11878.40      0.00  10692.00      0.00      0.00      0.00      0.00      0.00
20:25:15         0.00   3276.80   6963.20      0.00   5375.60      0.00      0.00      0.00      0.00      0.00
20:25:20         0.00      0.00  19251.20      0.00  16029.60      0.00      0.00      0.00      0.00      0.00
20:25:25         0.00   4915.20   5324.80      0.00   3710.00      0.00      0.00      0.00      0.00      0.00
20:25:30         0.00      0.00   9830.40      0.00   9456.40      0.00      0.00      0.00      0.00      0.00
20:25:35         0.80  52428.80  24986.20      0.20  24020.00      0.00      0.00      0.00      0.00      0.00
20:25:40         0.00      0.00  11878.60      0.00  11919.40      0.00      0.00      0.00      0.00      0.00
20:25:45         0.00      0.00  13107.20      0.00   9048.80      0.00      0.00      0.00      0.00      0.00
20:25:50         0.00      0.00   9011.40      0.00   8636.20      0.00      0.00      0.00      0.00      0.00
20:25:55         0.00      0.00  38912.00      0.00  39012.00      0.00      0.00      0.00      0.00      0.00
20:26:00         0.00      0.00  10240.00      0.00   9460.40      0.00      0.00      0.00      0.00      0.00
20:26:05         0.00  55705.60  19251.40      0.00  19308.40      0.00      0.00      0.00      0.00      0.00
20:26:10         0.00      0.00  15974.40      0.00  15206.60      0.00      0.00      0.00      0.00      0.00
20:26:15         0.00  13107.20   9011.20      0.00   8221.00      0.00      0.00      0.00      0.00      0.00
20:26:20         0.00      0.00   7782.40      0.00   7815.60      0.00      0.00      0.00      0.00      0.00
20:26:25         0.00   1638.40  22119.00      0.00  14853.00      0.00      0.00      0.00      0.00      0.00
20:26:30         0.00      0.00   9420.80      0.00   9459.00      0.00      0.00      0.00      0.00      0.00
20:26:35         0.00   1638.40   5324.80      0.00   5386.80      0.00      0.00      0.00      0.00      0.00
20:26:40         0.00      0.00  29082.00      0.00  29166.60      0.00      0.00      0.00      0.00      0.00
20:26:45         0.00      0.00   6553.60      0.00   6583.20      0.00      0.00      0.00      0.00      0.00
20:26:50         9.60   1638.40  62262.20      2.40  70071.80      0.00      0.00      0.00      0.00      0.00
20:26:55        12.00      0.00 115101.40      3.00 122305.80      0.00      0.00      0.00      0.00      0.00
20:27:00         1.60   8857.60  64308.40      0.40  40407.20   1395.20      0.00   2790.40      0.00      0.00
20:27:05         0.00   1638.40  11059.20      0.00  10693.40      0.00      0.00      0.00      0.00      0.00
20:27:10         0.00      0.00  18432.00      0.00  18485.80      0.00      0.00      0.00      0.00      0.00
20:27:15         0.00      0.00  15564.80      0.00  15617.20      0.00      0.00      0.00      0.00      0.00
20:27:20         0.00      0.00   8601.60      0.00   7816.20      0.00      0.00      0.00      0.00      0.00
20:27:25         0.00      0.00   6144.00      0.00   6170.80      0.00      0.00      0.00      0.00      0.00
20:27:30         0.00  27852.80  16793.80      0.00  16878.20      0.00      0.00      0.00      0.00      0.00
20:27:35         0.00   6553.60   8601.60      0.00   8654.40      0.00      0.00      0.00      0.00      0.00
20:27:40         0.00      0.00   6144.00      0.00   6172.00      0.00      0.00      0.00      0.00      0.00
20:27:45         4.00   1638.40  31540.20      1.00  27988.60      0.00      0.00      0.00      0.00      0.00
20:27:50         0.00      0.00   7358.08      0.00   7390.82      0.00      0.00      0.00      0.00      0.00
20:27:55         0.00      0.00   8618.84      0.00   8653.71      0.00      0.00      0.00      0.00      0.00
20:28:00         0.00  13107.20  10240.00      0.00   7896.40      0.00      0.00      0.00      0.00      0.00
20:28:05         7.20      0.00  38095.20      1.80  38190.00      0.00      0.00      0.00      0.00      0.00
20:28:10         0.00      0.00   9830.40      0.00   9458.20      0.00      0.00      0.00      0.00      0.00
20:28:15         0.00      0.00  20070.40      0.00  20130.60      0.00      0.00      0.00      0.00      0.00
20:28:20         0.00   1638.40  15155.20      0.00  15256.60      0.00      0.00      0.00      0.00      0.00
20:28:25         0.00      0.00   8993.21      0.00   8622.16      0.00      0.00      0.00      0.00      0.00
20:28:30         0.00      0.00   5324.80      0.00   5349.00      0.00      0.00      0.00      0.00      0.00
20:28:35         0.00      0.00  16384.00      0.00  15208.60      0.00      0.00      0.00      0.00      0.00
20:28:40         0.00   1638.40   6963.20      0.00   6995.00      0.00      0.00      0.00      0.00      0.00
20:28:45         0.00   1638.40   9420.80      0.00   9487.20      0.00      0.00      0.00      0.00      0.00
20:28:50         0.00      0.00  30310.60      0.00  28344.00      0.00      0.00      0.00      0.00      0.00
20:28:55         0.00      0.00   5734.40      0.00   5348.80      0.00      0.00      0.00      0.00      0.00
20:29:00         0.00   6553.60  63488.20      0.00  63224.60      0.00      0.00      0.00      0.00      0.00
20:29:05         0.00      0.00   8601.60      0.00   8224.40      0.00      0.00      0.00      0.00      0.00
20:29:10         0.00  45502.40  19251.20      0.00  13077.60      0.00      0.00      0.00      0.00      0.00
20:29:15         0.00  64936.00  61849.60      0.00  39645.20   1395.20      0.00   2790.40      0.00      0.00
20:29:20         0.00      0.00  23347.40      0.00  20954.40      0.00      0.00      0.00      0.00      0.00
20:29:25         0.00      0.00  15565.00      0.00  15207.20      0.00      0.00      0.00      0.00      0.00
20:29:30         0.00      0.00   9420.80      0.00   6179.20      0.00      0.00      0.00      0.00      0.00
20:29:35         0.00      0.00   5324.80      0.00   5346.40      0.00      0.00      0.00      0.00      0.00
20:29:40         0.00      0.00  17612.80      0.00  17267.80      0.00      0.00      0.00      0.00      0.00
20:29:45         0.00      0.00   6553.60      0.00   4937.20      0.00      0.00      0.00      0.00      0.00
20:29:50         0.00      0.00  21709.00      0.00  21774.20      0.00      0.00      0.00      0.00      0.00
20:29:55         0.00   3276.80   9420.80      0.00   8749.60      0.00      0.00      0.00      0.00      0.00
20:30:00         0.00  42956.80  11878.40      0.00  22737.20   4185.60      0.00   8371.20      0.00      0.00
20:30:05         0.00      0.00  11059.20      0.00  11104.20      0.00      0.00      0.00      0.00      0.00
20:30:10         0.00      0.00   8601.60      0.00   8636.40      0.00      0.00      0.00      0.00      0.00
20:30:15         0.00      0.00  13926.60      0.00  11917.80      0.00      0.00      0.00      0.00      0.00
20:30:20         0.00   4915.20  36454.60      0.00  41174.40      0.00      0.00      0.00      0.00      0.00
20:30:25         0.00      0.00  20070.40      0.00  20131.40      0.00      0.00      0.00      0.00      0.00
20:30:30         0.00      0.00  15974.60      0.00  16029.40      0.00      0.00      0.00      0.00      0.00
20:30:35         0.00   3276.80   5324.80      0.00   3705.80      0.00      0.00      0.00      0.00      0.00
20:30:40         0.00      0.00  10649.60      0.00   9459.40      0.00      0.00      0.00      0.00      0.00
20:30:45         0.00   1638.40   8601.60      0.00   8635.80      0.00      0.00      0.00      0.00      0.00
20:30:50         0.00      0.00  13926.40      0.00  13976.20      0.00      0.00      0.00      0.00      0.00
20:30:55         0.00      0.00  22118.40      0.00  21771.40      0.00      0.00      0.00      0.00      0.00
20:31:00    132452.80      0.00 190082.20      3.20 226258.20      0.00      0.00      0.00      0.00      0.00
20:31:05         0.00   6553.60  41347.80      0.00  11916.60      0.00      0.00      0.00      0.00      0.00
20:31:10         0.00   1638.40 166298.20      0.20 166277.20      0.00      0.00      0.00      0.00      0.00
20:31:15         0.00      0.00   8192.00      0.00   7017.40     56.20      0.00     42.80      0.00      0.00
20:31:20         0.00   3276.80  14745.80      0.20  14822.60      0.00      0.00      0.00      0.00      0.00
20:31:25        49.60 118028.80  36969.40     20.60  39461.40 169988.00 228030.00  59639.60      0.00      0.00
20:31:30         0.00   3276.80  18381.20      1.60  17890.00      0.00      0.00      0.00      0.00      0.00
20:31:35         0.00      0.00  15157.40      0.60  15206.80      0.00      0.00      0.00      0.00      0.00
20:31:40         0.00   1638.40   7784.00      0.00   7463.00      0.00      0.00      0.00      0.00      0.00
20:31:45         2.40   6553.60   8606.00      0.60   8660.40      0.00      0.00      0.00      0.00      0.00
20:31:50         0.00   3276.80  10244.60      0.00   9457.60      0.00      0.00      0.00      0.00      0.00
20:31:55         0.00      0.00  12290.80      0.00  11919.80      0.00      0.00      0.00      0.00      0.00
20:32:00         0.00      0.00  24868.40      0.00  24240.60      0.00      0.00      0.00      0.00      0.00
20:32:05         0.00   3276.80  10768.00      0.00   8451.40      0.00      0.00      0.00      0.00      0.00
20:32:10         0.00      0.00  11878.60      0.00  12579.00      0.00      0.00      0.00      0.00      0.00
20:32:15         0.00      0.00   9421.40      0.00   9458.60      0.00      0.00      0.00      0.00      0.00
20:32:20         0.00      0.00   7373.00      0.00   6585.00      0.00      0.00      0.00      0.00      0.00
20:32:25         0.00   3270.26  17987.03      0.00  16005.59      0.00      0.00      0.00      0.00      0.00
20:32:30         0.00   6553.60  38912.60      0.00  36562.60      0.00      0.00      0.00      0.00      0.00
20:32:35         0.00      0.00  19251.60      0.00  18897.80      0.00      0.00      0.00      0.00      0.00
20:32:40         0.00      0.00  20070.80      0.00   8650.00      0.00      0.00      0.00      0.00      0.00
20:32:45         0.00   5580.80   7372.80      0.00   8388.80   1395.20      0.00   2790.40      0.00      0.00
20:32:50         0.00      0.00   9830.60      0.00   9453.60      0.00      0.00      0.00      0.00      0.00
20:32:55         0.00  17632.80   9421.00      0.00   8766.00      0.00      0.00      0.00      0.00      0.00
20:33:00         0.00   8581.60  12697.80      0.00  13111.40      0.00      0.00      0.00      0.00      0.00
20:33:05         0.00  19353.60   8192.00      0.00   9169.60      0.00      0.00      0.00      0.00      0.00
20:33:10         0.00   3584.00  33997.20      0.00  19516.00      0.00      0.00      0.00      0.00      0.00
20:33:15         0.00      0.00  15155.60      0.00  15207.00      0.00      0.00      0.00      0.00      0.00
20:33:20         0.00      0.00   9421.00      0.00   9459.60      0.00      0.00      0.00      0.00      0.00
20:33:25         0.00      0.00   5324.80      0.00   5349.80      0.00      0.00      0.00      0.00      0.00
20:33:30         0.00 100649.60  69670.80      0.00  78103.40  15382.00   9793.80  50331.20      0.00      0.00
20:33:35         2.40  13260.80  36831.20      0.80  34936.20   2892.80    422.40   6630.40      0.00      0.00
20:33:40         1.60   4915.20  18465.60      0.40  25068.60      0.00      0.00      0.00      0.00      0.00
20:33:45         0.00      0.00  18808.60      0.00  19350.80      0.00      0.00      0.00      0.00      0.00
20:33:50         0.00      0.00   6144.20      0.00   4528.00      0.00      0.00      0.00      0.00      0.00
20:33:55         0.80      0.00  11059.40      0.20  11103.80      0.00      0.00      0.00      0.00      0.00
20:34:00         0.00   8192.00   8601.60      0.00   8635.20      0.00      0.00      0.00      0.00      0.00
20:34:05         0.00      0.00  11878.40      0.00  11919.60      0.00      0.00      0.00      0.00      0.00
20:34:10         0.00      0.00   9420.80      0.00   9458.80      0.00      0.00      0.00      0.00      0.00
20:34:15         0.80   6553.60  20890.00      0.20  19758.20      0.00      0.00      0.00      0.00      0.00
20:34:20         0.00   4565.60  15564.80      0.00  15648.80      0.00      0.00      0.00      0.00      0.00
20:34:25         0.00      0.00   8601.60      0.00   8636.40      0.00      0.00      0.00      0.00      0.00
20:34:30         0.00      0.00   6144.00      0.00   6172.00      0.00      0.00      0.00      0.00      0.00
20:34:35         0.00   1638.40  12338.60      0.00  15215.80      0.00      0.00      0.00      0.00      0.00
20:34:40         0.00      0.00  27844.60      0.00  34087.20      0.00      0.00      0.00      0.00      0.00
20:34:45         0.00   3276.80  21666.60      0.00   6181.20      0.00      0.00      0.00      0.00      0.00
20:34:50         0.00      0.00  21881.20      0.00  22595.60      0.00      0.00      0.00      0.00      0.00
20:34:55         0.00      0.00  20717.40      0.00  11099.40      0.00      0.00      0.00      0.00      0.00
20:35:00       187.20   6553.60  10287.00     46.80  10339.80      0.00      0.00      0.00      0.00      0.00
20:35:05         0.00      0.00   9420.80      0.00   8638.20      0.00      0.00      0.00      0.00      0.00
20:35:10         0.00      0.00  11878.60      0.00  11919.40      0.00      0.00      0.00      0.00      0.00
20:35:15         0.00   1032.00  12697.60      0.00   9457.40      0.00      0.00      0.00      0.00      0.00
20:35:20         0.00      0.00  19251.20      0.00  18486.00      0.00      0.00      0.00      0.00      0.00
20:35:25         0.00      0.00  16793.60      0.00  16848.60      0.00      0.00      0.00      0.00      0.00
20:35:30         0.80   6553.60 113869.20      0.20 112141.60      0.00      0.00      0.00      0.00      0.00
20:35:35         0.00   5990.40   5324.80      0.00   6026.80   1497.60      0.00   2995.20      0.00      0.00
20:35:40         0.00   3276.80  28919.20      0.00  72224.60      0.00      0.00      0.00      0.00      0.00
20:35:45         0.00   3276.80  67206.20      0.00  38190.40      0.00      0.00      0.00      0.00      0.00
20:35:50         0.00   5580.80  15286.00      0.00  10854.80   1395.20      0.00   2790.40      0.00      0.00
20:35:55        12.80      0.00  22531.40      3.20  21775.60      0.00      0.00      0.00      0.00      0.00
20:36:00         0.00   8857.60  12697.60      0.00  14156.60   1395.20      0.00   2790.40      0.00      0.00
20:36:05         0.00      0.00   8192.00      0.00   8222.40      0.00      0.00      0.00      0.00      0.00
20:36:10         0.00      0.00   8192.00      0.00   7812.60      0.00      0.00      0.00      0.00      0.00
20:36:15         0.00      0.00  15155.40      0.00  14796.20      0.00      0.00      0.00      0.00      0.00
20:36:20         0.00   1638.40   9011.20      0.00   8673.80      0.00      0.00      0.00      0.00      0.00
20:36:25         0.00      0.00  19660.80      0.00  18487.60      0.00      0.00      0.00      0.00      0.00
20:36:30         0.00      0.00  15155.20      0.00  15206.80      0.00      0.00      0.00      0.00      0.00
20:36:35         0.00   1638.40   7782.40      0.00   7818.60      0.00      0.00      0.00      0.00      0.00
20:36:40         0.00      0.00   9420.80      0.00   8225.00      0.00      0.00      0.00      0.00      0.00
20:36:45         0.00      0.00   9011.20      0.00   8636.00      0.00      0.00      0.00      0.00      0.00
20:36:50         0.00      0.00  40878.64      0.00  38934.13      0.00      0.00      0.00      0.00      0.00
20:36:55         0.00      0.00  10240.00      0.00   9871.20      0.00      0.00      0.00      0.00      0.00
20:37:00         0.00   6553.60  22528.20      0.00  23239.00      0.00      0.00      0.00      0.00      0.00
20:37:05         0.00      0.00  11878.40      0.00  11919.60      0.00      0.00      0.00      0.00      0.00
20:37:10         0.00   3276.80   9011.20      0.00   9104.00      0.00      0.00      0.00      0.00      0.00
20:37:15         0.00   6553.60   9420.80      0.00   7108.00      0.00      0.00      0.00      0.00      0.00
20:37:20         0.00      0.00  16793.80      0.00  16030.60      0.00      0.00      0.00      0.00      0.00
20:37:25         0.00      0.00   8601.60      0.00   8636.20      0.00      0.00      0.00      0.00      0.00
20:37:30         0.00      0.00  19251.20      0.00  18898.80      0.00      0.00      0.00      0.00      0.00
20:37:35         0.00      0.00  18841.60      0.00  15207.00      0.00      0.00      0.00      0.00      0.00
20:37:40         0.00   3276.80   9830.40      0.00   9981.20      0.00      0.00      0.00      0.00      0.00
20:37:45         0.00      0.00   7372.80      0.00   5351.00      0.00      0.00      0.00      0.00      0.00
20:37:50         0.00   1638.40  13926.40      0.00   8635.40      0.00      0.00      0.00      0.00      0.00
20:37:55         0.00  26214.40  40141.00      0.00  39008.20      0.00      0.00      0.00      0.00      0.00
20:38:00         1.60   3276.80  61031.00      0.40  61170.40      0.00      0.00      0.00      0.00      0.00
20:38:05         0.00      0.00  23347.20      0.00  23417.20      0.00      0.00      0.00      0.00      0.00
20:38:10         0.00      0.00  14745.60      0.00  12332.00      0.00      0.00      0.00      0.00      0.00
20:38:15         0.00   1288.80   8601.60      0.00   8641.20      0.00      0.00      0.00      0.00      0.00
20:38:20         0.00   1638.40   6144.00      0.00   5797.80      0.00      0.00      0.00      0.00      0.00
20:38:25         0.00      0.00  18022.40      0.00  15210.60      0.00      0.00      0.00      0.00      0.00
20:38:30         0.00   6553.60   9420.80      0.00   9456.20      0.00      0.00      0.00      0.00      0.00
20:38:35         0.00      0.00  18432.20      0.00  18485.60      0.00      0.00      0.00      0.00      0.00
20:38:40         0.00      0.00  19660.80      0.00  16029.80      0.00      0.00      0.00      0.00      0.00
20:38:45         0.00      0.00   7372.80      0.00   6992.60      0.00      0.00      0.00      0.00      0.00
20:38:50         0.00      0.00   9420.80      0.00   9050.40      0.00      0.00      0.00      0.00      0.00
20:38:55         0.00      0.00  14745.60      0.00  14795.20      0.00      0.00      0.00      0.00      0.00
20:39:00         0.00   1638.40  31539.20      0.00  30797.20      0.00      0.00      0.00      0.00      0.00
20:39:05         0.00  13107.20  22528.20      0.00   9524.00      0.00      0.00      0.00      0.00      0.00
20:39:10         0.00      0.00   7782.40      0.00   6993.60      0.00      0.00      0.00      0.00      0.00
20:39:15         0.00  13107.20  19251.20      0.00  16238.00      0.00      0.00      0.00      0.00      0.00
20:39:20         0.00      0.00   8601.60      0.00   8636.20      0.00      0.00      0.00      0.00      0.00
20:39:25         0.00      0.00   5324.80      0.00   5349.20      0.00      0.00      0.00      0.00      0.00
20:39:30         0.00      0.00  15565.00      0.00  15207.60      0.00      0.00      0.00      0.00      0.00
20:39:35         0.00   8192.00  10240.00      0.00  10309.80      0.00      0.00      0.00      0.00      0.00
20:39:40         0.80      0.00  19251.60      0.20  19309.20      0.00      0.00      0.00      0.00      0.00
20:39:45         2.40  85420.00 434586.20      0.60 221076.80  15333.60   6100.20  42779.20      0.00      0.00
20:39:50       520.80  77749.60 111966.60    136.20 118179.80  90186.40 132853.20  40678.80      0.00      0.00
20:39:55        34.40  19872.80  10654.20      0.40  11169.80   4149.00      0.00   8298.00      0.00      0.00
20:40:00         0.00      0.00   9832.00      0.20  10521.40      0.00      0.00      0.00      0.00      0.00
20:40:05        70.40   5580.80  23115.20     18.40  64654.40   1395.20      0.00   2790.40      0.00      0.00
20:40:10         1.60  11315.20  64155.00      0.40  22937.80   2790.40     38.40   5657.60      0.00      0.00
20:40:15         0.00      0.00   6144.40      0.00   7817.60      0.00      0.00      0.00      0.00      0.00
20:40:20     36682.40  23521.60  43419.60      0.40  49044.80  42405.00  32173.40  19053.20      0.00      0.00
20:40:25        10.40  10190.40  14339.20      2.80   9489.80      0.00      0.00      0.00      0.00      0.00
20:40:30         0.00      0.00   5324.80      0.00   5349.20      0.00      0.00      0.00      0.00      0.00
20:40:35         0.00   7189.60  15155.40      0.00  16593.80   1406.60      0.00   2775.60      0.00      0.00
20:40:40         0.00   1638.40  11059.80      0.00  11108.00      0.00      0.00      0.00      0.00      0.00
20:40:45         0.00      0.00  18023.00      0.00  18913.60      0.00      0.00      0.00      0.00      0.00
20:40:50         0.00   1638.40   9831.20      0.00   9062.80      0.00      0.00      0.00      0.00      0.00
20:40:55         0.00   1638.40  11878.80      0.00  11922.60      0.00      0.00      0.00      0.00      0.00
20:41:00         0.00      0.00   9421.00      0.00   7819.60      0.00      0.00      0.00      0.00      0.00
20:41:05       155.20  12134.40   7002.00     38.80   8675.60   1395.20      0.00   2790.40      0.00      0.00
20:41:10         0.00   1638.40  23347.80      0.00  16031.40      0.00      0.00      0.00      0.00      0.00
20:41:15         0.00   3270.26   8175.65      0.00   9271.46      0.00      0.00      0.00      0.00      0.00
20:41:20         0.00  49937.47  19289.98      0.00  19603.01      0.00      0.00      0.00      0.00      0.00
20:41:25         3.20   3276.80  42100.60      1.20  42720.00      0.00      0.00      0.00      0.00      0.00
20:41:30         0.00      0.00   9921.20      0.00   8636.40      0.00      0.00      0.00      0.00      0.00
20:41:35         0.00      0.00   6132.14      0.00   5340.32      0.00      0.00      0.00      0.00      0.00
20:41:40         0.00      0.00  15155.40      0.00  15206.60      0.00      0.00      0.00      0.00      0.00
20:41:45         0.00   1638.40   6553.60      0.00   6180.80      0.00      0.00      0.00      0.00      0.00
20:41:50         0.00      0.00  22937.60      0.00  23003.00      0.00      0.00      0.00      0.00      0.00
20:41:55         0.00      0.00   8601.80      0.00   8635.40      0.00      0.00      0.00      0.00      0.00
20:42:00         0.00  26214.40  20480.40      0.00  15236.00      0.00      0.00      0.00      0.00      0.00
20:42:05         0.00      0.00   8601.80      0.00   8229.20      0.00      0.00      0.00      0.00      0.00
20:42:10         0.00      0.00   7782.40      0.00   7817.40      0.00      0.00      0.00      0.00      0.00
20:42:15         0.00   3276.80  68812.80      0.00  73423.20      0.00      0.00      0.00      0.00      0.00
20:42:20         0.00   1638.40   9011.40      0.00   9046.60      0.00      0.00      0.00      0.00      0.00
20:42:25         0.00      0.00  18841.80      0.00  18486.20      0.00      0.00      0.00      0.00      0.00
20:42:30         0.00  13107.20  42189.00      0.00  42296.40      0.00      0.00      0.00      0.00      0.00
20:42:35         0.00      0.00  10649.60      0.00  10282.00      0.00      0.00      0.00      0.00      0.00
20:42:40         0.00   1638.40   6553.60      0.00   6174.80      0.00      0.00      0.00      0.00      0.00
20:42:45         0.00  19660.80  15155.60      0.00  15264.80      0.00      0.00      0.00      0.00      0.00
20:42:50         0.00      0.00   5646.20      0.00   5349.40      0.00      0.00      0.00      0.00      0.00
20:42:55         0.00   1638.40  14997.80      0.00  21362.20      0.00      0.00      0.00      0.00      0.00
20:43:00         0.00      0.00  19497.00      0.00  10281.00      0.00      0.00      0.00      0.00      0.00
20:43:05         0.00   1638.40  13517.00      0.00   6184.80      0.00      0.00      0.00      0.00      0.00
20:43:10         0.00   1638.40  10240.00      0.00   8664.60      0.00      0.00      0.00      0.00      0.00
20:43:15         0.00      0.00   5324.80      0.00   5349.00      0.00      0.00      0.00      0.00      0.00
20:43:20         0.00   1638.40  18022.60      0.00  17679.20      0.00      0.00      0.00      0.00      0.00
20:43:25         0.00      0.00   8601.60      0.00   8226.20      0.00      0.00      0.00      0.00      0.00
20:43:30         0.00   3276.80  31949.00      0.00  32040.60      0.00      0.00      0.00      0.00      0.00
20:43:35      2020.80  59635.20  29586.80    505.20  29573.60   2793.40      0.00   5574.40      0.00      0.00
20:43:40         0.00      0.00   8395.60      0.00  11103.40      0.00      0.00      0.00      0.00      0.00
20:43:45         0.00   1638.40   9626.80      0.00   5500.80      0.00      0.00      0.00      0.00      0.00
20:43:50         0.00      0.00  16384.20      0.00  16030.20      0.00      0.00      0.00      0.00      0.00
20:43:55         0.00      0.00   5324.80      0.00   5347.00      0.00      0.00      0.00      0.00      0.00
20:44:00         0.00      0.00   9421.00      0.00   9458.60      0.00      0.00      0.00      0.00      0.00
20:44:05         0.00      0.00  34406.80      0.00  20951.80      0.00      0.00      0.00      0.00      0.00
20:44:10         1.60   6553.60 120013.60      0.40 118585.40      0.00      0.00      0.00      0.00      0.00
20:44:15         0.00      0.00  13516.80      0.00   8636.60      0.00      0.00      0.00      0.00      0.00
20:44:20         0.00      0.00   6144.00      0.00   5349.00      0.00      0.00      0.00      0.00      0.00
20:44:25         0.00   8192.00  68642.20      0.00  68665.20      0.00      0.00      0.00      0.00      0.00
20:44:30         0.00      0.00  13687.60      0.00  10281.80      0.00      0.00      0.00      0.00      0.00
20:44:35         0.00   3276.80  31539.40      0.00  31616.60      0.00      0.00      0.00      0.00      0.00
20:44:40         0.00      0.00  29491.20      0.00  28756.20      0.00      0.00      0.00      0.00      0.00
20:44:45         0.00   6553.60   5324.80      0.00   4959.60      0.00      0.00      0.00      0.00      0.00
20:44:50         0.00  13107.20  11059.20      0.00  11733.20      0.00      0.00      0.00      0.00      0.00
20:44:55         0.00  14745.60   9131.40      0.00  15683.60      0.00      0.00      0.00      0.00      0.00
20:45:00         0.00      0.00  12577.40      0.00   6172.00      0.00      0.00      0.00      0.00      0.00
20:45:05         0.00      0.00   8601.60      0.00   5357.80      0.00      0.00      0.00      0.00      0.00
20:45:10         0.00      0.00  22937.60      0.00  22594.80      0.00      0.00      0.00      0.00      0.00
20:45:15         0.00      0.00  13107.20      0.00  13151.20      0.00      0.00      0.00      0.00      0.00
20:45:20         3.99      0.00   8585.43      1.00   8211.98      0.00      0.00      0.00      0.00      0.00
20:45:25         0.00   1288.80   6144.00      0.00   6176.60      0.00      0.00      0.00      0.00      0.00
20:45:30         0.00  13107.20   8601.60      0.00   8748.40      0.00      0.00      0.00      0.00      0.00
20:45:35         0.00      0.00  17613.20      0.00  17674.20      0.00      0.00      0.00      0.00      0.00
20:45:40         0.80   3276.80  31949.20      0.20  31617.60      0.00      0.00      0.00      0.00      0.00
20:45:45         0.00      0.00  22528.20      0.00  21773.00      0.00      0.00      0.00      0.00      0.00
20:45:50         0.00   3276.80  12288.00      0.00  12405.80      0.00      0.00      0.00      0.00      0.00
20:45:55         0.00      0.00  10240.00      0.00   8636.00      0.00      0.00      0.00      0.00      0.00
20:46:00         0.00      0.00  11100.80      0.00  10694.40      0.00      0.00      0.00      0.00      0.00
20:46:05         0.00   3276.80  12656.00      0.00  11930.40      0.00      0.00      0.00      0.00      0.00
20:46:10         0.00      0.00  10240.00      0.00   7817.60      0.00      0.00      0.00      0.00      0.00
20:46:15         0.00   8192.00  18432.20      0.00  18716.40      0.00      0.00      0.00      0.00      0.00
20:46:20         0.00   1046.40  17612.80      0.00  17676.80      0.00      0.00      0.00      0.00      0.00
20:46:25         0.00      0.00   8192.00      0.00   8225.00      0.00      0.00      0.00      0.00      0.00
20:46:30         0.00      0.00   6144.00      0.00   6172.00      0.00      0.00      0.00      0.00      0.00
20:46:35         0.00      0.00  67584.40      0.00  67742.20      0.00      0.00      0.00      0.00      0.00
20:46:40         0.00      0.00   6144.00      0.00   4938.80      0.00      0.00      0.00      0.00      0.00
20:46:45         0.00      0.00  36454.40      0.00  35727.40      0.00      0.00      0.00      0.00      0.00
20:46:50         0.00  13107.20  23347.20      0.00  22841.20      0.00      0.00      0.00      0.00      0.00
20:46:55         0.00      0.00  19660.80      0.00  12330.20      0.00      0.00      0.00      0.00      0.00
20:47:00         0.00      0.00   8601.60      0.00   8637.00      0.00      0.00      0.00      0.00      0.00
20:47:05         0.00      0.00   5552.80      0.00   6170.20      0.00      0.00      0.00      0.00      0.00
20:47:10         0.00      0.00  17794.80      0.00  16853.60      0.00      0.00      0.00      0.00      0.00
20:47:15         0.00   1638.40   8601.60      0.00   8691.80      0.00      0.00      0.00      0.00      0.00
20:47:20         0.00      0.00  19251.60      0.00  18898.40      0.00      0.00      0.00      0.00      0.00
20:47:25         0.00      0.00  14745.60      0.00  14794.80      0.00      0.00      0.00      0.00      0.00
20:47:30         0.00   1638.40  11059.20      0.00  11101.00      0.00      0.00      0.00      0.00      0.00
20:47:35         0.00   3276.80   6144.00      0.00   5356.60      0.00      0.00      0.00      0.00      0.00
20:47:40         0.00      0.00  17612.80      0.00  16033.40      0.00      0.00      0.00      0.00      0.00
20:47:45         0.00   1638.40   5734.40      0.00   5461.80      0.00      0.00      0.00      0.00      0.00
20:47:50         0.00 106496.00  37274.00      0.00  38383.40      0.00      0.00      0.00      0.00      0.00
20:47:55         0.00      0.00  21709.00      0.00  21773.60      0.00      0.00      0.00      0.00      0.00
20:48:00         0.00      0.00  11468.80      0.00  11103.40      0.00      0.00      0.00      0.00      0.00
20:48:05         0.00   1638.40   9420.80      0.00   8675.60      0.00      0.00      0.00      0.00      0.00
20:48:10         0.00   6553.60   8601.60      0.00   8663.60      0.00      0.00      0.00      0.00      0.00
20:48:15         0.00      0.00  14745.60      0.00  14387.40      0.00      0.00      0.00      0.00      0.00
20:48:20         0.00      0.00   9011.20      0.00   8636.60      0.00      0.00      0.00      0.00      0.00
20:48:25        12.80  89996.80 257339.20      3.20 377357.00  36821.40  15868.40  48797.20      0.00      0.00
20:48:30         8.00  17418.40  93288.40      2.00  14960.20  19982.80  13668.60   8877.60      0.00      0.00
20:48:35         0.00   8825.60  10240.00      0.00  12078.00   3027.80      0.00   4412.80      0.00      0.00
20:48:40         0.00   3276.80   5734.40      0.00   5778.80      0.00      0.00      0.00      0.00      0.00
20:48:45         1.60  84744.00  67997.60      1.60  68409.80  87219.40  73919.40  48852.00      0.00      0.00
20:48:50         0.00      0.00   7384.60      6.00   6172.00      0.00      0.00     10.00      0.00      0.00
20:48:55       160.00  34800.80  35677.20     40.20  35582.20  11072.00   2736.80  27617.60      0.00      0.00
20:49:00         1.60  10095.20  24578.00      1.00  25647.00   1395.20      0.00   2790.40      0.00      0.00
20:49:05         0.00      0.00  11879.20      0.00  11919.40      0.00      0.00      0.00      0.00      0.00
20:49:10         0.00      0.00  11059.40      0.20   9455.60      0.00      0.00      0.00      0.00      0.00
20:49:15         0.00      0.00   6963.60      0.00   4938.80      0.00      0.00      0.00      0.00      0.00
20:49:20         0.00      0.00  19251.80      0.00  15617.40      0.00      0.00      0.00      0.00      0.00
20:49:25         0.00      0.00  10240.00      0.00   9464.60      0.00      0.00      0.00      0.00      0.00
20:49:30        23.20   3276.80  20076.60      5.80  18513.80      0.00      0.00      0.00      0.00      0.00
20:49:35         0.00   6553.60  15974.60      0.00  16026.20      0.00      0.00      0.00      0.00      0.00
20:49:40         0.00   1638.40   5325.00      0.00   5453.20      0.00      0.00      0.00      0.00      0.00
20:49:45         0.00      0.00  11059.60      0.00  10693.20      0.00      0.00      0.00      0.00      0.00
20:49:50         0.00      0.00  15565.20      0.00  15206.80      0.00      0.00      0.00      0.00      0.00
20:49:55         0.00      0.00   6637.92      0.00   5748.50      0.00      0.00      0.00      0.00      0.00
20:50:00         5.60   8382.40  35130.60      1.40  44975.40   1395.20      0.00   2790.40      0.00      0.00
20:50:05         0.00   3276.80  21709.60      0.00  14028.80      0.00      0.00      0.00      0.00      0.00
20:50:10         0.00  29491.20  17203.40      0.00  16274.40      0.00      0.00      0.00      0.00      0.00
20:50:15         0.00      0.00  11878.40      0.00   8637.00      0.00      0.00      0.00      0.00      0.00
20:50:20         0.00      0.00   6963.40      0.00   5760.60      0.00      0.00      0.00      0.00      0.00
20:50:25         0.00      0.00  18841.80      0.00  15207.00      0.00      0.00      0.00      0.00      0.00
20:50:30      1638.40      0.00  11469.20    409.60  11285.00      0.00      0.00      0.00      0.00      0.00
20:50:35         0.00      0.00  18432.20      0.00  18076.20      0.00      0.00      0.00      0.00      0.00
20:50:40         0.00  37270.40  13055.20      0.00  26237.80   4393.60      0.00   8787.20      0.00      0.00
20:50:45         0.00      0.00   8244.00      0.00   5345.60      0.00      0.00      0.00      0.00      0.00
20:50:50         0.00      0.00   8601.60      0.00   8224.40      0.00      0.00      0.00      0.00      0.00
20:50:55         5.60      0.00  63899.00      1.40  74904.80      0.00      0.00      0.00      0.00      0.00
20:51:00         0.00   1638.40  12288.00      0.00  11918.60      0.00      0.00      0.00      0.00      0.00
20:51:05         0.00   3276.80  49561.80      0.00  48858.20      0.00      0.00      0.00      0.00      0.00
20:51:10         0.00      0.00   6205.60      0.00   8637.00      0.00      0.00      0.00      0.00      0.00
20:51:15         0.00      0.00  16424.60      0.00  13977.40      0.00      0.00      0.00      0.00      0.00
20:51:20         0.00  13107.20   8499.60      0.00   6886.60      0.00      0.00      0.00      0.00      0.00
20:51:25         0.00      0.00   5324.80      0.00   5347.40      0.00      0.00      0.00      0.00      0.00
20:51:30         0.00   6553.60  16384.00      0.00  16028.00      0.00      0.00      0.00      0.00      0.00
20:51:35         0.00   3276.80   6144.00      0.00   5500.00      0.00      0.00      0.00      0.00      0.00
20:51:40         0.00   1740.80  26624.20      0.00  24241.00      0.00      0.00      0.00      0.00      0.00
20:51:45         0.00      0.00   8601.80      0.00   8634.20      0.00      0.00      0.00      0.00      0.00
20:51:50         0.00   1638.40  12697.60      0.00  12797.20      0.00      0.00      0.00      0.00      0.00
20:51:55         0.00      0.00   8601.60      0.00   8229.60      0.00      0.00      0.00      0.00      0.00
20:52:00         0.00      0.00   9011.20      0.00   9047.80      0.00      0.00      0.00      0.00      0.00
20:52:05         0.00   3276.80  13516.80      0.00  13591.60      0.00      0.00      0.00      0.00      0.00
20:52:10         0.00      0.00  47923.40      0.00  48042.80      0.00      0.00      0.00      0.00      0.00
20:52:15         0.00      0.00   6553.60      0.00   6171.80      0.00      0.00      0.00      0.00      0.00
20:52:20         0.00   8192.00  15155.60      0.00  15617.20      0.00      0.00      0.00      0.00      0.00
20:52:25         0.00      0.00  13107.20      0.00  11104.00      0.00      0.00      0.00      0.00      0.00
20:52:30         0.00   6553.60   5734.40      0.00   4961.20      0.00      0.00      0.00      0.00      0.00
20:52:35         0.00      0.00  15565.00      0.00  15618.60      0.00      0.00      0.00      0.00      0.00
20:52:40         0.00   1638.40   7372.80      0.00   5354.80      0.00      0.00      0.00      0.00      0.00
20:52:45         0.00   3276.80  58664.60      0.00 141035.40      0.00      0.00      0.00      0.00      0.00
20:52:50         0.00   3276.80  78962.00      0.00   9668.80      0.00      0.00      0.00      0.00      0.00
20:52:55         0.00   6553.60  12697.60      0.00  12340.80      0.00      0.00      0.00      0.00      0.00
20:53:00         0.00      0.00   9830.60      0.00   9458.60      0.00      0.00      0.00      0.00      0.00
20:53:05         0.00      0.00  63078.60      0.00  62817.40      0.00      0.00      0.00      0.00      0.00
20:53:10         0.00      0.00  13517.00      0.00  12332.40      0.00      0.00      0.00      0.00      0.00
20:53:15         0.00      0.00  47923.20      0.00  47627.20      0.00      0.00      0.00      0.00      0.00
20:53:20         0.00   3276.80   5324.80      0.00   4526.80      0.00      0.00      0.00      0.00      0.00
20:53:25         0.00      0.00  15974.40      0.00   9472.40      0.00      0.00      0.00      0.00      0.00
20:53:30         0.00   6553.60  10240.00      0.00  10300.60      0.00      0.00      0.00      0.00      0.00
20:53:35         0.00   1638.40   7372.80      0.00   6170.80      0.00      0.00      0.00      0.00      0.00
20:53:40         0.00  26214.40  15155.40      0.00  15698.60      0.00      0.00      0.00      0.00      0.00
20:53:45         0.00      0.00   9420.80      0.00   9458.80      0.00      0.00      0.00      0.00      0.00
20:53:50         0.00   1638.40  18432.20      0.00  18132.60      0.00      0.00      0.00      0.00      0.00
20:53:55         0.00      0.00  12697.60      0.00   9463.20      0.00      0.00      0.00      0.00      0.00
20:54:00       916.00   6553.60  12107.40    229.00  12253.40      0.00      0.00      0.00      0.00      0.00
20:54:05         0.00      0.00   8601.60      0.00   8636.20      0.00      0.00      0.00      0.00      0.00
20:54:10         0.00      0.00   6553.60      0.00   6172.60      0.00      0.00      0.00      0.00      0.00
20:54:15         0.00      0.00  23347.20      0.00  16852.20      0.00      0.00      0.00      0.00      0.00
20:54:20         0.00   1638.40  35225.80      0.00  35722.80      0.00      0.00      0.00      0.00      0.00
20:54:25         0.00      0.00  18432.00      0.00  18485.40      0.00      0.00      0.00      0.00      0.00
20:54:30         0.00      0.00  22528.00      0.00  15619.60      0.00      0.00      0.00      0.00      0.00
20:54:35         0.00      0.00   8993.21      0.00   7799.60      0.00      0.00      0.00      0.00      0.00
20:54:40         0.00   1638.40   8601.60      0.00   7031.60      0.00      0.00      0.00      0.00      0.00
20:54:45         0.00      0.00  22528.00      0.00  16029.40      0.00      0.00      0.00      0.00      0.00
20:54:50         0.00      0.00   4915.20      0.00   4937.60      0.00      0.00      0.00      0.00      0.00
20:54:55         0.00   1638.40  10649.60      0.00   9563.00      0.00      0.00      0.00      0.00      0.00
20:55:00         0.00      0.00  21709.00      0.00  21772.60      0.00      0.00      0.00      0.00      0.00
20:55:05         0.00   3276.80  14336.00      0.00  14414.40      0.00      0.00      0.00      0.00      0.00
20:55:10         0.00   3276.80   8601.60      0.00   8243.60      0.00      0.00      0.00      0.00      0.00
20:55:15         0.00      0.00  58573.00      0.00  67123.40      0.00      0.00      0.00      0.00      0.00
20:55:20         0.00      0.00  14195.60      0.00  14796.20      0.00      0.00      0.00      0.00      0.00
20:55:25         0.00   4915.20  37823.60      0.00  33488.80      0.00      0.00      0.00      0.00      0.00
20:55:30         0.00      0.00  20070.60      0.00  19309.40      0.00      0.00      0.00      0.00      0.00
20:55:35         0.00      0.00   8601.60      0.00   8636.40      0.00      0.00      0.00      0.00      0.00
20:55:40         0.00   6553.60  15974.40      0.00  16026.20      0.00      0.00      0.00      0.00      0.00
20:55:45         0.00      0.00   6207.60      0.00   6994.20      0.00      0.00      0.00      0.00      0.00
20:55:50         0.00  14745.60  11814.80      0.00   9161.00      0.00      0.00      0.00      0.00      0.00
20:55:55         0.00      0.00  11468.80      0.00  10687.00      0.00      0.00      0.00      0.00      0.00
20:56:00         0.00      0.00   8601.60      0.00   8635.40      0.00      0.00      0.00      0.00      0.00
20:56:05         0.00   1638.40  22937.60      0.00  22601.20      0.00      0.00      0.00      0.00      0.00
20:56:10         0.00   3276.80  20480.00      0.00  13640.60      0.00      0.00      0.00      0.00      0.00
20:56:15         0.00      0.00   9420.80      0.00   9459.40      0.00      0.00      0.00      0.00      0.00
20:56:20         0.00      0.00   5324.80      0.00   5348.00      0.00      0.00      0.00      0.00      0.00
20:56:25         0.00  16384.00  16793.60      0.00  15613.80      0.00      0.00      0.00      0.00      0.00
20:56:30         0.00      0.00  33177.80      0.00  31621.60      0.00      0.00      0.00      0.00      0.00
20:56:35         0.00      0.00  23756.80      0.00  22185.20      0.00      0.00      0.00      0.00      0.00
20:56:40         0.00      0.00   8601.60      0.00   8635.80      0.00      0.00      0.00      0.00      0.00
20:56:45         0.00  27852.80  11878.40      0.00  11915.40      0.00      0.00      0.00      0.00      0.00
20:56:50         0.00      0.00   9420.80      0.00   9459.60      0.00      0.00      0.00      0.00      0.00
20:56:55         0.00   1638.40  10240.00      0.00  10394.00      0.00      0.00      0.00      0.00      0.00
20:57:00         2.40      0.00 228967.40      0.60 193429.00      0.00      0.00      0.00      0.00      0.00
20:57:05         0.00      0.00 113459.20      0.00 113293.40      0.00      0.00      0.00      0.00      0.00
20:57:10         0.00      0.00  18841.60      0.00  18076.40      0.00      0.00      0.00      0.00      0.00
20:57:15         0.00   1638.40  15155.20      0.00  15205.40      0.00      0.00      0.00      0.00      0.00
20:57:20         0.00   1638.40  10240.00      0.00  10292.00      0.00      0.00      0.00      0.00      0.00
20:57:25      1212.00  91045.60  61993.80    303.00  34239.80 153888.80 180979.20  51430.00      0.00      0.00
20:57:30     13094.40  11228.00  15155.40      0.00  18722.00   2812.40     12.80   5614.00      0.00      0.00
20:57:35         4.80  11392.00  35637.00      1.40  34851.60   2739.20    115.20   5683.20      0.00      0.00
20:57:40         0.00  47436.80  20070.60      0.00  19048.20   9081.80   2777.60  23731.20      0.00      0.00
20:57:45         0.00   3276.80   9011.20      0.00   9500.80      0.00      0.00      0.00      0.00      0.00
20:57:50         0.00   8893.60  14336.00      0.00  15723.40   1913.60      0.00   3802.40      0.00      0.00
20:57:55         0.00      0.00   8601.60      0.00   8636.60      0.00      0.00      0.00      0.00      0.00
20:58:00         0.00      0.00  11059.20      0.00  11104.20      0.00      0.00      0.00      0.00      0.00
20:58:05         0.00      0.00  12697.60      0.00  11920.20      0.00      0.00      0.00      0.00      0.00
20:58:10         0.00      0.00   9420.80      0.00   9048.00      0.00      0.00      0.00      0.00      0.00
20:58:15         0.00      0.00  18432.00      0.00  18485.20      0.00      0.00      0.00      0.00      0.00
20:58:20         0.00      0.00  16384.20      0.00  16029.00      0.00      0.00      0.00      0.00      0.00
20:58:25         0.00      0.00  10240.00      0.00   9872.60      0.00      0.00      0.00      0.00      0.00
20:58:30         0.00      0.00   7782.40      0.00   5350.80      0.00      0.00      0.00      0.00      0.00
20:58:35         0.00      0.00  15155.40      0.00  15206.80      0.00      0.00      0.00      0.00      0.00
20:58:40         0.00      0.00  35635.60      0.00  34905.60      0.00      0.00      0.00      0.00      0.00
20:58:45         0.00      0.00  19660.80      0.00  18897.40      0.00      0.00      0.00      0.00      0.00
20:58:50         0.00   1638.40  11059.20      0.00  10394.00      0.00      0.00      0.00      0.00      0.00
20:58:55         0.00      0.00  13926.40      0.00  12741.80      0.00      0.00      0.00      0.00      0.00
20:59:00         0.00      0.00   9420.80      0.00   8636.60      0.00      0.00      0.00      0.00      0.00
20:59:05         0.00      0.00   8601.60      0.00   8224.20      0.00      0.00      0.00      0.00      0.00
20:59:10         0.00   3270.26  15942.51      0.00  13948.30      0.00      0.00      0.00      0.00      0.00
20:59:15         0.00   1638.40  22118.60      0.00  25165.40      0.00      0.00      0.00      0.00      0.00
20:59:20         0.00      0.00   6144.00      0.00   6172.00      0.00      0.00      0.00      0.00      0.00
20:59:25         0.00      0.00  15564.80      0.00  15203.40      0.00      0.00      0.00      0.00      0.00
20:59:30         0.00      0.00  11059.20      0.00  11104.60      0.00      0.00      0.00      0.00      0.00
20:59:35         0.00      0.00  57754.00      0.00  57881.80      0.00      0.00      0.00      0.00      0.00
20:59:40         0.00      0.00  15974.40      0.00  16028.20      0.00      0.00      0.00      0.00      0.00
20:59:45         0.00 108134.40  31539.20      0.00  38696.20      0.00      0.00      0.00      0.00      0.00
20:59:50         0.00   1638.40  21299.20      0.00   7438.00      0.00      0.00      0.00      0.00      0.00
20:59:55         0.00   6553.60  11468.80      0.00  11100.80      0.00      0.00      0.00      0.00      0.00
21:00:00         0.00   1638.40  11878.40      0.00  12069.20      0.00      0.00      0.00      0.00      0.00
21:00:05         0.00      0.00  10240.00      0.00   9460.00      0.00      0.00      0.00      0.00      0.00
21:00:10         0.00   1638.40   8601.60      0.00   8645.40      0.00      0.00      0.00      0.00      0.00
21:00:15         0.00   3276.80  13107.20      0.00  12738.40      0.00      0.00      0.00      0.00      0.00
21:00:20         0.00   1638.40  23756.80      0.00  23063.60      0.00      0.00      0.00      0.00      0.00
21:00:25         0.00      0.00   4915.20      0.00   4937.00      0.00      0.00      0.00      0.00      0.00
21:00:30         0.00  22602.40  15974.40      0.00  16496.80      0.00      0.00      0.00      0.00      0.00
21:00:35         0.00      0.00  11878.40      0.00   5354.60      0.00      0.00      0.00      0.00      0.00
21:00:40         0.00   7219.20   7782.40      0.00   9218.60   1395.20      0.00   2790.40      0.00      0.00
21:00:45         0.00   1638.40  15155.20      0.00  15313.40      0.00      0.00      0.00      0.00      0.00
21:00:50         0.00      0.00   6144.00      0.00   6170.60      0.00      0.00      0.00      0.00      0.00
21:00:55        10.40      0.00  49564.60      2.60  49687.80      0.00      0.00      0.00      0.00      0.00
21:01:00         0.00      0.00   9011.20      0.00   8637.80      0.00      0.00      0.00      0.00      0.00
21:01:05         0.00      0.00  20070.40      0.00  13564.40      0.00      0.00      0.00      0.00      0.00
21:01:10         0.00      0.00   8601.60      0.00   8636.20      0.00      0.00      0.00      0.00      0.00
21:01:15         0.00      0.00   6144.00      0.00   6171.60      0.00      0.00      0.00      0.00      0.00
21:01:20         0.00      0.00  15155.20      0.00  15203.80      0.00      0.00      0.00      0.00      0.00
21:01:25         0.00      0.00  11468.80      0.00  11103.20      0.00      0.00      0.00      0.00      0.00
21:01:30         0.00  54067.20  18022.40      0.00  18970.40      0.00      0.00      0.00      0.00      0.00
21:01:35         0.00   1638.40  20070.40      0.00  16035.80      0.00      0.00      0.00      0.00      0.00
21:01:40         0.00   6553.60  45727.00      0.00 123979.20      0.00      0.00      0.00      0.00      0.00
21:01:45         4.80  22988.80 135728.20      1.40  66926.20   5619.20    128.00  11494.40      0.00      0.00
21:01:50         0.00      0.00   9420.80      0.00  16029.80      0.00      0.00      0.00      0.00      0.00
21:01:55         0.00      0.00  12697.60      0.00  11919.40      0.00      0.00      0.00      0.00      0.00
21:02:00         0.00   1740.80  48742.40      0.00  52336.40      0.00      0.00      0.00      0.00      0.00
21:02:05         0.00      0.00   5734.40      0.00   5348.20      0.00      0.00      0.00      0.00      0.00
21:02:10         0.00      0.00  17980.80      0.00  17263.00      0.00      0.00      0.00      0.00      0.00
21:02:15         0.00   1638.40  11510.40      0.00   8640.00      0.00      0.00      0.00      0.00      0.00
21:02:20         0.00      0.00   6144.00      0.00   5762.00      0.00      0.00      0.00      0.00      0.00
21:02:25         0.00  16384.00  15564.80      0.00  14744.80      0.00      0.00      0.00      0.00      0.00
21:02:30         0.00   1638.40   8601.60      0.00   8635.20      0.00      0.00      0.00      0.00      0.00
21:02:35         0.00   6553.60  21299.20      0.00  21076.60      0.00      0.00      0.00      0.00      0.00
21:02:40         0.00      0.00  14745.60      0.00  14795.20      0.00      0.00      0.00      0.00      0.00
21:02:45         0.00   3276.80   6144.00      0.00   6170.20      0.00      0.00      0.00      0.00      0.00
21:02:50         0.00      0.00   8601.60      0.00   8633.80      0.00      0.00      0.00      0.00      0.00
21:02:55         0.00  13107.20  13107.20      0.00  11158.60      0.00      0.00      0.00      0.00      0.00
21:03:00         0.00      0.00  11878.40      0.00  11509.60      0.00      0.00      0.00      0.00      0.00
21:03:05         0.00  55977.60  22118.40      0.00  21608.20      0.00      0.00      0.00      0.00      0.00
21:03:10         0.00  10000.00  35635.20      0.00  35820.80      0.00      0.00      0.00      0.00      0.00
21:03:15         0.00   1638.40  11878.40      0.00  11918.60      0.00      0.00      0.00      0.00      0.00
21:03:20         0.00   1635.13  11445.91      0.00  11084.63      0.00      0.00      0.00      0.00      0.00
21:03:25         0.00      0.00   5324.80      0.00   5349.40      0.00      0.00      0.00      0.00      0.00
21:03:30         0.00   6553.60  19251.20      0.00  16482.60      0.00      0.00      0.00      0.00      0.00
21:03:35         0.00      0.00   8601.60      0.00   8634.80      0.00      0.00      0.00      0.00      0.00
21:03:40         0.00      0.00  14536.60      0.00  18077.60      0.00      0.00      0.00      0.00      0.00
21:03:45         0.00      0.00  21508.20      0.00   9883.40      0.00      0.00      0.00      0.00      0.00
21:03:50         0.00      0.00   5324.80      0.00   5348.80      0.00      0.00      0.00      0.00      0.00
21:03:55         0.00      0.00  10649.60      0.00   9459.00      0.00      0.00      0.00      0.00      0.00
21:04:00         0.00      0.00  62668.80      0.00  61172.20      0.00      0.00      0.00      0.00      0.00
21:04:05         0.00      0.00  14336.00      0.00  14388.00      0.00      0.00      0.00      0.00      0.00
21:04:10         0.00      0.00   8601.60      0.00   8634.00      0.00      0.00      0.00      0.00      0.00
21:04:15         0.00      0.00  45465.80      0.00  45166.40      0.00      0.00      0.00      0.00      0.00

Average:       826.12   6577.47  21361.00     97.89  19944.12   1825.56   1741.93   1640.87      0.00      0.00
