Linux 7.2.0-rc5-virtme (virtme-ng) 	08/01/26 	_x86_64_	(12 CPU)

20:04:59     %smem-10  %smem-60 %smem-300     %smem  %fmem-10  %fmem-60 %fmem-300     %fmem
20:05:04         0.00      0.00      0.00      0.00      0.00      0.00      0.00      0.00
20:05:09         0.00      0.00      0.00      0.00      0.00      0.00      0.00      0.00
20:05:14         0.00      0.00      0.00      0.00      0.00      0.00      0.00      0.00
20:05:19         0.00      0.00      0.00      0.00      0.00      0.00      0.00      0.00
20:05:24         1.48      0.31      0.06      4.08      1.48      0.31      0.06      4.07
20:05:29         1.42      0.43      0.10      2.35      1.42      0.43      0.10      2.35
20:05:34         1.54      0.53      0.12      1.65      1.54      0.53      0.12      1.65
20:05:39         1.21      0.57      0.14      1.30      1.21      0.57      0.14      1.28
20:05:44         0.81      0.54      0.14      0.00      0.81      0.54      0.14      0.00
20:05:49         0.44      0.48      0.13      0.00      0.44      0.48      0.13      0.00
20:05:54         0.29      0.45      0.13      0.00      0.29      0.45      0.13      0.00
20:05:59         0.31      0.44      0.14      0.46      0.31      0.44      0.14      0.46
20:06:04         0.20      0.41      0.13      0.00      0.20      0.41      0.13      0.00
20:06:09         0.11      0.37      0.13      0.00      0.11      0.37      0.13      0.00
20:06:14         0.07      0.35      0.13      0.00      0.07      0.35      0.13      0.00
20:06:19         0.04      0.31      0.13      0.00      0.04      0.31      0.13      0.00
20:06:24         0.02      0.29      0.12      0.00      0.02      0.29      0.12      0.00
20:06:29         0.01      0.26      0.12      0.00      0.01      0.26      0.12      0.00
20:06:34         0.00      0.25      0.12      0.00      0.00      0.25      0.12      0.00
20:06:39         0.00      0.22      0.12      0.00      0.00      0.22      0.12      0.00
20:06:44         0.00      0.21      0.11      0.00      0.00      0.21      0.11      0.00
20:06:49         0.00      0.18      0.11      0.00      0.00      0.18      0.11      0.00
20:06:54         0.00      0.17      0.11      0.00      0.00      0.17      0.11      0.00
20:06:59         0.00      0.15      0.11      0.00      0.00      0.15      0.11      0.00
20:07:04         0.00      0.14      0.10      0.00      0.00      0.14      0.10      0.00
20:07:09         0.00      0.13      0.10      0.00      0.00      0.13      0.10      0.00
20:07:14         0.00      0.12      0.10      0.00      0.00      0.12      0.10      0.00
20:07:20         0.00      0.11      0.10      0.11      0.00      0.11      0.10      0.11
20:07:25         8.25      1.79      0.46     21.38      8.25      1.79      0.46     21.38
20:07:30         4.53      1.62      0.45      0.34      4.53      1.62      0.45      0.33
20:07:35         3.03      1.51      0.44      0.00      3.03      1.51      0.44      0.00
20:07:40         1.66      1.37      0.43      0.00      1.66      1.37      0.43      0.00
20:07:45         1.11      1.28      0.42      0.00      1.11      1.28      0.42      0.00
20:07:50         0.61      1.16      0.41      0.00      0.61      1.16      0.41      0.00
20:07:55         0.41      1.08      0.41      0.00      0.41      1.08      0.41      0.00
20:08:00         0.22      0.98      0.40      0.00      0.22      0.98      0.40      0.00
20:08:05         0.15      0.91      0.39      0.00      0.15      0.91      0.39      0.00
20:08:10         0.08      0.83      0.38      0.00      0.08      0.83      0.38      0.00
20:08:15         0.41      0.84      0.39      0.82      0.41      0.84      0.39      0.82
20:08:20         0.22      0.76      0.38      0.00      0.22      0.76      0.38      0.00
20:08:25         0.15      0.71      0.38      0.00      0.15      0.71      0.38      0.00
20:08:30         0.08      0.64      0.37      0.00      0.08      0.64      0.37      0.00
20:08:35         0.05      0.60      0.36      0.00      0.05      0.60      0.36      0.00
20:08:40         0.03      0.54      0.35      0.00      0.03      0.54      0.35      0.00
20:08:45         0.01      0.50      0.35      0.00      0.01      0.50      0.35      0.00
20:08:50         0.01      0.45      0.34      0.00      0.01      0.45      0.34      0.00
20:08:55         0.00      0.43      0.34      0.00      0.00      0.43      0.34      0.00
20:09:00         0.00      0.38      0.33      0.00      0.00      0.38      0.33      0.00
20:09:05         0.00      0.36      0.32      0.00      0.00      0.36      0.32      0.00
20:09:10         0.00      0.32      0.32      0.00      0.00      0.32      0.32      0.00
20:09:15         0.00      0.30      0.31      0.00      0.00      0.30      0.31      0.00
20:09:20         0.00      0.27      0.30      0.00      0.00      0.27      0.30      0.00
20:09:25         0.00      0.25      0.30      0.00      0.00      0.25      0.30      0.00
20:09:30         0.00      0.23      0.29      0.00      0.00      0.23      0.29      0.00
20:09:35         0.00      0.21      0.29      0.00      0.00      0.21      0.29      0.00
20:09:40         0.00      0.19      0.28      0.00      0.00      0.19      0.28      0.00
20:09:45         0.00      0.18      0.28      0.00      0.00      0.18      0.28      0.00
20:09:50         0.00      0.16      0.27      0.00      0.00      0.16      0.27      0.00
20:09:55         0.00      0.15      0.27      0.00      0.00      0.15      0.27      0.00
20:10:00         0.00      0.13      0.26      0.00      0.00      0.13      0.26      0.00
20:10:05         0.00      0.12      0.26      0.00      0.00      0.12      0.26      0.00
20:10:10         0.00      0.11      0.25      0.00      0.00      0.11      0.25      0.00
20:10:15         0.00      0.10      0.25      0.00      0.00      0.10      0.25      0.00
20:10:20         0.00      0.09      0.24      0.00      0.00      0.09      0.24      0.00
20:10:25         0.00      0.09      0.24      0.00      0.00      0.09      0.24      0.00
20:10:30         0.00      0.08      0.23      0.00      0.00      0.08      0.23      0.00
20:10:35         0.00      0.07      0.23      0.00      0.00      0.07      0.23      0.00
20:10:40         0.00      0.06      0.22      0.00      0.00      0.06      0.22      0.00
20:10:45         0.00      0.06      0.22      0.00      0.00      0.06      0.22      0.00
20:10:50         0.00      0.05      0.21      0.00      0.00      0.05      0.21      0.00
20:10:55         0.00      0.05      0.21      0.00      0.00      0.05      0.21      0.00
20:11:00         0.00      0.04      0.20      0.00      0.00      0.04      0.20      0.00
20:11:05         0.00      0.04      0.20      0.00      0.00      0.04      0.20      0.00
20:11:10         0.00      0.03      0.20      0.00      0.00      0.03      0.20      0.00
20:11:15         0.00      0.03      0.19      0.00      0.00      0.03      0.19      0.00
20:11:20         0.00      0.03      0.19      0.00      0.00      0.03      0.19      0.00
20:11:25         0.00      0.02      0.19      0.00      0.00      0.02      0.19      0.00
20:11:30         0.00      0.02      0.18      0.00      0.00      0.02      0.18      0.00
20:11:35         0.00      0.02      0.18      0.00      0.00      0.02      0.18      0.00
20:11:40         0.00      0.02      0.17      0.00      0.00      0.02      0.17      0.00
20:11:45         0.00      0.01      0.17      0.00      0.00      0.01      0.17      0.00
20:11:50         0.00      0.01      0.17      0.00      0.00      0.01      0.17      0.00
20:11:55         0.00      0.01      0.16      0.00      0.00      0.01      0.16      0.00
20:12:00         0.00      0.01      0.16      0.00      0.00      0.01      0.16      0.00
20:12:05         0.00      0.01      0.16      0.00      0.00      0.01      0.16      0.00
20:12:10         0.00      0.01      0.15      0.00      0.00      0.01      0.15      0.00
20:12:15         0.00      0.00      0.15      0.00      0.00      0.00      0.15      0.00
20:12:20         0.00      0.00      0.14      0.00      0.00      0.00      0.14      0.00
20:12:25         0.00      0.00      0.14      0.00      0.00      0.00      0.14      0.00
20:12:30         0.00      0.00      0.14      0.00      0.00      0.00      0.14      0.00
20:12:35         0.00      0.00      0.14      0.00      0.00      0.00      0.14      0.00
20:12:40         0.18      0.03      0.14      0.41      0.18      0.03      0.14      0.41
20:12:45         0.12      0.03      0.14      0.00      0.12      0.03      0.14      0.00
20:12:50         0.06      0.02      0.13      0.00      0.06      0.02      0.13      0.00
20:12:55         0.04      0.02      0.13      0.00      0.04      0.02      0.13      0.00
20:13:00         0.02      0.02      0.13      0.00      0.02      0.02      0.13      0.00
20:13:05         0.01      0.02      0.13      0.00      0.01      0.02      0.13      0.00
20:13:10         0.00      0.01      0.12      0.00      0.00      0.01      0.12      0.00
20:13:15         0.00      0.01      0.12      0.00      0.00      0.01      0.12      0.00
20:13:20         0.00      0.01      0.12      0.00      0.00      0.01      0.12      0.00
20:13:25         0.00      0.01      0.12      0.00      0.00      0.01      0.12      0.00
20:13:30         0.00      0.01      0.11      0.00      0.00      0.01      0.11      0.00
20:13:35         0.00      0.01      0.11      0.00      0.00      0.01      0.11      0.00
20:13:40         0.00      0.00      0.11      0.00      0.00      0.00      0.11      0.00
20:13:45         5.07      0.92      0.30     21.43      5.07      0.92      0.30     21.42
20:13:50        10.45      2.63      0.69     13.94     10.45      2.63      0.69     13.94
20:13:55         9.36      2.89      0.77      5.27      9.36      2.89      0.77      5.27
20:14:00         5.14      2.61      0.75      0.22      5.14      2.61      0.75      0.21
20:14:05         3.44      2.44      0.74      0.19      3.44      2.44      0.74      0.19
20:14:10         1.89      2.21      0.72      0.34      1.89      2.21      0.72      0.34
20:14:15         1.26      2.07      0.71      0.00      1.26      2.07      0.71      0.00
20:14:20         0.69      1.87      0.70      0.00      0.69      1.87      0.70      0.00
20:14:25         0.46      1.75      0.69      0.00      0.46      1.75      0.69      0.00
20:14:30         0.25      1.58      0.67      0.00      0.25      1.58      0.67      0.00
20:14:35         0.17      1.48      0.66      0.00      0.17      1.48      0.66      0.00
20:14:40         0.09      1.34      0.65      0.00      0.09      1.34      0.65      0.00
20:14:45         0.06      1.25      0.64      0.00      0.06      1.25      0.64      0.00
20:14:50         0.03      1.13      0.62      0.00      0.03      1.13      0.62      0.00
20:14:55         0.02      1.06      0.62      0.00      0.02      1.06      0.62      0.00
20:15:00         0.01      0.96      0.60      0.00      0.01      0.96      0.60      0.00
20:15:05         0.00      0.89      0.59      0.00      0.00      0.89      0.59      0.00
20:15:10         0.00      0.81      0.58      0.00      0.00      0.81      0.58      0.00
20:15:15         0.00      0.75      0.57      0.00      0.00      0.75      0.57      0.00
20:15:20         0.00      0.68      0.56      0.00      0.00      0.68      0.56      0.00
20:15:25         0.00      0.64      0.55      0.00      0.00      0.64      0.55      0.00
20:15:30         0.00      0.58      0.54      0.00      0.00      0.58      0.54      0.00
20:15:35         0.00      0.54      0.53      0.00      0.00      0.54      0.53      0.00
20:15:40         0.00      0.49      0.52      0.00      0.00      0.49      0.52      0.00
20:15:45         0.00      0.45      0.51      0.00      0.00      0.45      0.51      0.00
20:15:50         0.00      0.41      0.50      0.00      0.00      0.41      0.50      0.00
20:15:55         0.00      0.38      0.49      0.00      0.00      0.38      0.49      0.00
20:16:00         0.00      0.35      0.48      0.00      0.00      0.35      0.48      0.00
20:16:05         0.00      0.32      0.48      0.00      0.00      0.32      0.48      0.00
20:16:10         0.00      0.29      0.47      0.00      0.00      0.29      0.47      0.00
20:16:15         0.00      0.27      0.46      0.00      0.00      0.27      0.46      0.00
20:16:20         0.00      0.24      0.45      0.00      0.00      0.24      0.45      0.00
20:16:25         0.00      0.23      0.44      0.00      0.00      0.23      0.44      0.00
20:16:30         0.00      0.20      0.43      0.00      0.00      0.20      0.43      0.00
20:16:35         0.00      0.19      0.42      0.00      0.00      0.19      0.42      0.00
20:16:40         0.00      0.17      0.41      0.00      0.00      0.17      0.41      0.00
20:16:45         0.00      0.16      0.41      0.00      0.00      0.16      0.41      0.00
20:16:50         0.00      0.14      0.40      0.00      0.00      0.14      0.40      0.00
20:16:55         0.00      0.13      0.39      0.00      0.00      0.13      0.39      0.00
20:17:00         0.00      0.12      0.39      0.00      0.00      0.12      0.39      0.00
20:17:05         0.00      0.11      0.38      0.00      0.00      0.11      0.38      0.00
20:17:10         0.00      0.10      0.37      0.00      0.00      0.10      0.37      0.00
20:17:15         0.00      0.09      0.37      0.00      0.00      0.09      0.37      0.00
20:17:20         0.00      0.08      0.36      0.00      0.00      0.08      0.36      0.00
20:17:25         0.00      0.08      0.35      0.00      0.00      0.08      0.35      0.00
20:17:30         0.00      0.07      0.34      0.00      0.00      0.07      0.34      0.00
20:17:35         0.00      0.06      0.34      0.00      0.00      0.06      0.34      0.00
20:17:40         0.00      0.06      0.33      0.00      0.00      0.06      0.33      0.00
20:17:45         0.00      0.05      0.33      0.00      0.00      0.05      0.33      0.00
20:17:50         0.00      0.04      0.32      0.00      0.00      0.04      0.32      0.00
20:17:55         0.00      0.04      0.31      0.00      0.00      0.04      0.31      0.00
20:18:00         0.00      0.04      0.31      0.00      0.00      0.04      0.31      0.00
20:18:05         0.18      0.07      0.31      1.68      0.18      0.07      0.31      1.68
20:18:10         0.34      0.12      0.32      0.00      0.34      0.12      0.32      0.00
20:18:15         0.37      0.14      0.32      0.71      0.37      0.14      0.32      0.71
20:18:20         0.20      0.13      0.31      0.00      0.20      0.13      0.31      0.00
20:18:25         3.58      0.74      0.44      7.79      3.58      0.74      0.44      7.79
20:18:30         1.96      0.67      0.43      0.06      1.96      0.67      0.43      0.06
20:18:35         1.31      0.63      0.42      0.00      1.31      0.63      0.42      0.00
20:18:40         0.72      0.57      0.41      0.00      0.72      0.57      0.41      0.00
20:18:45         0.48      0.53      0.41      0.00      0.48      0.53      0.41      0.00
20:18:50         0.26      0.48      0.40      0.00      0.26      0.48      0.40      0.00
20:18:55         0.17      0.45      0.39      0.00      0.17      0.45      0.39      0.00
20:19:00         0.09      0.40      0.38      0.00      0.09      0.40      0.38      0.00
20:19:05         0.06      0.37      0.38      0.00      0.06      0.37      0.38      0.00
20:19:10         0.03      0.34      0.37      0.00      0.03      0.34      0.37      0.00
20:19:15         0.02      0.32      0.36      0.00      0.02      0.32      0.36      0.00
20:19:20         0.01      0.28      0.35      0.00      0.01      0.28      0.35      0.00
20:19:25         0.00      0.27      0.35      0.00      0.00      0.27      0.35      0.00
20:19:30         0.00      0.24      0.34      0.02      0.00      0.24      0.34      0.02
20:19:35         0.00      0.22      0.33      0.00      0.00      0.22      0.33      0.00
20:19:40         0.00      0.20      0.33      0.00      0.00      0.20      0.33      0.00
20:19:45         0.00      0.19      0.32      0.00      0.00      0.19      0.32      0.00
20:19:50         0.00      0.17      0.32      0.00      0.00      0.17      0.32      0.00
20:19:55         0.00      0.16      0.31      0.00      0.00      0.16      0.31      0.00
20:20:00         0.00      0.14      0.30      0.00      0.00      0.14      0.30      0.00
20:20:05         0.00      0.13      0.30      0.00      0.00      0.13      0.30      0.00
20:20:10         0.00      0.12      0.29      0.00      0.00      0.12      0.29      0.00
20:20:15         0.00      0.11      0.29      0.00      0.00      0.11      0.29      0.00
20:20:20         0.00      0.10      0.28      0.00      0.00      0.10      0.28      0.00
20:20:25         0.00      0.09      0.27      0.00      0.00      0.09      0.27      0.00
20:20:30         0.00      0.08      0.27      0.00      0.00      0.08      0.27      0.00
20:20:35         0.00      0.07      0.27      0.00      0.00      0.07      0.27      0.00
20:20:40         0.00      0.07      0.26      0.00      0.00      0.07      0.26      0.00
20:20:45         0.00      0.06      0.26      0.00      0.00      0.06      0.26      0.00
20:20:50         0.00      0.05      0.25      0.00      0.00      0.05      0.25      0.00
20:20:55         0.00      0.05      0.25      0.00      0.00      0.05      0.25      0.00
20:21:00         0.00      0.04      0.24      0.00      0.00      0.04      0.24      0.00
20:21:05         0.00      0.04      0.24      0.00      0.00      0.04      0.24      0.00
20:21:10         0.00      0.04      0.23      0.00      0.00      0.04      0.23      0.00
20:21:15         0.00      0.03      0.23      0.00      0.00      0.03      0.23      0.00
20:21:20         0.00      0.03      0.22      0.00      0.00      0.03      0.22      0.00
20:21:25         0.00      0.02      0.22      0.00      0.00      0.02      0.22      0.00
20:21:30         0.00      0.02      0.21      0.00      0.00      0.02      0.21      0.00
20:21:35         0.00      0.02      0.21      0.00      0.00      0.02      0.21      0.00
20:21:40         0.00      0.02      0.20      0.00      0.00      0.02      0.20      0.00
20:21:45         0.00      0.02      0.20      0.00      0.00      0.02      0.20      0.00
20:21:50         0.00      0.01      0.20      0.00      0.00      0.01      0.20      0.00
20:21:55         0.00      0.01      0.19      0.00      0.00      0.01      0.19      0.00
20:22:00         0.00      0.01      0.19      0.00      0.00      0.01      0.19      0.00
20:22:05         0.00      0.01      0.18      0.00      0.00      0.01      0.18      0.00
20:22:10         0.00      0.01      0.18      0.00      0.00      0.01      0.18      0.00
20:22:15         0.00      0.00      0.18      0.00      0.00      0.00      0.18      0.00
20:22:20         2.17      0.40      0.26      6.75      2.17      0.40      0.26      6.75
20:22:25        13.46      2.67      0.74     28.47     13.46      2.67      0.74     28.47
20:22:30        12.69      3.63      0.99     14.78     12.69      3.63      0.99     14.78
20:22:35        19.66      5.61      1.44     28.13     19.66      5.61      1.44     28.12
20:22:40        10.91      5.11      1.42      0.60     10.91      5.11      1.42      0.54
20:22:45         8.80      5.09      1.47      4.12      8.80      5.09      1.47      4.10
20:22:50         5.19      4.67      1.45      1.04      5.19      4.67      1.45      1.04
20:22:55         3.48      4.37      1.43      0.17      3.48      4.37      1.43      0.17
20:23:00         1.91      3.95      1.40      0.00      1.91      3.95      1.40      0.00
20:23:05         1.28      3.70      1.38      0.00      1.28      3.70      1.38      0.00
20:23:10         0.70      3.35      1.35      0.00      0.70      3.35      1.35      0.00
20:23:15         0.47      3.13      1.33      0.00      0.47      3.13      1.33      0.00
20:23:20         0.25      2.83      1.31      0.00      0.25      2.83      1.31      0.00
20:23:25         0.17      2.65      1.29      0.00      0.17      2.65      1.29      0.00
20:23:30         0.09      2.40      1.26      0.00      0.09      2.40      1.26      0.00
20:23:35         0.06      2.24      1.24      0.00      0.06      2.24      1.24      0.00
20:23:40         0.03      2.03      1.22      0.00      0.03      2.03      1.22      0.00
20:23:45         0.02      1.90      1.20      0.00      0.02      1.90      1.20      0.00
20:23:50         0.01      1.71      1.17      0.00      0.01      1.71      1.17      0.00
20:23:55         0.00      1.60      1.16      0.00      0.00      1.60      1.16      0.00
20:24:00         0.00      1.45      1.13      0.00      0.00      1.45      1.13      0.00
20:24:05         0.00      1.36      1.12      0.00      0.00      1.36      1.12      0.00
20:24:10         0.00      1.22      1.09      0.00      0.00      1.22      1.09      0.00
20:24:15         0.00      1.15      1.08      0.00      0.00      1.15      1.08      0.00
20:24:20         0.00      1.04      1.06      0.00      0.00      1.04      1.06      0.00
20:24:25         0.00      0.97      1.04      0.00      0.00      0.97      1.04      0.00
20:24:30         0.00      0.87      1.02      0.00      0.00      0.87      1.02      0.00
20:24:35         0.00      0.82      1.00      0.00      0.00      0.82      1.00      0.00
20:24:40         0.00      0.74      0.98      0.15      0.00      0.74      0.98      0.15
20:24:45         0.00      0.69      0.97      0.00      0.00      0.69      0.97      0.00
20:24:50         0.00      0.62      0.95      0.00      0.00      0.62      0.95      0.00
20:24:55         0.00      0.58      0.93      0.00      0.00      0.58      0.93      0.00
20:25:00         0.00      0.53      0.91      0.00      0.00      0.53      0.91      0.00
20:25:05         0.00      0.49      0.90      0.00      0.00      0.49      0.90      0.00
20:25:10         0.00      0.44      0.88      0.00      0.00      0.44      0.88      0.00
20:25:15         0.00      0.41      0.87      0.00      0.00      0.41      0.87      0.00
20:25:20         0.00      0.37      0.85      0.00      0.00      0.37      0.85      0.00
20:25:25         0.00      0.35      0.84      0.00      0.00      0.35      0.84      0.00
20:25:30         0.00      0.31      0.82      0.00      0.00      0.31      0.82      0.00
20:25:35         0.00      0.29      0.81      0.00      0.00      0.29      0.81      0.00
20:25:40         0.00      0.26      0.79      0.00      0.00      0.26      0.79      0.00
20:25:45         0.00      0.25      0.78      0.00      0.00      0.25      0.78      0.00
20:25:50         0.00      0.22      0.76      0.00      0.00      0.22      0.76      0.00
20:25:55         0.00      0.21      0.75      0.00      0.00      0.21      0.75      0.00
20:26:00         0.00      0.19      0.74      0.00      0.00      0.19      0.74      0.00
20:26:05         0.00      0.17      0.73      0.00      0.00      0.17      0.73      0.00
20:26:10         0.00      0.16      0.71      0.00      0.00      0.16      0.71      0.00
20:26:15         0.00      0.14      0.70      0.00      0.00      0.14      0.70      0.00
20:26:20         0.00      0.13      0.69      0.00      0.00      0.13      0.69      0.00
20:26:25         0.00      0.12      0.68      0.00      0.00      0.12      0.68      0.00
20:26:30         0.00      0.11      0.66      0.00      0.00      0.11      0.66      0.00
20:26:35         0.00      0.10      0.65      0.00      0.00      0.10      0.65      0.00
20:26:40         0.00      0.09      0.64      0.00      0.00      0.09      0.64      0.00
20:26:45         0.00      0.08      0.63      0.00      0.00      0.08      0.63      0.00
20:26:50         0.00      0.07      0.62      0.00      0.00      0.07      0.62      0.00
20:26:55         0.00      0.07      0.61      0.00      0.00      0.07      0.61      0.00
20:27:00         0.00      0.06      0.59      0.07      0.00      0.06      0.59      0.07
20:27:05         0.00      0.06      0.58      0.00      0.00      0.06      0.58      0.00
20:27:10         0.00      0.05      0.58      0.00      0.00      0.05      0.58      0.00
20:27:15         0.00      0.05      0.56      0.00      0.00      0.05      0.56      0.00
20:27:20         0.00      0.04      0.55      0.00      0.00      0.04      0.55      0.00
20:27:25         0.00      0.04      0.54      0.00      0.00      0.04      0.54      0.00
20:27:30         0.00      0.03      0.54      0.00      0.00      0.03      0.54      0.00
20:27:35         0.00      0.03      0.52      0.00      0.00      0.03      0.52      0.00
20:27:40         0.00      0.03      0.52      0.00      0.00      0.03      0.52      0.00
20:27:45         0.00      0.02      0.50      0.00      0.00      0.02      0.50      0.00
20:27:50         0.00      0.02      0.50      0.00      0.00      0.02      0.50      0.00
20:27:55         0.00      0.02      0.49      0.00      0.00      0.02      0.49      0.00
20:28:00         0.00      0.02      0.48      0.00      0.00      0.02      0.48      0.00
20:28:05         0.00      0.01      0.47      0.00      0.00      0.01      0.47      0.00
20:28:10         0.00      0.01      0.46      0.00      0.00      0.01      0.46      0.00
20:28:15         0.00      0.01      0.45      0.00      0.00      0.01      0.45      0.00
20:28:20         0.00      0.01      0.44      0.00      0.00      0.01      0.44      0.00
20:28:25         0.00      0.01      0.43      0.00      0.00      0.01      0.43      0.00
20:28:30         0.00      0.01      0.43      0.00      0.00      0.01      0.43      0.00
20:28:35         0.00      0.00      0.42      0.00      0.00      0.00      0.42      0.00
20:28:40         0.00      0.00      0.41      0.00      0.00      0.00      0.41      0.00
20:28:45         0.00      0.00      0.40      0.00      0.00      0.00      0.40      0.00
20:28:50         0.00      0.00      0.40      0.00      0.00      0.00      0.40      0.00
20:28:55         0.00      0.00      0.39      0.00      0.00      0.00      0.39      0.00
20:29:00         0.00      0.00      0.38      0.00      0.00      0.00      0.38      0.00
20:29:05         0.00      0.00      0.37      0.00      0.00      0.00      0.37      0.00
20:29:10         0.00      0.00      0.37      0.00      0.00      0.00      0.37      0.00
20:29:15         0.00      0.00      0.36      0.02      0.00      0.00      0.36      0.02
20:29:20         0.00      0.00      0.35      0.00      0.00      0.00      0.35      0.00
20:29:25         0.00      0.00      0.35      0.00      0.00      0.00      0.35      0.00
20:29:30         0.00      0.00      0.34      0.00      0.00      0.00      0.34      0.00
20:29:35         0.00      0.00      0.33      0.00      0.00      0.00      0.33      0.00
20:29:40         0.00      0.00      0.33      0.00      0.00      0.00      0.33      0.00
20:29:45         0.00      0.00      0.32      0.00      0.00      0.00      0.32      0.00
20:29:50         0.00      0.00      0.32      0.00      0.00      0.00      0.32      0.00
20:29:55         0.00      0.00      0.31      0.00      0.00      0.00      0.31      0.00
20:30:00         0.00      0.00      0.30      0.15      0.00      0.00      0.30      0.15
20:30:05         0.00      0.00      0.30      0.00      0.00      0.00      0.30      0.00
20:30:10         0.00      0.00      0.29      0.00      0.00      0.00      0.29      0.00
20:30:15         0.00      0.00      0.28      0.00      0.00      0.00      0.28      0.00
20:30:20         0.00      0.00      0.28      0.00      0.00      0.00      0.28      0.00
20:30:25         0.00      0.00      0.27      0.00      0.00      0.00      0.27      0.00
20:30:30         0.00      0.00      0.27      0.00      0.00      0.00      0.27      0.00
20:30:35         0.00      0.00      0.26      0.00      0.00      0.00      0.26      0.00
20:30:40         0.00      0.00      0.26      0.00      0.00      0.00      0.26      0.00
20:30:45         0.00      0.00      0.25      0.00      0.00      0.00      0.25      0.00
20:30:50         0.00      0.00      0.25      0.00      0.00      0.00      0.25      0.00
20:30:55         0.00      0.00      0.24      0.00      0.00      0.00      0.24      0.00
20:31:00         0.00      0.00      0.24      0.00      0.00      0.00      0.24      0.00
20:31:05         0.00      0.00      0.23      0.00      0.00      0.00      0.23      0.00
20:31:10         0.00      0.00      0.23      0.00      0.00      0.00      0.23      0.00
20:31:15         0.00      0.00      0.22      0.00      0.00      0.00      0.22      0.00
20:31:20         0.00      0.00      0.22      0.00      0.00      0.00      0.22      0.00
20:31:25        17.72      3.58      0.98     45.20     17.72      3.58      0.98     45.17
20:31:30        11.88      3.35      0.96      0.01     11.88      3.35      0.96      0.01
20:31:35         6.52      3.03      0.94      0.01      6.52      3.03      0.94      0.01
20:31:40         4.37      2.83      0.93      0.00      4.37      2.83      0.93      0.00
20:31:45         2.40      2.56      0.91      0.00      2.40      2.56      0.91      0.00
20:31:50         1.60      2.40      0.90      0.00      1.60      2.40      0.90      0.00
20:31:55         0.88      2.17      0.88      0.00      0.88      2.17      0.88      0.00
20:32:00         0.59      2.03      0.87      0.00      0.59      2.03      0.87      0.00
20:32:05         0.32      1.83      0.85      0.00      0.32      1.83      0.85      0.00
20:32:10         0.21      1.71      0.84      0.00      0.21      1.71      0.84      0.00
20:32:15         0.11      1.55      0.82      0.00      0.11      1.55      0.82      0.00
20:32:20         0.07      1.45      0.81      0.00      0.07      1.45      0.81      0.00
20:32:25         0.04      1.31      0.79      0.00      0.04      1.31      0.79      0.00
20:32:30         0.02      1.22      0.78      0.00      0.02      1.22      0.78      0.00
20:32:35         0.01      1.11      0.76      0.00      0.01      1.11      0.76      0.00
20:32:40         0.00      1.03      0.75      0.00      0.00      1.03      0.75      0.00
20:32:45         0.24      1.00      0.75      0.98      0.24      1.00      0.75      0.98
20:32:50         0.16      0.93      0.74      0.00      0.16      0.93      0.74      0.00
20:32:55         0.09      0.84      0.72      0.00      0.09      0.84      0.72      0.00
20:33:00         0.06      0.79      0.71      0.00      0.06      0.79      0.71      0.00
20:33:05         0.03      0.71      0.70      0.00      0.03      0.71      0.70      0.00
20:33:10         0.02      0.66      0.69      0.00      0.02      0.66      0.69      0.00
20:33:15         0.01      0.60      0.67      0.00      0.01      0.60      0.67      0.00
20:33:20         0.00      0.56      0.66      0.00      0.00      0.56      0.66      0.00
20:33:25         0.00      0.51      0.65      0.00      0.00      0.51      0.65      0.00
20:33:30         8.69      2.04      0.97     19.73      8.69      2.04      0.97     19.73
20:33:35         5.62      2.01      0.98      1.75      5.62      2.01      0.98      1.75
20:33:40         3.76      1.88      0.97      0.00      3.76      1.88      0.97      0.00
20:33:45         2.06      1.70      0.95      0.00      2.06      1.70      0.95      0.00
20:33:50         1.38      1.59      0.93      0.00      1.38      1.59      0.93      0.00
20:33:55         0.76      1.44      0.91      0.00      0.76      1.44      0.91      0.00
20:34:00         0.50      1.35      0.90      0.00      0.50      1.35      0.90      0.00
20:34:05         0.27      1.22      0.88      0.00      0.27      1.22      0.88      0.00
20:34:10         0.18      1.14      0.87      0.00      0.18      1.14      0.87      0.00
20:34:15         0.10      1.03      0.85      0.00      0.10      1.03      0.85      0.00
20:34:20         0.06      0.96      0.84      0.00      0.06      0.96      0.84      0.00
20:34:25         0.03      0.87      0.82      0.00      0.03      0.87      0.82      0.00
20:34:30         0.02      0.81      0.81      0.00      0.02      0.81      0.81      0.00
20:34:35         0.01      0.73      0.79      0.00      0.01      0.73      0.79      0.00
20:34:40         0.00      0.69      0.78      0.00      0.00      0.69      0.78      0.00
20:34:45         0.00      0.62      0.76      0.00      0.00      0.62      0.76      0.00
20:34:50         0.00      0.58      0.75      0.00      0.00      0.58      0.75      0.00
20:34:55         0.00      0.52      0.74      0.00      0.00      0.52      0.74      0.00
20:35:00         0.00      0.49      0.72      0.00      0.00      0.49      0.72      0.00
20:35:05         0.00      0.44      0.71      0.00      0.00      0.44      0.71      0.00
20:35:10         0.00      0.41      0.70      0.00      0.00      0.41      0.70      0.00
20:35:15         0.00      0.37      0.68      0.00      0.00      0.37      0.68      0.00
20:35:20         0.00      0.35      0.67      0.00      0.00      0.35      0.67      0.00
20:35:25         0.00      0.31      0.66      0.00      0.00      0.31      0.66      0.00
20:35:30         0.00      0.29      0.65      0.00      0.00      0.29      0.65      0.00
20:35:35         0.36      0.33      0.65      1.08      0.36      0.33      0.65      1.08
20:35:40         0.24      0.31      0.64      0.00      0.24      0.31      0.64      0.00
20:35:45         0.13      0.28      0.63      0.00      0.13      0.28      0.63      0.00
20:35:50         0.08      0.26      0.62      0.28      0.08      0.26      0.62      0.28
20:35:55         0.04      0.23      0.60      0.00      0.04      0.23      0.60      0.00
20:36:00         0.75      0.35      0.62      1.82      0.75      0.35      0.62      1.82
20:36:05         0.41      0.31      0.61      0.00      0.41      0.31      0.61      0.00
20:36:10         0.27      0.29      0.60      0.00      0.27      0.29      0.60      0.00
20:36:15         0.15      0.26      0.59      0.00      0.15      0.26      0.59      0.00
20:36:20         0.10      0.25      0.58      0.00      0.10      0.25      0.58      0.00
20:36:25         0.05      0.22      0.57      0.00      0.05      0.22      0.57      0.00
20:36:30         0.03      0.21      0.56      0.00      0.03      0.21      0.56      0.00
20:36:35         0.01      0.19      0.55      0.00      0.01      0.19      0.55      0.00
20:36:40         0.01      0.17      0.54      0.00      0.01      0.17      0.54      0.00
20:36:45         0.00      0.16      0.53      0.00      0.00      0.16      0.53      0.00
20:36:50         0.00      0.14      0.52      0.00      0.00      0.14      0.52      0.00
20:36:55         0.00      0.13      0.51      0.00      0.00      0.13      0.51      0.00
20:37:00         0.00      0.12      0.50      0.00      0.00      0.12      0.50      0.00
20:37:05         0.00      0.11      0.49      0.00      0.00      0.11      0.49      0.00
20:37:10         0.00      0.10      0.48      0.00      0.00      0.10      0.48      0.00
20:37:15         0.00      0.09      0.47      0.00      0.00      0.09      0.47      0.00
20:37:20         0.00      0.08      0.46      0.00      0.00      0.08      0.46      0.00
20:37:25         0.00      0.07      0.45      0.00      0.00      0.07      0.45      0.00
20:37:30         0.00      0.07      0.45      0.00      0.00      0.07      0.45      0.00
20:37:35         0.00      0.06      0.44      0.00      0.00      0.06      0.44      0.00
20:37:40         0.00      0.06      0.43      0.00      0.00      0.06      0.43      0.00
20:37:45         0.00      0.05      0.42      0.00      0.00      0.05      0.42      0.00
20:37:50         0.00      0.05      0.41      0.00      0.00      0.05      0.41      0.00
20:37:55         0.00      0.04      0.41      0.00      0.00      0.04      0.41      0.00
20:38:00         0.00      0.04      0.40      0.00      0.00      0.04      0.40      0.00
20:38:05         0.00      0.03      0.39      0.00      0.00      0.03      0.39      0.00
20:38:10         0.00      0.03      0.39      0.00      0.00      0.03      0.39      0.00
20:38:15         0.00      0.02      0.38      0.00      0.00      0.02      0.38      0.00
20:38:20         0.00      0.02      0.37      0.00      0.00      0.02      0.37      0.00
20:38:25         0.00      0.02      0.36      0.00      0.00      0.02      0.36      0.00
20:38:30         0.00      0.02      0.36      0.00      0.00      0.02      0.36      0.00
20:38:35         0.00      0.02      0.35      0.00      0.00      0.02      0.35      0.00
20:38:40         0.00      0.01      0.34      0.00      0.00      0.01      0.34      0.00
20:38:45         0.00      0.01      0.34      0.00      0.00      0.01      0.34      0.00
20:38:50         0.00      0.01      0.33      0.00      0.00      0.01      0.33      0.00
20:38:55         0.00      0.01      0.32      0.00      0.00      0.01      0.32      0.00
20:39:00         0.00      0.01      0.32      0.00      0.00      0.01      0.32      0.00
20:39:05         0.00      0.00      0.31      0.00      0.00      0.00      0.31      0.00
20:39:10         0.00      0.00      0.31      0.00      0.00      0.00      0.31      0.00
20:39:15         0.00      0.00      0.30      0.00      0.00      0.00      0.30      0.00
20:39:20         0.00      0.00      0.29      0.00      0.00      0.00      0.29      0.00
20:39:25         0.00      0.00      0.29      0.00      0.00      0.00      0.29      0.00
20:39:30         0.00      0.00      0.28      0.00      0.00      0.00      0.28      0.00
20:39:35         0.00      0.00      0.28      0.00      0.00      0.00      0.28      0.00
20:39:40         0.00      0.00      0.27      0.00      0.00      0.00      0.27      0.00
20:39:45         1.99      0.36      0.34      5.19      1.99      0.36      0.34      5.17
20:39:50         8.81      1.70      0.62     16.47      8.81      1.70      0.62     16.47
20:39:55         4.83      1.54      0.61      0.10      4.83      1.54      0.61      0.10
20:40:00         3.24      1.44      0.60      0.00      3.24      1.44      0.60      0.00
20:40:05         1.78      1.30      0.59      0.01      1.78      1.30      0.59      0.01
20:40:10         1.19      1.22      0.58      0.03      1.19      1.22      0.58      0.03
20:40:15         0.65      1.10      0.57      0.00      0.65      1.10      0.57      0.00
20:40:20         1.67      1.26      0.61      3.33      1.67      1.26      0.61      3.28
20:40:25         0.91      1.14      0.59      0.00      0.91      1.14      0.59      0.00
20:40:30         0.61      1.06      0.58      0.00      0.61      1.06      0.58      0.00
20:40:35         0.33      0.96      0.57      0.01      0.33      0.96      0.57      0.01
20:40:40         0.22      0.90      0.56      0.00      0.22      0.90      0.56      0.00
20:40:45         0.12      0.81      0.55      0.00      0.12      0.81      0.55      0.00
20:40:50         0.08      0.76      0.54      0.00      0.08      0.76      0.54      0.00
20:40:55         0.04      0.69      0.53      0.00      0.04      0.69      0.53      0.00
20:41:00         0.02      0.64      0.52      0.00      0.02      0.64      0.52      0.00
20:41:05         0.01      0.58      0.51      0.01      0.01      0.58      0.51      0.01
20:41:10         0.01      0.54      0.50      0.00      0.01      0.54      0.50      0.00
20:41:15         0.00      0.49      0.49      0.00      0.00      0.49      0.49      0.00
20:41:20         0.00      0.46      0.49      0.00      0.00      0.46      0.49      0.00
20:41:25         0.00      0.41      0.48      0.00      0.00      0.41      0.48      0.00
20:41:30         0.00      0.38      0.47      0.00      0.00      0.38      0.47      0.00
20:41:35         0.00      0.35      0.46      0.00      0.00      0.35      0.46      0.00
20:41:40         0.00      0.32      0.45      0.00      0.00      0.32      0.45      0.00
20:41:45         0.00      0.29      0.44      0.00      0.00      0.29      0.44      0.00
20:41:50         0.00      0.27      0.43      0.00      0.00      0.27      0.43      0.00
20:41:55         0.00      0.25      0.42      0.00      0.00      0.25      0.42      0.00
20:42:00         0.00      0.23      0.42      0.00      0.00      0.23      0.42      0.00
20:42:05         0.00      0.21      0.41      0.00      0.00      0.21      0.41      0.00
20:42:10         0.00      0.19      0.40      0.00      0.00      0.19      0.40      0.00
20:42:15         0.00      0.17      0.39      0.00      0.00      0.17      0.39      0.00
20:42:20         0.00      0.16      0.39      0.00      0.00      0.16      0.39      0.00
20:42:25         0.00      0.14      0.38      0.00      0.00      0.14      0.38      0.00
20:42:30         0.00      0.13      0.37      0.00      0.00      0.13      0.37      0.00
20:42:35         0.00      0.12      0.37      0.00      0.00      0.12      0.37      0.00
20:42:40         0.00      0.11      0.36      0.00      0.00      0.11      0.36      0.00
20:42:45         0.00      0.10      0.35      0.00      0.00      0.10      0.35      0.00
20:42:50         0.00      0.09      0.35      0.00      0.00      0.09      0.35      0.00
20:42:55         0.00      0.08      0.34      0.00      0.00      0.08      0.34      0.00
20:43:00         0.00      0.08      0.33      0.00      0.00      0.08      0.33      0.00
20:43:05         0.00      0.07      0.33      0.00      0.00      0.07      0.33      0.00
20:43:10         0.00      0.06      0.32      0.00      0.00      0.06      0.32      0.00
20:43:15         0.00      0.06      0.31      0.00      0.00      0.06      0.31      0.00
20:43:20         0.00      0.05      0.31      0.00      0.00      0.05      0.31      0.00
20:43:25         0.00      0.04      0.30      0.00      0.00      0.04      0.30      0.00
20:43:30         0.00      0.04      0.30      0.00      0.00      0.04      0.30      0.00
20:43:35         0.00      0.04      0.29      0.17      0.00      0.04      0.29      0.11
20:43:40         0.00      0.03      0.28      0.00      0.00      0.03      0.28      0.00
20:43:45         0.00      0.03      0.28      0.00      0.00      0.03      0.28      0.00
20:43:50         0.00      0.03      0.27      0.00      0.00      0.03      0.27      0.00
20:43:55         0.00      0.02      0.27      0.00      0.00      0.02      0.27      0.00
20:44:00         0.00      0.02      0.26      0.00      0.00      0.02      0.26      0.00
20:44:05         0.00      0.02      0.26      0.00      0.00      0.02      0.26      0.00
20:44:10         0.00      0.02      0.25      0.00      0.00      0.02      0.25      0.00
20:44:15         0.00      0.01      0.25      0.00      0.00      0.01      0.25      0.00
20:44:20         0.00      0.01      0.24      0.00      0.00      0.01      0.24      0.00
20:44:25         0.00      0.01      0.24      0.00      0.00      0.01      0.24      0.00
20:44:30         0.00      0.01      0.23      0.00      0.00      0.01      0.23      0.00
20:44:35         0.00      0.01      0.23      0.00      0.00      0.01      0.23      0.00
20:44:40         0.00      0.01      0.22      0.00      0.00      0.01      0.22      0.00
20:44:45         0.00      0.00      0.22      0.00      0.00      0.00      0.22      0.00
20:44:50         0.00      0.00      0.22      0.00      0.00      0.00      0.22      0.00
20:44:55         0.00      0.00      0.21      0.00      0.00      0.00      0.21      0.00
20:45:00         0.00      0.00      0.21      0.00      0.00      0.00      0.21      0.00
20:45:05         0.00      0.00      0.20      0.00      0.00      0.00      0.20      0.00
20:45:10         0.00      0.00      0.20      0.00      0.00      0.00      0.20      0.00
20:45:15         0.00      0.00      0.19      0.00      0.00      0.00      0.19      0.00
20:45:20         0.00      0.00      0.19      0.00      0.00      0.00      0.19      0.00
20:45:25         0.00      0.00      0.19      0.00      0.00      0.00      0.19      0.00
20:45:30         0.00      0.00      0.18      0.00      0.00      0.00      0.18      0.00
20:45:35         0.00      0.00      0.18      0.00      0.00      0.00      0.18      0.00
20:45:40         0.00      0.00      0.18      0.00      0.00      0.00      0.18      0.00
20:45:45         0.00      0.00      0.17      0.00      0.00      0.00      0.17      0.00
20:45:50         0.00      0.00      0.17      0.00      0.00      0.00      0.17      0.00
20:45:55         0.00      0.00      0.16      0.00      0.00      0.00      0.16      0.00
20:46:00         0.00      0.00      0.16      0.00      0.00      0.00      0.16      0.00
20:46:05         0.00      0.00      0.16      0.00      0.00      0.00      0.16      0.00
20:46:10         0.00      0.00      0.15      0.00      0.00      0.00      0.15      0.00
20:46:15         0.00      0.00      0.15      0.00      0.00      0.00      0.15      0.00
20:46:20         0.00      0.00      0.15      0.00      0.00      0.00      0.15      0.00
20:46:25         0.00      0.00      0.14      0.00      0.00      0.00      0.14      0.00
20:46:30         0.00      0.00      0.14      0.00      0.00      0.00      0.14      0.00
20:46:35         0.00      0.00      0.14      0.00      0.00      0.00      0.14      0.00
20:46:40         0.00      0.00      0.13      0.00      0.00      0.00      0.13      0.00
20:46:45         0.00      0.00      0.13      0.00      0.00      0.00      0.13      0.00
20:46:50         0.00      0.00      0.13      0.00      0.00      0.00      0.13      0.00
20:46:55         0.00      0.00      0.13      0.00      0.00      0.00      0.13      0.00
20:47:00         0.00      0.00      0.12      0.00      0.00      0.00      0.12      0.00
20:47:05         0.00      0.00      0.12      0.00      0.00      0.00      0.12      0.00
20:47:10         0.00      0.00      0.12      0.00      0.00      0.00      0.12      0.00
20:47:15         0.00      0.00      0.12      0.00      0.00      0.00      0.12      0.00
20:47:20         0.00      0.00      0.11      0.00      0.00      0.00      0.11      0.00
20:47:25         0.00      0.00      0.11      0.00      0.00      0.00      0.11      0.00
20:47:30         0.00      0.00      0.11      0.00      0.00      0.00      0.11      0.00
20:47:35         0.00      0.00      0.11      0.00      0.00      0.00      0.11      0.00
20:47:40         0.00      0.00      0.10      0.00      0.00      0.00      0.10      0.00
20:47:45         0.00      0.00      0.10      0.00      0.00      0.00      0.10      0.00
20:47:50         0.00      0.00      0.10      0.00      0.00      0.00      0.10      0.00
20:47:55         0.00      0.00      0.10      0.00      0.00      0.00      0.10      0.00
20:48:00         0.00      0.00      0.10      0.00      0.00      0.00      0.10      0.00
20:48:05         0.00      0.00      0.09      0.00      0.00      0.00      0.09      0.00
20:48:10         0.00      0.00      0.09      0.00      0.00      0.00      0.09      0.00
20:48:15         0.00      0.00      0.09      0.00      0.00      0.00      0.09      0.00
20:48:20         0.00      0.00      0.09      0.00      0.00      0.00      0.09      0.00
20:48:25         1.36      0.28      0.14      4.20      1.36      0.28      0.14      4.20
20:48:30         1.27      0.33      0.16      1.28      1.27      0.33      0.16      1.28
20:48:35         0.82      0.33      0.16      0.15      0.82      0.33      0.16      0.15
20:48:40         0.55      0.31      0.16      0.00      0.55      0.31      0.16      0.00
20:48:45         5.55      1.22      0.35     12.16      5.55      1.22      0.35     12.16
20:48:50         3.72      1.14      0.35      0.01      3.72      1.14      0.35      0.01
20:48:55         2.76      1.17      0.37      1.78      2.76      1.17      0.37      1.75
20:49:00         1.85      1.09      0.36      0.20      1.85      1.09      0.36      0.12
20:49:05         1.01      0.99      0.35      0.00      1.01      0.99      0.35      0.00
20:49:10         0.68      0.92      0.35      0.00      0.68      0.92      0.35      0.00
20:49:15         0.37      0.83      0.34      0.00      0.37      0.83      0.34      0.00
20:49:20         0.25      0.78      0.33      0.00      0.25      0.78      0.33      0.00
20:49:25         0.13      0.70      0.33      0.00      0.13      0.70      0.33      0.00
20:49:30         0.09      0.66      0.32      0.00      0.09      0.66      0.32      0.00
20:49:35         0.04      0.59      0.31      0.00      0.04      0.59      0.31      0.00
20:49:40         0.03      0.55      0.31      0.00      0.03      0.55      0.31      0.00
20:49:45         0.01      0.50      0.30      0.00      0.01      0.50      0.30      0.00
20:49:50         0.01      0.47      0.30      0.00      0.01      0.47      0.30      0.00
20:49:55         0.00      0.42      0.29      0.00      0.00      0.42      0.29      0.00
20:50:00         0.00      0.39      0.29      0.04      0.00      0.39      0.29      0.04
20:50:05         0.00      0.36      0.28      0.00      0.00      0.36      0.28      0.00
20:50:10         0.00      0.33      0.27      0.00      0.00      0.33      0.27      0.00
20:50:15         0.00      0.30      0.27      0.00      0.00      0.30      0.27      0.00
20:50:20         0.00      0.28      0.26      0.00      0.00      0.28      0.26      0.00
20:50:25         0.00      0.25      0.26      0.00      0.00      0.25      0.26      0.00
20:50:30         0.00      0.23      0.25      0.01      0.00      0.23      0.25      0.01
20:50:35         0.00      0.21      0.25      0.00      0.00      0.21      0.25      0.00
20:50:40         0.00      0.20      0.25      0.11      0.00      0.20      0.25      0.11
20:50:45         0.00      0.18      0.24      0.00      0.00      0.18      0.24      0.00
20:50:50         0.00      0.16      0.24      0.00      0.00      0.16      0.24      0.00
20:50:55         0.00      0.15      0.23      0.00      0.00      0.15      0.23      0.00
20:51:00         0.00      0.14      0.23      0.00      0.00      0.14      0.23      0.00
20:51:05         0.00      0.12      0.22      0.00      0.00      0.12      0.22      0.00
20:51:10         0.00      0.11      0.22      0.00      0.00      0.11      0.22      0.00
20:51:15         0.00      0.10      0.21      0.00      0.00      0.10      0.21      0.00
20:51:20         0.00      0.10      0.21      0.00      0.00      0.10      0.21      0.00
20:51:25         0.00      0.08      0.20      0.00      0.00      0.08      0.20      0.00
20:51:30         0.00      0.08      0.20      0.00      0.00      0.08      0.20      0.00
20:51:35         0.00      0.07      0.19      0.00      0.00      0.07      0.19      0.00
20:51:40         0.00      0.06      0.19      0.00      0.00      0.06      0.19      0.00
20:51:45         0.00      0.06      0.19      0.00      0.00      0.06      0.19      0.00
20:51:50         0.00      0.05      0.18      0.00      0.00      0.05      0.18      0.00
20:51:55         0.00      0.05      0.18      0.00      0.00      0.05      0.18      0.00
20:52:00         0.00      0.04      0.18      0.00      0.00      0.04      0.18      0.00
20:52:05         0.00      0.04      0.17      0.00      0.00      0.04      0.17      0.00
20:52:10         0.00      0.03      0.17      0.00      0.00      0.03      0.17      0.00
20:52:15         0.00      0.03      0.17      0.00      0.00      0.03      0.17      0.00
20:52:20         0.00      0.03      0.16      0.00      0.00      0.03      0.16      0.00
20:52:25         0.00      0.02      0.16      0.00      0.00      0.02      0.16      0.00
20:52:30         0.00      0.02      0.16      0.00      0.00      0.02      0.16      0.00
20:52:35         0.00      0.02      0.15      0.00      0.00      0.02      0.15      0.00
20:52:40         0.00      0.02      0.15      0.00      0.00      0.02      0.15      0.00
20:52:45         0.00      0.01      0.14      0.00      0.00      0.01      0.14      0.00
20:52:50         0.00      0.01      0.14      0.00      0.00      0.01      0.14      0.00
20:52:55         0.00      0.01      0.14      0.00      0.00      0.01      0.14      0.00
20:53:00         0.00      0.01      0.13      0.00      0.00      0.01      0.13      0.00
20:53:05         0.00      0.01      0.13      0.00      0.00      0.01      0.13      0.00
20:53:10         0.00      0.01      0.13      0.00      0.00      0.01      0.13      0.00
20:53:15         0.00      0.00      0.13      0.00      0.00      0.00      0.13      0.00
20:53:20         0.00      0.00      0.12      0.00      0.00      0.00      0.12      0.00
20:53:25         0.00      0.00      0.12      0.00      0.00      0.00      0.12      0.00
20:53:30         0.00      0.00      0.12      0.00      0.00      0.00      0.12      0.00
20:53:35         0.00      0.00      0.12      0.00      0.00      0.00      0.12      0.00
20:53:40         0.00      0.00      0.12      0.00      0.00      0.00      0.12      0.00
20:53:45         0.00      0.00      0.11      0.00      0.00      0.00      0.11      0.00
20:53:50         0.00      0.00      0.11      0.00      0.00      0.00      0.11      0.00
20:53:55         0.00      0.00      0.11      0.00      0.00      0.00      0.11      0.00
20:54:00         0.00      0.00      0.11      0.00      0.00      0.00      0.11      0.00
20:54:05         0.00      0.00      0.10      0.00      0.00      0.00      0.10      0.00
20:54:10         0.00      0.00      0.10      0.00      0.00      0.00      0.10      0.00
20:54:15         0.00      0.00      0.10      0.00      0.00      0.00      0.10      0.00
20:54:20         0.00      0.00      0.10      0.00      0.00      0.00      0.10      0.00
20:54:25         0.00      0.00      0.09      0.00      0.00      0.00      0.09      0.00
20:54:30         0.00      0.00      0.09      0.00      0.00      0.00      0.09      0.00
20:54:35         0.00      0.00      0.09      0.00      0.00      0.00      0.09      0.00
20:54:40         0.00      0.00      0.09      0.00      0.00      0.00      0.09      0.00
20:54:45         0.00      0.00      0.08      0.00      0.00      0.00      0.08      0.00
20:54:50         0.00      0.00      0.08      0.00      0.00      0.00      0.08      0.00
20:54:55         0.00      0.00      0.08      0.00      0.00      0.00      0.08      0.00
20:55:00         0.00      0.00      0.08      0.00      0.00      0.00      0.08      0.00
20:55:05         0.00      0.00      0.07      0.00      0.00      0.00      0.07      0.00
20:55:10         0.00      0.00      0.07      0.00      0.00      0.00      0.07      0.00
20:55:15         0.00      0.00      0.07      0.00      0.00      0.00      0.07      0.00
20:55:20         0.00      0.00      0.07      0.00      0.00      0.00      0.07      0.00
20:55:25         0.00      0.00      0.06      0.00      0.00      0.00      0.06      0.00
20:55:30         0.00      0.00      0.06      0.00      0.00      0.00      0.06      0.00
20:55:35         0.00      0.00      0.06      0.00      0.00      0.00      0.06      0.00
20:55:40         0.00      0.00      0.06      0.00      0.00      0.00      0.06      0.00
20:55:45         0.00      0.00      0.06      0.00      0.00      0.00      0.06      0.00
20:55:50         0.00      0.00      0.06      0.00      0.00      0.00      0.06      0.00
20:55:55         0.00      0.00      0.06      0.00      0.00      0.00      0.06      0.00
20:56:00         0.00      0.00      0.06      0.00      0.00      0.00      0.06      0.00
20:56:05         0.00      0.00      0.06      0.00      0.00      0.00      0.06      0.00
20:56:10         0.00      0.00      0.05      0.00      0.00      0.00      0.05      0.00
20:56:15         0.00      0.00      0.05      0.00      0.00      0.00      0.05      0.00
20:56:20         0.00      0.00      0.05      0.00      0.00      0.00      0.05      0.00
20:56:25         0.00      0.00      0.05      0.00      0.00      0.00      0.05      0.00
20:56:30         0.00      0.00      0.05      0.00      0.00      0.00      0.05      0.00
20:56:35         0.00      0.00      0.05      0.00      0.00      0.00      0.05      0.00
20:56:40         0.00      0.00      0.05      0.00      0.00      0.00      0.05      0.00
20:56:45         0.00      0.00      0.05      0.00      0.00      0.00      0.05      0.00
20:56:50         0.00      0.00      0.04      0.00      0.00      0.00      0.04      0.00
20:56:55         0.00      0.00      0.04      0.00      0.00      0.00      0.04      0.00
20:57:00         0.00      0.00      0.04      0.00      0.00      0.00      0.04      0.00
20:57:05         0.00      0.00      0.04      0.00      0.00      0.00      0.04      0.00
20:57:10         0.00      0.00      0.04      0.00      0.00      0.00      0.04      0.00
20:57:15         0.00      0.00      0.04      0.00      0.00      0.00      0.04      0.00
20:57:20         0.00      0.00      0.04      0.00      0.00      0.00      0.04      0.00
20:57:25         8.57      1.83      0.43     23.41      8.57      1.83      0.43     23.41
20:57:30         5.75      1.71      0.42      0.20      5.75      1.71      0.42      0.20
20:57:35         3.15      1.55      0.41      0.25      3.15      1.55      0.41      0.25
20:57:40         3.20      1.64      0.45      2.56      3.20      1.64      0.45      2.56
20:57:45         1.75      1.49      0.44      0.00      1.75      1.49      0.44      0.00
20:57:50         1.17      1.39      0.43      0.08      1.17      1.39      0.43      0.08
20:57:55         0.64      1.26      0.42      0.00      0.64      1.26      0.42      0.00
20:58:00         0.43      1.18      0.42      0.00      0.43      1.18      0.42      0.00
20:58:05         0.23      1.06      0.41      0.00      0.23      1.06      0.41      0.00
20:58:10         0.15      0.99      0.40      0.00      0.15      0.99      0.40      0.00
20:58:15         0.08      0.90      0.39      0.00      0.08      0.90      0.39      0.00
20:58:20         0.05      0.84      0.39      0.00      0.05      0.84      0.39      0.00
20:58:25         0.03      0.76      0.38      0.00      0.03      0.76      0.38      0.00
20:58:30         0.02      0.71      0.37      0.00      0.02      0.71      0.37      0.00
20:58:35         0.01      0.64      0.36      0.00      0.01      0.64      0.36      0.00
20:58:40         0.00      0.60      0.36      0.00      0.00      0.60      0.36      0.00
20:58:45         0.00      0.54      0.35      0.00      0.00      0.54      0.35      0.00
20:58:50         0.00      0.50      0.34      0.00      0.00      0.50      0.34      0.00
20:58:55         0.00      0.46      0.34      0.00      0.00      0.46      0.34      0.00
20:59:00         0.00      0.43      0.33      0.00      0.00      0.43      0.33      0.00
20:59:05         0.00      0.38      0.33      0.00      0.00      0.38      0.33      0.00
20:59:10         0.00      0.36      0.32      0.00      0.00      0.36      0.32      0.00
20:59:15         0.00      0.32      0.31      0.00      0.00      0.32      0.31      0.00
20:59:20         0.00      0.30      0.31      0.00      0.00      0.30      0.31      0.00
20:59:25         0.00      0.27      0.30      0.00      0.00      0.27      0.30      0.00
20:59:30         0.00      0.25      0.30      0.00      0.00      0.25      0.30      0.00
20:59:35         0.00      0.23      0.29      0.00      0.00      0.23      0.29      0.00
20:59:40         0.00      0.21      0.28      0.00      0.00      0.21      0.28      0.00
20:59:45         0.00      0.19      0.28      0.00      0.00      0.19      0.28      0.00
20:59:50         0.00      0.18      0.27      0.00      0.00      0.18      0.27      0.00
20:59:55         0.00      0.16      0.27      0.00      0.00      0.16      0.27      0.00
21:00:00         0.00      0.15      0.26      0.00      0.00      0.15      0.26      0.00
21:00:05         0.00      0.13      0.26      0.00      0.00      0.13      0.26      0.00
21:00:10         0.00      0.12      0.25      0.00      0.00      0.12      0.25      0.00
21:00:15         0.00      0.11      0.25      0.00      0.00      0.11      0.25      0.00
21:00:20         0.00      0.10      0.24      0.00      0.00      0.10      0.24      0.00
21:00:25         0.00      0.09      0.24      0.00      0.00      0.09      0.24      0.00
21:00:30         0.00      0.09      0.23      0.00      0.00      0.09      0.23      0.00
21:00:35         0.00      0.08      0.23      0.00      0.00      0.08      0.23      0.00
21:00:40         0.00      0.07      0.22      0.07      0.00      0.07      0.22      0.07
21:00:45         0.00      0.06      0.22      0.00      0.00      0.06      0.22      0.00
21:00:50         0.00      0.06      0.21      0.00      0.00      0.06      0.21      0.00
21:00:55         0.00      0.05      0.21      0.00      0.00      0.05      0.21      0.00
21:01:00         0.00      0.05      0.21      0.00      0.00      0.05      0.21      0.00
21:01:05         0.00      0.04      0.20      0.00      0.00      0.04      0.20      0.00
21:01:10         0.00      0.04      0.20      0.00      0.00      0.04      0.20      0.00
21:01:15         0.00      0.03      0.19      0.00      0.00      0.03      0.19      0.00
21:01:20         0.00      0.03      0.19      0.00      0.00      0.03      0.19      0.00
21:01:25         0.00      0.03      0.19      0.00      0.00      0.03      0.19      0.00
21:01:30         0.00      0.02      0.18      0.00      0.00      0.02      0.18      0.00
21:01:35         0.00      0.02      0.18      0.00      0.00      0.02      0.18      0.00
21:01:40         0.00      0.02      0.18      0.00      0.00      0.02      0.18      0.00
21:01:45         0.00      0.02      0.17      0.07      0.00      0.02      0.17      0.07
21:01:50         0.00      0.01      0.17      0.00      0.00      0.01      0.17      0.00
21:01:55         0.00      0.01      0.16      0.00      0.00      0.01      0.16      0.00
21:02:00         0.00      0.01      0.16      0.00      0.00      0.01      0.16      0.00
21:02:05         0.00      0.01      0.16      0.00      0.00      0.01      0.16      0.00
21:02:10         0.00      0.01      0.15      0.00      0.00      0.01      0.15      0.00
21:02:15         0.00      0.01      0.15      0.00      0.00      0.01      0.15      0.00
21:02:20         0.00      0.00      0.15      0.00      0.00      0.00      0.15      0.00
21:02:25         0.00      0.00      0.14      0.00      0.00      0.00      0.14      0.00
21:02:30         0.00      0.00      0.14      0.00      0.00      0.00      0.14      0.00
21:02:35         0.00      0.00      0.14      0.00      0.00      0.00      0.14      0.00
21:02:40         0.00      0.00      0.13      0.00      0.00      0.00      0.13      0.00
21:02:45         0.00      0.00      0.13      0.00      0.00      0.00      0.13      0.00
21:02:50         0.00      0.00      0.13      0.00      0.00      0.00      0.13      0.00
21:02:55         0.00      0.00      0.13      0.00      0.00      0.00      0.13      0.00
21:03:00         0.00      0.00      0.12      0.00      0.00      0.00      0.12      0.00
21:03:05         0.00      0.00      0.12      0.00      0.00      0.00      0.12      0.00
21:03:10         0.00      0.00      0.12      0.00      0.00      0.00      0.12      0.00
21:03:15         0.00      0.00      0.12      0.00      0.00      0.00      0.12      0.00
21:03:20         0.00      0.00      0.11      0.00      0.00      0.00      0.11      0.00
21:03:25         0.00      0.00      0.11      0.00      0.00      0.00      0.11      0.00
21:03:30         0.00      0.00      0.11      0.00      0.00      0.00      0.11      0.00
21:03:35         0.00      0.00      0.11      0.00      0.00      0.00      0.11      0.00
21:03:40         0.00      0.00      0.10      0.00      0.00      0.00      0.10      0.00
21:03:45         0.00      0.00      0.10      0.00      0.00      0.00      0.10      0.00
21:03:50         0.00      0.00      0.10      0.00      0.00      0.00      0.10      0.00
21:03:55         0.00      0.00      0.10      0.00      0.00      0.00      0.10      0.00
21:04:00         0.00      0.00      0.09      0.00      0.00      0.00      0.09      0.00
21:04:05         0.00      0.00      0.09      0.00      0.00      0.00      0.09      0.00
21:04:10         0.00      0.00      0.09      0.00      0.00      0.00      0.09      0.00
21:04:15         0.00      0.00      0.09      0.00      0.00      0.00      0.09      0.00

Average:         0.43      0.41      0.38      0.44      0.43      0.41      0.38      0.44
