Linux 7.2.0-rc5-virtme (virtme-ng) 	08/01/26 	_x86_64_	(12 CPU)

20:04:59    kbmemfree   kbavail kbmemused  %memused kbbuffers  kbcached  kbcommit   %commit  kbactive   kbinact   kbdirty   kbshmem
20:05:04      4388712   4351032   3790668     46.56       896     41408   4250940     34.46   3595320     41736         0       444
20:05:09      1653252   1621220   6520480     80.09       896     47136   6386468     51.77   6301628     47384         0       636
20:05:14       598204    566084   7575616     93.05       896     47232   7473720     60.58   7351952     47288         0       828
20:05:19        65900     33792   8107908     99.58       896     47420   8036684     65.15   7878084     47284         0      1020
20:05:24        71596     13944   8127756     99.83         0      6204   8337384     67.59    186112   7772168         0       972
20:05:29        70096     18048   8123652     99.78         0     17516   8507132     68.96    317376   7652680         0      1164
20:05:34        98000     45896   8095804     99.44         0     17708   8611344     69.81    390756   7545556         0      1356
20:05:39       102192     50208   8091492     99.38         0     18024   8682788     70.39    425292   7491784         0      1548
20:05:44        81300     29368   8112332     99.64         0     18312   8737848     70.83    443428   7491884         0      1740
20:05:49        74000     22068   8119632     99.73         0     18508   8784352     71.21    453324   7491888         0      1932
20:05:54        60944      9084   8132616     99.89         0     18652   8784352     71.21    533580   7411820         0      1932
20:05:59        92888     41068   8100632     99.50         0     18732   8784352     71.21    533600   7383996         0      1932
20:06:04        86184     34400   8107300     99.58         0     18800   8784352     71.21    533580   7384064         0      1932
20:06:09        80384     28600   8113100     99.65         0     18800   8784352     71.21    533548   7384064         0      1932
20:06:14        82772     30988   8110712     99.62         0     18800   8784352     71.21    533652   7384064         0      1932
20:06:19        83412     31624   8110076     99.61         0     18800   8784352     71.21    533664   7384060         0      1932
20:06:24       175224    123448   8018252     98.48         0     18816   8784352     71.21    958728   6859792         0      1932
20:06:29       160728    108948   8032752     98.66         0     18816   8784352     71.21    978992   6859788         0      1932
20:06:34        91992     40212   8101488     99.51         0     18816   8784352     71.21   1057784   6859788         0      1932
20:06:39        85660     33884   8107816     99.58         0     18816   8784352     71.21   1057816   6859792         0      1932
20:06:44        82356     30580   8111120     99.62         0     18816   8784352     71.21   1057944   6859792         0      1932
20:06:49        80688     28912   8112788     99.64         0     18816   8784352     71.21   1057952   6859792         0      1932
20:06:54        81948     30168   8111532     99.63         0     18816   8785424     71.22   1058996   6859788         0      1932
20:06:59        74984     23208   8118492     99.71         0     18816   8785424     71.22   1058920   6859792         0      1932
20:07:04        82276     30500   8111200     99.63         0     18816   8785424     71.22   1058936   6859792         0      1932
20:07:09        99148     47368   8094332     99.42         0     18816   8785424     71.22   1026252   6859788         0      1932
20:07:14        84984     33208   8108492     99.59         0     18816   8785424     71.22   1058928   6859792         0      1932
20:07:20        47876     47876   8093824     99.41         0     12432   8785424     71.22   1134288   6831556         0      1932
20:07:25        51864     51864   8089836     99.36         0      9120   8785424     71.22   2103004   5832836         0      1788
20:07:30       146960     90404   8051296     98.89         0      9124   8785424     71.22   2030992   5805668         0      1788
20:07:35        66648     10092   8131608     99.88         0      9128   8785424     71.22   2108128   5805668         0      1788
20:07:40        65308      8820   8132880     99.89         0      9268   8785424     71.22   2108100   5805808         0      1788
20:07:45        65000      8520   8133180     99.90         0      9288   8785424     71.22   2108056   5805824         0      1788
20:07:50        67228     10776   8130924     99.87         0      9340   8785424     71.22   2108088   5805880         0      1788
20:07:55        74268     17816   8123884     99.78         0      9340   8787520     71.23   2110152   5805880         0      1788
20:08:00        73744     17292   8124408     99.79         0      9344   8787520     71.23   2107788   5805880         0      1788
20:08:05        65924      9472   8132228     99.88         0      9344   8787520     71.23   2110068   5805880         0      1788
20:08:10        65356      8904   8132796     99.89         0      9344   8787520     71.23   2110084   5805880         0      1788
20:08:15        90400     33908   8107792     99.58         0      9256   8787520     71.23   2110304   5771836         0      1788
20:08:20        96880     40388   8101312     99.50         0      9260   8787520     71.23   2110376   5771836         0      1788
20:08:25       108932     52444   8089256     99.36         0      9264   8787520     71.23   2110296   5771840         0      1788
20:08:30       101896     45404   8096296     99.44         0      9264   8787520     71.23   2110076   5771836         0      1788
20:08:35        90180     33688   8108012     99.59         0      9264   8787520     71.23   2110300   5771836         0      1788
20:08:40       111328     54840   8086860     99.33         0      9272   8787520     71.23   2044576   5771840         0      1788
20:08:45       124332     67844   8073856     99.17         0      9272   8787520     71.23   2044776   5771840         0      1788
20:08:50        94928     38440   8103260     99.53         0      9272   8787520     71.23   2110268   5771840         0      1788
20:08:55        95952     39464   8102236     99.52         0      9272   8787520     71.23   2110340   5771840         0      1788
20:09:00        82816     26328   8115372     99.68         0      9272   8787520     71.23   2110320   5771840         0      1788
20:09:05       103712     47224   8094476     99.42         0      9272   8787520     71.23   2093864   5771840         0      1788
20:09:10       103012     46524   8095176     99.43         0      9272   8787520     71.23   2110256   5771840         0      1788
20:09:15        91684     35196   8106504     99.57         0      9272   8787520     71.23   2110304   5771840         0      1788
20:09:20        98840     42352   8099348     99.48         0      9272   8787520     71.23   2110324   5771840         0      1788
20:09:25      1931004   1874532   6267168     76.98         0      9336   8787520     71.23   2365796   3674956         0      1788
20:09:30        67640     11188   8130512     99.86         0      9336   8787520     71.23   4207316   3674844         0      1788
20:09:35       109228     52776   8088924     99.35         0      9336   8787520     71.23   4177184   3674844         0      1788
20:09:40        78092     21640   8120060     99.73         0      9336   8787520     71.23   4207284   3674844         0      1788
20:09:45       103356     46900   8094800     99.42         0      9336   8787520     71.23   4174624   3674840         0      1788
20:09:50        78648     22192   8119508     99.73         0      9336   8787520     71.23   4207408   3674840         0      1788
20:09:55        70972     14516   8127184     99.82         0      9336   8787520     71.23   4207336   3674840         0      1788
20:10:00        68248     11796   8129904     99.86         0      9336   8791664     71.27   4211428   3674844         0      1788
20:10:05        75544     19092   8122608     99.77         0      9336   8791664     71.27   4211460   3674844         0      1788
20:10:10        73060     16608   8125092     99.80         0      9340   8791664     71.27   4211364   3674844         0      1788
20:10:15        72292     15840   8125860     99.81         0      9340   8791664     71.27   4211444   3674844         0      1788
20:10:20        68692     12240   8129460     99.85         0      9340   8791664     71.27   4211496   3674844         0      1788
20:10:25        70964     14508   8127192     99.82         0      9340   8791664     71.27   4211056   3674840         0      1788
20:10:30        84528     28072   8113628     99.66         0      9340   8791664     71.27   4198228   3674840         0      1788
20:10:35        69416     12964   8128736     99.84         0      9340   8791664     71.27   4211464   3674844         0      1788
20:10:40        78004     21548   8120152     99.74         0      9340   8791664     71.27   4211468   3674840         0      1788
20:10:45        79052     22596   8119104     99.72         0      9340   8791664     71.27   4211424   3674840         0      1788
20:10:50        77416     20964   8120736     99.74         0      9340   8791664     71.27   4207616   3674844         0      1788
20:10:55        75632     19180   8122520     99.76         0      9340   8791664     71.27   4211484   3674844         0      1788
20:11:00        72360     15908   8125792     99.80         0      9340   8791664     71.27   4211400   3674844         0      1788
20:11:05        80860     24404   8117296     99.70         0      9344   8791664     71.27   4211460   3674840         0      1788
20:11:10        69136     12684   8129016     99.84         0      9344   8791664     71.27   4211440   3674844         0      1788
20:11:15        77204     20752   8120948     99.75         0      9344   8791664     71.27   4211420   3674844         0      1788
20:11:20        84332     27880   8113820     99.66         0      9344   8791664     71.27   4211404   3674844         0      1788
20:11:25        69260     12808   8128892     99.84         0      9344   8791664     71.27   4211484   3674844         0      1788
20:11:30        71976     15524   8126176     99.81         0      9348   8791664     71.27   4211504   3674844         0      1788
20:11:35        73124     16672   8125028     99.80         0      9348   8791664     71.27   4211468   3674844         0      1788
20:11:40       204012    147560   7994140     98.19         0      9348   8791664     71.27   4063980   3674848         0      1788
20:11:45       197304    140852   8000848     98.27         0      9348   8791664     71.27   4080348   3674844         0      1788
20:11:50       193664    137216   8004484     98.31         0      9348   8791664     71.27   4080384   3674852         0      1788
20:11:55       200576    144124   7997576     98.23         0      9348   8791664     71.27   4080408   3674848         0      1788
20:12:00        72308     15856   8125844     99.81         0      9348   8791664     71.27   4211412   3674848         0      1788
20:12:05        72852     16400   8125300     99.80         0      9348   8791664     71.27   4211480   3674848         0      1788
20:12:10        71248     14796   8126904     99.82         0      9348   8791664     71.27   4211488   3674848         0      1788
20:12:15        66252      9800   8131900     99.88         0      9348   8791664     71.27   4211424   3674848         0      1788
20:12:20        86124     29672   8112028     99.64         0      9348   8791664     71.27   4178688   3674848         0      1788
20:12:25        70336     13884   8127816     99.83         0      9356   8791664     71.27   4211424   3674848         0      1788
20:12:30        55720     55720   8085980     99.32         0      9356   8791664     71.27   4211372   3674848         0      1788
20:12:35        56476        24   8141676    100.00         0      9356   8791664     71.27   4211416   3674848         0      1788
20:12:40        71868     15404   8126296     99.81         0      9324   8791664     71.27   4211484   3646868         0      1788
20:12:45        71632     15176   8126524     99.81         0      9336   8791664     71.27   4211496   3646884         0      1788
20:12:50        93412     36956   8104744     99.55         0      9336   8791664     71.27   4211532   3646884         0      1788
20:12:55        94540     38084   8103616     99.53         0      9336   8791664     71.27   4211572   3646884         0      1788
20:13:00        87796     31340   8110360     99.62         0      9336   8791664     71.27   4211564   3646884         0      1788
20:13:05       103416     46960   8094740     99.42         0      9336   8791664     71.27   4211560   3646884         0      1788
20:13:10       100280     43824   8097876     99.46         0      9336   8791664     71.27   4211584   3646884         0      1788
20:13:15       100740     44284   8097416     99.46         0      9336   8791664     71.27   4211540   3646884         0      1788
20:13:20       101516     45060   8096640     99.45         0      9336   8791664     71.27   4203388   3646884         0      1788
20:13:25        88420     31964   8109736     99.61         0      9336   8791664     71.27   4211616   3646884         0      1788
20:13:30        90708     34252   8107448     99.58         0      9336   8791664     71.27   4211660   3646884         0      1788
20:13:35        90756     34300   8107400     99.58         0      9336   8791664     71.27   4211624   3646884         0      1788
20:13:40      3183400   3126944   5014756     61.59         0      9336   8791664     71.27   4781024      6860         0      1788
20:13:45       130392     73916   8067784     99.09         0      8628   8791664     71.27   6455536   1442864         0      1128
20:13:50       148016     89348   8052352     98.90         0      4312   8791664     71.27   1713072   6060504         0      1100
20:13:55        79364     20816   8120884     99.74         0      4548   8791664     71.27   5560184   2377808         0      1108
20:14:00        70372     11828   8129872     99.85         0      4560   8791664     71.27   5650792   2296044         0      1108
20:14:05        73236     14692   8127008     99.82         0      4512   8791664     71.27   5959672   1976440         0      1060
20:14:10       106268     47724   8093976     99.41         0      4516   8791664     71.27   5982108   1903540         0      1060
20:14:15        98548     40004   8101696     99.51         0      4516   8799904     71.34   5987360   1903540         0      1060
20:14:20       105028     46484   8095216     99.43         0      4516   8799904     71.34   5990320   1903536         0      1060
20:14:25       106636     48092   8093608     99.41         0      4516   8799904     71.34   5990372   1903536         0      1060
20:14:30        77824     19280   8122420     99.76         0      4516   8799904     71.34   5990440   1903540         0      1060
20:14:35        74744     16200   8125500     99.80         0      4516   8799904     71.34   5990432   1903540         0      1060
20:14:40        84900     26356   8115344     99.68         0      4516   8799904     71.34   6026944   1866972         0      1060
20:14:45        86284     27740   8113960     99.66         0      4516   8799904     71.34   6026940   1866972         0      1060
20:14:50        87088     28544   8113156     99.65         0      4516   8799904     71.34   6026932   1866972         0      1060
20:14:55       106780     48236   8093464     99.41         0      4516   8799904     71.34   6008236   1866972         0      1060
20:15:00        82300     23756   8117944     99.71         0      4516   8799904     71.34   6026984   1866968         0      1060
20:15:05        80060     21516   8120184     99.74         0      4516   8799904     71.34   6026920   1866972         0      1060
20:15:10        98880     40336   8101364     99.50         0      4516   8799904     71.34   6026884   1866972         0      1060
20:15:15       105484     46940   8094760     99.42         0      4516   8799904     71.34   6026956   1866972         0      1060
20:15:20       107360     48816   8092884     99.40         0      4520   8799904     71.34   6026932   1866972         0      1060
20:15:25       112164     53620   8088080     99.34         0      4520   8799904     71.34   6026916   1866972         0      1060
20:15:30        98144     39600   8102100     99.51         0      4520   8799904     71.34   6026884   1866972         0      1060
20:15:35        97148     38604   8103096     99.53         0      4520   8799904     71.34   6026864   1866968         0      1060
20:15:40        95104     36560   8105140     99.55         0      4520   8799904     71.34   6026980   1866972         0      1060
20:15:45        78560     20016   8121684     99.75         0      4520   8799904     71.34   6026936   1866972         0      1060
20:15:50        91080     32536   8109164     99.60         0      4520   8799904     71.34   6026856   1866972         0      1060
20:15:55        93128     34584   8107116     99.58         0      4520   8799904     71.34   6019532   1866972         0      1060
20:16:00        92404     33860   8107840     99.58         0      4520   8799904     71.34   6026996   1866972         0      1060
20:16:05        71528     12984   8128716     99.84         0      4528   8799904     71.34   6027012   1866976         0      1060
20:16:10        73100     14556   8127144     99.82         0      4528   8799904     71.34   6026948   1866980         0      1060
20:16:15        85600     27056   8114644     99.67         0      4528   8799904     71.34   6026984   1866980         0      1060
20:16:20        81436     22892   8118808     99.72         0      4528   8799904     71.34   6026992   1866980         0      1060
20:16:25        90424     31880   8109820     99.61         0      4528   8799904     71.34   6027016   1866980         0      1060
20:16:30        93676     35132   8106568     99.57         0      4528   8799904     71.34   6026936   1866980         0      1060
20:16:35        99376     40832   8100868     99.50         0      4528   8799904     71.34   6027032   1866980         0      1060
20:16:40       106872     48328   8093372     99.41         0      4528   8799904     71.34   6027036   1866980         0      1060
20:16:45       113996     55452   8086248     99.32         0      4528   8799904     71.34   6026968   1866976         0      1060
20:16:50        88608     30064   8111636     99.63         0      4528   8799904     71.34   6026980   1866984         0      1060
20:16:55        92364     33820   8107880     99.58         0      4528   8799904     71.34   6026728   1866988         0      1060
20:17:00        96880     38336   8103364     99.53         0      4528   8799904     71.34   6026908   1866988         0      1060
20:17:05        94316     35772   8105928     99.56         0      4528   8799904     71.34   6026940   1866988         0      1060
20:17:10        85648     27104   8114596     99.67         0      4532   8799904     71.34   6027028   1866988         0      1060
20:17:15        81776     23236   8118464     99.71         0      4532   8799904     71.34   6018792   1866992         0      1060
20:17:20        74484     15944   8125756     99.80         0      4532   8799904     71.34   6026980   1866992         0      1060
20:17:25        77944     19400   8122300     99.76         0      4532   8799904     71.34   6027036   1866988         0      1060
20:17:30        85176     26636   8115064     99.67         0      4532   8799904     71.34   6027008   1866992         0      1060
20:17:35        94668     36124   8105576     99.56         0      4532   8799904     71.34   5994256   1866988         0      1060
20:17:40        68988     10444   8131256     99.87         0      4532   8799904     71.34   6027028   1866988         0      1060
20:17:45        61608      3076   8138624     99.96         0      4532   8799904     71.34   6027008   1867008         0      1060
20:17:50       299756    241224   7900476     97.04         0      4532   8799904     71.34   5764788   1867008         0      1060
20:17:55       288276    229776   7911924     97.18         0      4536   8799904     71.34   5789516   1842268         0      1060
20:18:00       286544    228044   7913656     97.20         0      4536   8799904     71.34   5789556   1842268         0      1060
20:18:05        87096     28596   8113104     99.65         0      4524   8799904     71.34   4156532   3778868         0      1044
20:18:10       640900    582400   7559300     92.85         0      4524   8799904     71.34   4055788   3251076         0      1044
20:18:15        93496     34996   8106704     99.57         0      4524   8799904     71.34   6106992   1796832         0      1044
20:18:20        64720      6220   8135480     99.92         0      4524   8799904     71.34   6107860   1796856         0      1044
20:18:25        72136     13612   8128088     99.83         0      3648   8799904     71.34    352968   7576604         0       216
20:18:30        72444     13924   8127776     99.83         0      3664   8799904     71.34    551324   7350476         0       216
20:18:35        70056     11540   8130160     99.86         0      3664   8799904     71.34    551336   7350392         0       216
20:18:40        61216      2700   8139000     99.97         0      3664   8799904     71.34    551300   7350392         0       216
20:18:45        68988     10472   8131228     99.87         0      3664   8799904     71.34    551288   7350392         0       216
20:18:50        76532     18016   8123684     99.78         0      3664   8799904     71.34    551340   7350392         0       216
20:18:55        62296      3776   8137924     99.95         0      3664   8799904     71.34    805584   7096396         0       216
20:19:00       122404     63888   8077812     99.22         0      3664   8799904     71.34    740204   7096184         0       216
20:19:05       125004     66484   8075216     99.18         0      3664   8799904     71.34    740208   7096180         0       216
20:19:10        89444     30928   8110772     99.62         0      3664   8799904     71.34    805664   7096184         0       216
20:19:15        86208     27692   8114008     99.66         0      3664   8799904     71.34    805684   7096184         0       216
20:19:20        83812     25296   8116404     99.69         0      3664   8799904     71.34    805644   7096184         0       216
20:19:25        83268     24752   8116948     99.70         0      3664   8799904     71.34   1196804   6705016         0       216
20:19:30        65648      7132   8134568     99.91         0      3664   8799904     71.34   1196756   6677116         0       216
20:19:35        94836     36320   8105380     99.55         0      3664   8799904     71.34   1178924   6677116         0       216
20:19:40        81008     22492   8119208     99.72         0      3664   8799904     71.34   1196772   6677116         0       216
20:19:45        72992     14476   8127224     99.82         0      3664   8799904     71.34   1196788   6677116         0       216
20:19:50        69272     10756   8130944     99.87         0      3672   8799904     71.34   1196756   6677116         0       216
20:19:55        64912      6396   8135304     99.92         0      3672   8799904     71.34   1196688   6677116         0       216
20:20:00        53944     53944   8087756     99.34         0      3672   8799904     71.34   1196824   6677112         0       216
20:20:05       118988     60472   8081228     99.26         0      3672   8799904     71.34   1158088   6677116         0       216
20:20:10       131480     72964   8068736     99.10         0      3672   8799904     71.34   1164044   6677116         0       216
20:20:15        95376     36860   8104840     99.55         0      3676   8799904     71.34   1196752   6677116         0       216
20:20:20        93164     34648   8107052     99.57         0      3676   8799904     71.34   2238024   5637488         0       216
20:20:25        92080     33564   8108136     99.59         0      3676   8799904     71.34   2238100   5637360         0       216
20:20:30        90292     31776   8109924     99.61         0      3680   8799904     71.34   2229996   5637364         0       216
20:20:35        88896     30380   8111320     99.63         0      3680   8799904     71.34   2238292   5637364         0       216
20:20:40       117404     58888   8082812     99.28         0      3680   8799904     71.34   2216796   5637364         0       216
20:20:45       107944     49432   8092268     99.39         0      3680   8799904     71.34   2221856   5637368         0       216
20:20:50        92528     34016   8107684     99.58         0      3680   8799904     71.34   2238240   5637368         0       216
20:20:55       101256     42744   8098956     99.47         0      3680   8799904     71.34   2238164   5637368         0       216
20:21:00       102696     44184   8097516     99.46         0      3680   8799904     71.34   2238224   5637368         0       216
20:21:05        89656     31144   8110556     99.62         0      3680   8799904     71.34   2238200   5637368         0       216
20:21:10       111260     52748   8088952     99.35         0      3680   8799904     71.34   2230004   5637368         0       216
20:21:15       100440     41928   8099772     99.49         0      3680   8799904     71.34   2238344   5637368         0       216
20:21:20        98228     39716   8101984     99.51         0      3680   8799904     71.34   2238276   5637368         0       216
20:21:25       100496     41984   8099716     99.48         0      3680   8799904     71.34   2238308   5637368         0       216
20:21:30        99564     41052   8100648     99.50         0      3680   8799904     71.34   2238256   5637368         0       216
20:21:35       101024     42508   8099192     99.48         0      3680   8799904     71.34   2238280   5637364         0       216
20:21:40        95764     37252   8104448     99.54         0      3680   8799904     71.34   2238204   5637368         0       216
20:21:45       102136     43624   8098076     99.46         0      3680   8799904     71.34   2238200   5637368         0       216
20:21:50        93256     34740   8106960     99.57         0      3680   8799904     71.34   2238264   5637364         0       216
20:21:55        92444     33932   8107768     99.58         0      3680   8799904     71.34   2238256   5637368         0       216
20:22:00        95876     37364   8104336     99.54         0      3680   8799904     71.34   2238200   5637368         0       216
20:22:05       214820    156308   7985392     98.08         0      3680   8799904     71.34   2107176   5637368         0       216
20:22:10       230404    171888   7969812     97.89         0      3680   8799904     71.34   2107212   5637364         0       216
20:22:15       302300    243784   7897916     97.01         0      3680   8799904     71.34   2025772   5637364         0       216
20:22:20        53832     53832   8087868     99.34         0      2084   8799904     71.34    213084   7728108         0       216
20:22:25        56152     56152   8085548     99.31         0      2172   8799904     71.34   4669784   2951004         0       216
20:22:30      1835304   1776080   6365620     78.19         0      2172   8799904     71.34   5419428    742188         0       216
20:22:35        59220     59220   8082480     99.27         0      1488   8799904     71.34   1173316   6741204         0       156
20:22:40        88516     29388   8112312     99.64         0      2452   8799904     71.34   1237000   6644816         0       156
20:22:45       118016     58920   8082780     99.28         0      2516   8799904     71.34    712288   7157308         0       152
20:22:50        65536      6468   8135232     99.92         0      2584   8816336     71.47   1232432   6696512         0       164
20:22:55        86324     27328   8114372     99.66         0      2724   8816336     71.47   1236564   6668692         0       164
20:23:00        95856     36860   8104840     99.55         0      2724   8816336     71.47   1236640   6668692         0       164
20:23:05        98036     39052   8102648     99.52         0      2748   8816336     71.47   1236632   6668708         0       164
20:23:10        99596     40612   8101088     99.50         0      2748   8816336     71.47   1236600   6668708         0       164
20:23:15        98964     39980   8101720     99.51         0      2752   8816336     71.47   1231600   6668708         0       164
20:23:20       102440     43456   8098244     99.47         0      2752   8816336     71.47   1236680   6668708         0       164
20:23:25        92364     33380   8108320     99.59         0      2752   8816336     71.47   1236804   6668716         0       164
20:23:30        94508     35524   8106176     99.56         0      2760   8816336     71.47   1238716   6668784         0       164
20:23:35        89512     30528   8111172     99.63         0      2760   8816336     71.47   1238764   6668784         0       164
20:23:40        92048     33064   8108636     99.59         0      2760   8816336     71.47   1238796   6668784         0       164
20:23:45        86872     27888   8113812     99.66         0      2760   8816336     71.47   1239288   6668252         0       164
20:23:50        71264     12284   8129416     99.85         0      2760   8816336     71.47   1729596   6177912         0       164
20:23:55        66476      7496   8134204     99.91         0      2760   8816336     71.47   1729628   6177912         0       164
20:24:00        79180     20200   8121500     99.75         0      2760   8816336     71.47   1729652   6177912         0       164
20:24:05        82956     23972   8117728     99.71         0      2760   8816336     71.47   1729692   6177908         0       164
20:24:10        82108     23124   8118576     99.72         0      2760   8816336     71.47   1729680   6177908         0       164
20:24:15       130212     71232   8070468     99.13         0      2760   8816336     71.47   1699924   6142104         0       164
20:24:20        73060     14080   8127620     99.83         0      2760   8816336     71.47   1765428   6142104         0       164
20:24:25        72724     13744   8127956     99.83         0      2760   8816336     71.47   1757292   6142100         0       164
20:24:30        71100     12120   8129580     99.85         0      2760   8816336     71.47   1765464   6142104         0       164
20:24:35        58324     58324   8083376     99.28         0      2760   8816336     71.47   1773344   6142368         0       164
20:24:40        73584     14608   8127092     99.82         0      2764   8816336     71.47   2806924   5086240         0       164
20:24:45        81508     22532   8119168     99.72         0      2772   8816336     71.47   2806912   5086176         0       172
20:24:50       335216    276240   7865460     96.61         0      2772   8816336     71.47   2560832   5086176         0       172
20:24:55        90476     31500   8110200     99.61         0      2772   8816336     71.47   2806924   5086176         0       172
20:25:00        85444     26468   8115232     99.67         0      2772   8816336     71.47   2806964   5086176         0       172
20:25:05        94324     35348   8106352     99.57         0      2772   8816336     71.47   2798780   5086176         0       172
20:25:10        83076     24100   8117600     99.70         0      2772   8816336     71.47   2806928   5086176         0       172
20:25:15        85388     26412   8115288     99.68         0      2772   8816336     71.47   2806956   5086176         0       172
20:25:20       123336     64356   8077344     99.21         0      2772   8816336     71.47   2774228   5086172         0       172
20:25:25        92216     33236   8108464     99.59         0      2772   8816336     71.47   2806880   5086172         0       172
20:25:30        91116     32136   8109564     99.61         0      2772   8816336     71.47   2806996   5086172         0       172
20:25:35        98036     39060   8102640     99.52         0      2772   8816336     71.47   2806936   5086176         0       172
20:25:40        94108     35132   8106568     99.57         0      2776   8816336     71.47   2806948   5086176         0       172
20:25:45        98484     39508   8102192     99.51         0      2776   8816336     71.47   2806872   5086176         0       172
20:25:50        83304     24328   8117372     99.70         0      2776   8816336     71.47   2806900   5086176         0       172
20:25:55        77908     18932   8122768     99.77         0      2776   8816336     71.47   2806596   5086176         0       172
20:26:00        76284     17308   8124392     99.79         0      2776   8816336     71.47   2806860   5086176         0       172
20:26:05        82944     23964   8117736     99.71         0      2776   8816336     71.47   2806912   5086172         0       172
20:26:10        87080     28104   8113596     99.65         0      2776   8816336     71.47   2806872   5086176         0       172
20:26:15        88632     29656   8112044     99.64         0      2776   8816336     71.47   2806764   5086176         0       172
20:26:20        89380     30404   8111296     99.63         0      2780   8816336     71.47   2806828   5086176         0       172
20:26:25        82924     23948   8117752     99.71         0      2780   8816336     71.47   2806876   5086176         0       172
20:26:30        78120     19144   8122556     99.76         0      2780   8816336     71.47   2806812   5086176         0       172
20:26:35        87684     28708   8112992     99.65         0      2780   8816336     71.47   2806812   5086176         0       172
20:26:40        84060     25084   8116616     99.69         0      2780   8816336     71.47   2806844   5086176         0       172
20:26:45        91236     32256   8109444     99.60         0      2780   8816336     71.47   2806888   5086172         0       172
20:26:50        97724     38748   8102952     99.52         0      2780   8816336     71.47   2869216   5023880         0       172
20:26:55        63164      4188   8137512     99.95         0      2780   8816336     71.47   4244600   3649416         0       172
20:27:00        98920     39944   8101756     99.51         0      2780   8816336     71.47   4244548   3621516         0       172
20:27:05        94384     35408   8106292     99.57         0      2780   8816336     71.47   4244612   3621516         0       172
20:27:10        92956     33980   8107720     99.58         0      2780   8816336     71.47   4244588   3621516         0       172
20:27:15       108824     49852   8091848     99.39         0      2788   8816336     71.47   4228252   3621520         0       172
20:27:20       106884     47912   8093788     99.41         0      2788   8816336     71.47   4244564   3621520         0       172
20:27:25        94724     35752   8105948     99.56         0      2788   8816336     71.47   4244664   3621520         0       172
20:27:30        99316     40344   8101356     99.50         0      2788   8816336     71.47   4244600   3621520         0       172
20:27:35        98812     39836   8101864     99.51         0      2788   8816336     71.47   4244596   3621516         0       172
20:27:40       101832     42860   8098840     99.47         0      2788   8816336     71.47   4244616   3621520         0       172
20:27:45        77888     18916   8122784     99.77         0      2788   8816336     71.47   4244560   3621524         0       172
20:27:50        93512     34540   8107160     99.58         0      2788   8816336     71.47   4244596   3621524         0       172
20:27:55        88544     29572   8112128     99.64         0      2788   8816336     71.47   4211888   3621524         0       172
20:28:00        98972     40000   8101700     99.51         0      2788   8816336     71.47   4244588   3621524         0       172
20:28:05        95876     36904   8104796     99.55         0      2788   8816336     71.47   4244656   3621528         0       172
20:28:10        86932     27960   8113740     99.66         0      2788   8816336     71.47   4244564   3621528         0       172
20:28:15        91560     32588   8109112     99.60         0      2792   8816336     71.47   4244636   3621528         0       172
20:28:20        84124     25152   8116548     99.69         0      2792   8816336     71.47   4236432   3621528         0       172
20:28:25        78708     19736   8121964     99.76         0      2792   8816336     71.47   4244600   3621528         0       172
20:28:30        93908     34936   8106764     99.57         0      2792   8816336     71.47   4244680   3621528         0       172
20:28:35       103560     44588   8097112     99.45         0      2792   8816336     71.47   4244592   3621528         0       172
20:28:40       103492     44520   8097180     99.45         0      2792   8816336     71.47   4244616   3621528         0       172
20:28:45        99140     40168   8101532     99.51         0      2792   8816336     71.47   4244632   3621528         0       172
20:28:50        80592     21620   8120080     99.73         0      2792   8816336     71.47   4244624   3621528         0       172
20:28:55        87160     28188   8113512     99.65         0      2792   8816336     71.47   4244636   3621528         0       172
20:29:00       103876     44904   8096796     99.45         0      2792   8816336     71.47   4244584   3621552         0       172
20:29:05       103888     44916   8096784     99.45         0      2792   8816336     71.47   4244640   3621552         0       172
20:29:10        85352     26380   8115320     99.68         0      2792   8816336     71.47   4016188   3841116         0       172
20:29:15       115396     56420   8085280     99.31         0      2792   8816336     71.47   4244628   3593644         0       172
20:29:20       121848     62872   8078828     99.23         0      2796   8816336     71.47   4244708   3593644         0       172
20:29:25       172236    113260   8028440     98.61         0      2796   8816336     71.47   4179156   3593644         0       172
20:29:30       120744     61772   8079928     99.24         0      2796   8816336     71.47   4244696   3593648         0       172
20:29:35       128404     69432   8072268     99.15         0      2796   8816336     71.47   4244700   3593648         0       172
20:29:40       113520     54552   8087148     99.33         0      2796   8816336     71.47   4244428   3593656         0       172
20:29:45       117144     58176   8083524     99.29         0      2796   8816336     71.47   4244656   3593656         0       172
20:29:50       108804     49836   8091864     99.39         0      2796   8816336     71.47   4244652   3593656         0       172
20:29:55       114812     55844   8085856     99.31         0      2796   8816336     71.47   4244592   3593656         0       172
20:30:00       203064    144092   7997608     98.23         0      2796   8816336     71.47   4244556   3509940         0       172
20:30:05       204292    145324   7996376     98.22         0      2796   8816336     71.47   4244532   3509944         0       172
20:30:10       197384    138416   8003284     98.30         0      2796   8816336     71.47   4244580   3509944         0       172
20:30:15       201800    142832   7998868     98.25         0      2796   8816336     71.47   4236684   3509944         0       172
20:30:20       670308    611340   7530360     92.49         0      2796   8816336     71.47   3720224   3509944         0       172
20:30:25       717484    658516   7483184     91.91         0      2796   8816336     71.47   3720280   3509944         0       172
20:30:30       735920    676952   7464748     91.69         0      2796   8816336     71.47   3687544   3509944         0       172
20:30:35       736104    677132   7464568     91.68         0      2796   8816336     71.47   3720308   3509940         0       172
20:30:40       739512    680544   7461156     91.64         0      2796   8816336     71.47   3720220   3509944         0       172
20:30:45       732200    673232   7468468     91.73         0      2796   8816336     71.47   3720212   3509944         0       172
20:30:50       733604    674636   7467064     91.71         0      2800   8816336     71.47   3720264   3509948         0       172
20:30:55       727752    668788   7472912     91.79         0      2808   8816336     71.47   3720248   3509952         0       172
20:31:00       651336    592372   7549328     92.72         0      2808   8816336     71.47   7299264      3920         0       172
20:31:05        59628       664   8141036     99.99         0      2808   8816336     71.47   7888700      3920         0       172
20:31:10        63092      4160   8137540     99.95         0      2816   8816336     71.47   7872504      3972         0       176
20:31:15        70724     11584   8130116     99.86         0      2392   8816336     71.47     63148   7829024         0       176
20:31:20        64432      5308   8136392     99.93         0      2432   8816336     71.47    257952   7634500         0       176
20:31:25        84756     25852   8115848     99.68         0      3236   8816336     71.47    585204   7242724         0       176
20:31:30        77484     19016   8122684     99.77         0      3768   8816336     71.47    854500   6984888         0       176
20:31:35        83104     24704   8116996     99.70         0      3836   8816336     71.47    985656   6853924         0       176
20:31:40        82560     24160   8117540     99.70         0      3836   8816336     71.47    985744   6853924         0       176
20:31:45        82812     24412   8117288     99.70         0      3836   8816336     71.47    985748   6853936         0       176
20:31:50        80920     22520   8119180     99.72         0      3836   8816336     71.47    985732   6853932         0       176
20:31:55        75388     16988   8124712     99.79         0      3836   8816336     71.47    985732   6853936         0       176
20:32:00        78216     19816   8121884     99.76         0      3836   8816336     71.47    983440   6853932         0       176
20:32:05        78912     20512   8121188     99.75         0      3836   8816336     71.47    985720   6853932         0       176
20:32:10        66512      8112   8133588     99.90         0      3836   8816336     71.47    989280   6850360         0       176
20:32:15        68760     10360   8131340     99.87         0      3836   8816336     71.47    989328   6850360         0       176
20:32:20        74428     16028   8125672     99.80         0      3836   8816336     71.47    989040   6850360         0       176
20:32:25       198192    139792   8001908     98.28         0      3840   8816336     71.47    858212   6850360         0       176
20:32:30       179216    120816   8020884     98.52         0      3840   8816336     71.47    922344   6786156         0       176
20:32:35       201140    142740   7998960     98.25         0      3840   8816336     71.47    922388   6786156         0       176
20:32:40        61120      2720   8138980     99.97         0      3840   8816336     71.47   1053432   6786156         0       176
20:32:45        92404     34004   8107696     99.58         0      3840   8816336     71.47   1053488   6758252         0       176
20:32:50        95140     36740   8104960     99.55         0      3840   8816336     71.47   1053524   6758252         0       176
20:32:55        91568     33168   8108532     99.59         0      3840   8816336     71.47    955216   6843524         0       176
20:33:00        87812     29412   8112288     99.64         0      3840   8816336     71.47   1053392   6758252         0       176
20:33:05        86912     28512   8113188     99.65         0      3840   8816336     71.47   1037672   6771704         0       176
20:33:10        81676     23276   8118424     99.71         0      3840   8816336     71.47   1053436   6758248         0       176
20:33:15        93068     34668   8107032     99.57         0      3840   8816336     71.47   1053408   6758252         0       176
20:33:20        95196     36796   8104904     99.55         0      3840   8816336     71.47   1053448   6758252         0       176
20:33:25        87912     29512   8112188     99.64         0      3844   8816336     71.47   1053500   6758252         0       176
20:33:30        91724     33308   8108392     99.59         0      3844   8816336     71.47    705112   6950216         0       176
20:33:35        69232     10828   8130872     99.87         0      3864   8881876     72.00   1302320   6359492         0       176
20:33:40       196192    137788   8003912     98.31         0      3864   8816336     71.47   1322952   6208784         0       176
20:33:45       110964     52560   8089140     99.35         0      3864   8816336     71.47   1407920   6172060         0       176
20:33:50       110412     52008   8089692     99.36         0      3864   8816336     71.47   1424344   6172060         0       176
20:33:55       110900     52492   8089208     99.36         0      3864   8816336     71.47   1424320   6172056         0       176
20:34:00       109720     51316   8090384     99.37         0      3864   8816336     71.47   1424256   6172060         0       176
20:34:05       118564     60160   8081540     99.26         0      3864   8816336     71.47   1424340   6172060         0       176
20:34:10       120608     62204   8079496     99.24         0      3864   8816336     71.47   1424400   6172060         0       176
20:34:15       118424     60016   8081684     99.26         0      3864   8816336     71.47   1424088   6172056         0       176
20:34:20       126576     68172   8073528     99.16         0      3864   8816336     71.47   1424372   6172060         0       176
20:34:25       118708     60304   8081396     99.26         0      3864   8816336     71.47   1424312   6172060         0       176
20:34:30       119356     60952   8080748     99.25         0      3864   8816336     71.47   1424408   6172060         0       176
20:34:35       247208    188800   7952900     97.68         0      3864   8816336     71.47   1302352   6172056         0       176
20:34:40       424464    366060   7775640     95.50         0      3872   8816336     71.47   1113616   6172064         0       176
20:34:45       108164     49760   8091940     99.39         0      3872   8816336     71.47   1424436   6172064         0       176
20:34:50       117256     58852   8082848     99.28         0      3872   8816336     71.47   1411228   6172064         0       176
20:34:55       119036     60632   8081068     99.26         0      3872   8816336     71.47   1424468   6172064         0       176
20:35:00       113772     55368   8086332     99.32         0      3872   8816336     71.47   1425336   6172092         0       176
20:35:05       113404     55000   8086700     99.32         0      3872   8816336     71.47   1425268   6172092         0       176
20:35:10       120384     61980   8079720     99.24         0      3872   8816336     71.47   1425324   6172092         0       176
20:35:15       112828     54424   8087276     99.33         0      3872   8816336     71.47   1425324   6172092         0       176
20:35:20       121740     63336   8078364     99.22         0      3872   8816336     71.47   1425356   6172092         0       176
20:35:25       123416     65012   8076688     99.20         0      3872   8816336     71.47   1425316   6172092         0       176
20:35:30        72560     14164   8127536     99.83         0      3876   8816336     71.47   3508616   4129140         0       176
20:35:35        73816     15420   8126280     99.81         0      3876   8816336     71.47   3516632   4099188         0       176
20:35:40       728988    670588   7471112     91.76         0      3876   8816336     71.47   3639652   3317372         0       176
20:35:45       163848    105452   8036248     98.70         0      3876   8816336     71.47   4181020   3317376         0       176
20:35:50        69692     11296   8130404     99.86         0      3876   8816336     71.47   4298368   3289472         0       176
20:35:55        72196     13796   8127904     99.83         0      3876   8816336     71.47   4298416   3289468         0       176
20:36:00        84708     26312   8115388     99.68         0      3880   8816336     71.47   4298500   3261568         0       176
20:36:05        79416     21020   8120680     99.74         0      3880   8816336     71.47   4298428   3261568         0       176
20:36:10        87732     29336   8112364     99.64         0      3880   8816336     71.47   4298404   3261568         0       176
20:36:15        96220     37824   8103876     99.54         0      3880   8816336     71.47   4298488   3261568         0       176
20:36:20        95972     37576   8104124     99.54         0      3880   8816336     71.47   4298388   3261568         0       176
20:36:25        94244     35848   8105852     99.56         0      3880   8816336     71.47   4298332   3261568         0       176
20:36:30        98340     39944   8101756     99.51         0      3880   8816336     71.47   4298480   3261568         0       176
20:36:35       100132     41736   8099964     99.49         0      3880   8816336     71.47   4298400   3261568         0       176
20:36:40        94288     35892   8105808     99.56         0      3880   8816336     71.47   4298412   3261568         0       176
20:36:45       104612     46216   8095484     99.43         0      3880   8816336     71.47   4298460   3261568         0       176
20:36:50       102712     44316   8097384     99.46         0      3880   8816336     71.47   4290280   3261568         0       176
20:36:55       109308     50912   8090788     99.37         0      3880   8816336     71.47   4298372   3261568         0       176
20:37:00       118380     59984   8081716     99.26         0      3880   8816336     71.47   4298408   3261568         0       176
20:37:05       119288     60892   8080808     99.25         0      3880   8816336     71.47   4298512   3261568         0       176
20:37:10       116820     58424   8083276     99.28         0      3880   8816336     71.47   4298440   3261568         0       176
20:37:15       116640     58244   8083456     99.28         0      3880   8816336     71.47   4298424   3261568         0       176
20:37:20       117896     59500   8082200     99.27         0      3880   8816336     71.47   4298424   3261568         0       176
20:37:25       117896     59500   8082200     99.27         0      3880   8816336     71.47   4298492   3261568         0       176
20:37:30       116888     58492   8083208     99.28         0      3880   8816336     71.47   4298468   3261568         0       176
20:37:35       123144     64748   8076952     99.20         0      3880   8816336     71.47   4298380   3261568         0       176
20:37:40       123144     64748   8076952     99.20         0      3880   8816336     71.47   4282032   3261568         0       176
20:37:45       115584     57188   8084512     99.30         0      3884   8816336     71.47   4298436   3261568         0       176
20:37:50       115584     57184   8084516     99.30         0      3884   8816336     71.47   4298480   3261564         0       176
20:37:55       104012     45616   8096084     99.44         0      3884   8816336     71.47   4298524   3261568         0       176
20:38:00       118912     60516   8081184     99.26         0      3884   8816336     71.47   4298476   3261580         0       176
20:38:05        98872     40476   8101224     99.50         0      3884   8816336     71.47   4298436   3261580         0       176
20:38:10        95008     36612   8105088     99.55         0      3884   8816336     71.47   4298436   3261580         0       176
20:38:15        88008     29612   8112088     99.64         0      3884   8816336     71.47   4298492   3261580         0       176
20:38:20       105108     46712   8094988     99.43         0      3892   8816336     71.47   4265792   3261576         0       176
20:38:25        79784     21388   8120312     99.74         0      3892   8816336     71.47   4298404   3261580         0       176
20:38:30        89248     30852   8110848     99.62         0      3896   8816336     71.47   4298520   3261580         0       176
20:38:35       321052    262660   7879040     96.77         0      3900   8816336     71.47   4036360   3261588         0       176
20:38:40       332388    273996   7867704     96.63         0      3900   8816336     71.47   4036304   3261588         0       176
20:38:45       334596    276204   7865496     96.61         0      3900   8816336     71.47   4036320   3261584         0       176
20:38:50       332968    274576   7867124     96.63         0      3900   8816336     71.47   4036352   3261588         0       176
20:38:55       335944    277552   7864148     96.59         0      3900   8816336     71.47   4036280   3261588         0       176
20:39:00       366472    308080   7833620     96.22         0      3900   8816336     71.47   4036316   3261588         0       176
20:39:05       104296     45904   8095796     99.44         0      3900   8816336     71.47   4298452   3261588         0       176
20:39:10        95508     37116   8104584     99.54         0      3900   8816336     71.47   4298476   3261588         0       176
20:39:15        87300     28908   8112792     99.64         0      3900   8816336     71.47   4298408   3261588         0       176
20:39:20        93284     34892   8106808     99.57         0      3900   8816336     71.47   4298472   3261588         0       176
20:39:25        92300     33908   8107792     99.58         0      3900   8816336     71.47   4298500   3261588         0       176
20:39:30        98604     40212   8101488     99.51         0      3900   8816336     71.47   4298432   3261584         0       176
20:39:35       100604     42212   8099488     99.48         0      3900   8816336     71.47   4298432   3261588         0       176
20:39:40        88820     30428   8111272     99.63         0      3900   8816336     71.47   4298556   3261584         0       176
20:39:45        93076     34348   8107352     99.58         0      3224   8816336     71.47    651564   7265204         0       176
20:39:50        65708      6628   8135072     99.92         0      2668   8816336     71.47   1893452   6047884         0       172
20:39:55        88176     29260   8112440     99.64         0      2980   8816336     71.47   1961768   5962748         0       172
20:40:00        61540      2640   8139060     99.97         0      3008   8816336     71.47   1965392   5959176         0       172
20:40:05       860792    802004   7339696     90.15         0      3320   8816336     71.47   2303588   4784252         0       172
20:40:10        68648      9904   8131796     99.88         0      3320   8849108     71.73   3307724   4606480         0       172
20:40:15        68936     10244   8131456     99.87         0      3324   8816336     71.47   3258768   4606352         0       176
20:40:20        68612      9952   8131748     99.88         0      3384   8816336     71.47   4896644   3050668         0       176
20:40:25        57588     57588   8084112     99.29         0      3508   8816336     71.47   4896764   3050740         0       176
20:40:30        60960      2360   8139340     99.97         0      3508   8816336     71.47   4896684   3050740         0       176
20:40:35        78712     20112   8121588     99.75         0      3508   8816336     71.47   4897576   3021884         0       176
20:40:40        68356      9756   8131944     99.88         0      3508   8816336     71.47   4897884   3021884         0       176
20:40:45        62348      3748   8137952     99.95         0      3508   8816336     71.47   4889828   3021884         0       176
20:40:50        60372      1772   8139928     99.98         0      3508   8816336     71.47   4897920   3021884         0       176
20:40:55        79460     20860   8120840     99.74         0      3508   8816336     71.47   4865236   3021884         0       176
20:41:00        62080      3480   8138220     99.96         0      3508   8816336     71.47   4898024   3021884         0       176
20:41:05        86864     28264   8113436     99.65         0      3508   8816336     71.47   4898760   2993980         0       176
20:41:10        94648     36048   8105652     99.56         0      3512   8816336     71.47   4898736   2993984         0       176
20:41:15        77068     18472   8123228     99.77         0      3512   8816336     71.47   4898720   2993988         0       176
20:41:20        84416     25820   8115880     99.68         0      3512   8816336     71.47   4898748   2993988         0       176
20:41:25        98752     40256   8101444     99.51         0      3716   8816336     71.47   4880524   2994152         0       176
20:41:30        94828     36332   8105368     99.55         0      3716   8816336     71.47   4898848   2994152         0       176
20:41:35        93092     34596   8107104     99.58         0      3720   8816336     71.47   4898836   2994152         0       176
20:41:40        81652     23160   8118540     99.72         0      3720   8816336     71.47   4898800   2994156         0       176
20:41:45        92316     33820   8107880     99.58         0      3720   8816336     71.47   4898748   2994152         0       176
20:41:50        92416     33924   8107776     99.58         0      3720   8816336     71.47   4898844   2994156         0       176
20:41:55        94160     35668   8106032     99.56         0      3720   8816336     71.47   4898912   2994160         0       176
20:42:00        88428     29936   8111764     99.63         0      3720   8816336     71.47   4899232   2993696         0       176
20:42:05        84052     25560   8116140     99.69         0      3728   8816336     71.47   4899172   2993696         0       176
20:42:10        86128     27636   8114064     99.66         0      3728   8816336     71.47   4899156   2993696         0       176
20:42:15        60492      2000   8139700     99.98         0      3728   8816336     71.47   4899060   2993692         0       176
20:42:20        67700      9208   8132492     99.89         0      3728   8816336     71.47   4899260   2993696         0       176
20:42:25        74680     16188   8125512     99.80         0      3728   8816336     71.47   4899284   2993692         0       176
20:42:30        62904      4416   8137284     99.95         0      3728   8816336     71.47   4899232   2993700         0       176
20:42:35        57380     57380   8084320     99.30         0      3728   8816336     71.47   4899256   2993696         0       176
20:42:40        60876      2384   8139316     99.97         0      3728   8816336     71.47   4898740   2993696         0       176
20:42:45       194568    136080   8005620     98.33         0      3728   8816336     71.47   4768140   2993700         0       176
20:42:50       185020    126532   8015168     98.45         0      3728   8816336     71.47   4766064   2993700         0       176
20:42:55       376504    318016   7823684     96.09         0      3728   8816336     71.47   4582908   2993700         0       176
20:43:00       215180    156692   7985008     98.08         0      3728   8816336     71.47   4768108   2993700         0       176
20:43:05        68168      9680   8132020     99.88         0      3728   8816336     71.47   4899148   2993700         0       176
20:43:10        63548      5060   8136640     99.94         0      3728   8816336     71.47   4899244   2993700         0       176
20:43:15        69440     10952   8130748     99.87         0      3728   8816336     71.47   4899232   2993700         0       176
20:43:20        67876      9388   8132312     99.88         0      3728   8816336     71.47   4899152   2993700         0       176
20:43:25        71900     13412   8128288     99.84         0      3728   8816336     71.47   4899140   2993700         0       176
20:43:30        85388     26900   8114800     99.67         0      3728   8816336     71.47   4866396   2993700         0       176
20:43:35        77612     19120   8122580     99.77         0      3728   8816336     71.47   4909244   2965864         0       176
20:43:40       128168     69676   8072024     99.14         0      3728   8816336     71.47   4855860   2965864         0       176
20:43:45        84904     26416   8115284     99.68         0      3732   8816336     71.47   4909216   2965868         0       176
20:43:50        83804     25316   8116384     99.69         0      3732   8816336     71.47   4909312   2965868         0       176
20:43:55        94252     35764   8105936     99.56         0      3732   8816336     71.47   4909296   2965868         0       176
20:44:00        93892     35404   8106296     99.57         0      3732   8816336     71.47   4901084   2965868         0       176
20:44:05        96628     38140   8103560     99.53         0      3732   8816336     71.47   5048152   2827016         0       176
20:44:10        75564     17076   8124624     99.79         0      3732   8816336     71.47   5061088   2802972         0       176
20:44:15        80236     21748   8119952     99.73         0      3732   8816336     71.47   5077480   2802972         0       176
20:44:20        92344     33856   8107844     99.58         0      3736   8816336     71.47   5077440   2802972         0       176
20:44:25       114112     55624   8086076     99.32         0      3736   8816336     71.47   5074036   2802972         0       176
20:44:30       111192     52704   8088996     99.35         0      3736   8816336     71.47   5077496   2802972         0       176
20:44:35       110612     52124   8089576     99.36         0      3740   8816336     71.47   5077456   2802972         0       176
20:44:40        92376     33888   8107812     99.58         0      3740   8816336     71.47   5077528   2802976         0       176
20:44:45        97556     39068   8102632     99.52         0      3740   8816336     71.47   5077520   2802976         0       176
20:44:50       102280     43792   8097908     99.46         0      3740   8816336     71.47   5077628   2802972         0       176
20:44:55       293560    235072   7906628     97.11         0      3740   8816336     71.47   4891448   2802976         0       176
20:45:00       167452    108964   8032736     98.66         0      3740   8816336     71.47   5012012   2802972         0       176
20:45:05        87528     29040   8112660     99.64         0      3740   8816336     71.47   5077476   2802972         0       176
20:45:10        95288     36800   8104900     99.55         0      3740   8816336     71.47   5077492   2802976         0       176
20:45:15       102100     43612   8098088     99.46         0      3740   8816336     71.47   5077596   2802976         0       176
20:45:20        97392     38904   8102796     99.52         0      3740   8816336     71.47   5077532   2802976         0       176
20:45:25        96820     38332   8103368     99.53         0      3740   8816336     71.47   5077532   2802976         0       176
20:45:30        98600     40112   8101588     99.51         0      3740   8816336     71.47   5077520   2802976         0       176
20:45:35        97452     38964   8102736     99.52         0      3740   8816336     71.47   5077572   2802976         0       176
20:45:40        94572     36084   8105616     99.56         0      3740   8816336     71.47   5077488   2802972         0       176
20:45:45        90252     31764   8109936     99.61         0      3740   8816336     71.47   5077492   2802976         0       176
20:45:50        94268     35784   8105916     99.56         0      3748   8816336     71.47   5077516   2802984         0       176
20:45:55        95280     36796   8104904     99.55         0      3748   8816336     71.47   5077576   2802984         0       176
20:46:00       102256     43772   8097928     99.46         0      3748   8816336     71.47   5061812   2802984         0       176
20:46:05       116872     58388   8083312     99.28         0      3748   8816336     71.47   5044736   2802984         0       176
20:46:10       103192     44708   8096992     99.45         0      3748   8816336     71.47   5077584   2802980         0       176
20:46:15       102700     44216   8097484     99.46         0      3748   8816336     71.47   5077500   2802984         0       176
20:46:20       117096     58612   8083088     99.28         0      3752   8816336     71.47   5077484   2802984         0       176
20:46:25       118520     60036   8081664     99.26         0      3752   8816336     71.47   5077524   2802984         0       176
20:46:30       124620     66136   8075564     99.19         0      3752   8816336     71.47   5077560   2802984         0       176
20:46:35       126976     68492   8073208     99.16         0      3752   8816336     71.47   5077492   2802984         0       176
20:46:40       122232     63748   8077952     99.22         0      3752   8816336     71.47   5077444   2802984         0       176
20:46:45       117740     59256   8082444     99.27         0      3752   8816336     71.47   5061132   2802984         0       176
20:46:50        95956     37472   8104228     99.54         0      3752   8816336     71.47   5077440   2802984         0       176
20:46:55       104048     45564   8096136     99.44         0      3752   8816336     71.47   5077436   2802984         0       176
20:47:00       101496     43012   8098688     99.47         0      3752   8816336     71.47   5077560   2802984         0       176
20:47:05       107244     48760   8092940     99.40         0      3752   8816336     71.47   5065456   2802984         0       176
20:47:10       100068     41584   8100116     99.49         0      3752   8816336     71.47   5077464   2802984         0       176
20:47:15        91040     32556   8109144     99.60         0      3752   8816336     71.47   5077520   2802984         0       176
20:47:20        98756     40272   8101428     99.51         0      3752   8816336     71.47   5077544   2802984         0       176
20:47:25        98920     40436   8101264     99.50         0      3752   8816336     71.47   5077444   2802984         0       176
20:47:30        92248     33764   8107936     99.59         0      3752   8816336     71.47   5077580   2802980         0       176
20:47:35        99308     40824   8100876     99.50         0      3752   8816336     71.47   5077544   2802984         0       176
20:47:40       101468     42984   8098716     99.47         0      3756   8816336     71.47   5077576   2802980         0       176
20:47:45        96156     37672   8104028     99.54         0      3756   8816336     71.47   5077540   2802984         0       176
20:47:50        91132     32648   8109052     99.60         0      3756   8816336     71.47   5077584   2802984         0       176
20:47:55        95668     37184   8104516     99.54         0      3756   8816336     71.47   5069328   2802984         0       176
20:48:00        91104     32620   8109080     99.60         0      3756   8816336     71.47   5077500   2802984         0       176
20:48:05        97196     38712   8102988     99.52         0      3756   8816336     71.47   5077516   2802984         0       176
20:48:10        95328     36844   8104856     99.55         0      3756   8816336     71.47   5077436   2802984         0       176
20:48:15        94612     36128   8105572     99.56         0      3756   8816336     71.47   5077428   2802984         0       176
20:48:20        99144     40660   8101040     99.50         0      3756   8816336     71.47   5077568   2802980         0       176
20:48:25      1619696   1561240   6580460     80.82         0      3756   8816336     71.47   2539524   3856324         0       176
20:48:30        82424     23968   8117732     99.71         0      3756   8816336     71.47   5003152   2935964         0       176
20:48:35       110832     52376   8089324     99.36         0      3756   8816336     71.47   5042532   2852484         0       176
20:48:40       110184     51728   8089972     99.36         0      3756   8816336     71.47   5042560   2852484         0       176
20:48:45       103496     43884   8097816     99.46         0      1520   8816336     71.47   1651568   6272524         0       176
20:48:50        96728     38144   8103556     99.53         0      3564   8816336     71.47   1701836   6224564         0       172
20:48:55        65856      7328   8134372     99.91         0      3672   8816336     71.47   2306596   5647556         0       176
20:49:00        81660     23232   8118468     99.71         0      3872   8816336     71.47   2480516   5447224         0       176
20:49:05        71148     12724   8128976     99.84         0      3872   8816336     71.47   2480600   5447228         0       176
20:49:10        74740     16376   8125324     99.80         0      3996   8816336     71.47   2480624   5447352         0       176
20:49:15        78328     19964   8121736     99.75         0      3996   8816336     71.47   2480372   5447348         0       176
20:49:20        85172     26808   8114892     99.67         0      3996   8816336     71.47   2464360   5447352         0       176
20:49:25        88552     30188   8111512     99.63         0      3996   8816336     71.47   2480516   5447352         0       176
20:49:30        79708     21344   8120356     99.74         0      4004   8816336     71.47   2480720   5447352         0       176
20:49:35        52796     52796   8088904     99.35         0      4004   8816336     71.47   2480684   5447352         0       176
20:49:40        59372      1012   8140688     99.99         0      4004   8816336     71.47   2480684   5447356         0       176
20:49:45        58876       516   8141184     99.99         0      4004   8816336     71.47   2480672   5447356         0       176
20:49:50        70740     12380   8129320     99.85         0      4004   8816336     71.47   2480696   5447356         0       176
20:49:55        81464     23104   8118596     99.72         0      4004   8816336     71.47   2474096   5447356         0       176
20:50:00       230288    171928   7969772     97.89         0      4004   8816336     71.47   2335432   5409780         0       176
20:50:05       101124     42792   8098908     99.47         0      4004   8816336     71.47   2424972   5409784         0       176
20:50:10       109740     51408   8090292     99.37         0      4004   8816336     71.47   2424932   5409788         0       176
20:50:15        89564     31232   8110468     99.62         0      4004   8816336     71.47   2490428   5409788         0       176
20:50:20        95208     36876   8104824     99.55         0      4004   8816336     71.47   2490408   5409788         0       176
20:50:25        97348     39016   8102684     99.52         0      4004   8816336     71.47   2490500   5409788         0       176
20:50:30        89660     31328   8110372     99.62         0      4004   8816336     71.47   2498692   5409784         0       176
20:50:35        89336     31004   8110696     99.62         0      4004   8816336     71.47   2498644   5409788         0       176
20:50:40       243444    185116   7956584     97.73         0      4008   8816336     71.47   2440092   5321920         0       176
20:50:45       187076    128748   8012952     98.42         0      4008   8816336     71.47   2498520   5321920         0       176
20:50:50       184872    126544   8015156     98.45         0      4008   8816336     71.47   2498644   5321920         0       176
20:50:55       156836     98508   8043192     98.79         0      4012   8816336     71.47   3267444   4553064         0       176
20:51:00       156164     97836   8043864     98.80         0      4012   8816336     71.47   3267432   4553060         0       176
20:51:05       143008     84680   8057020     98.96         0      4012   8816336     71.47   3267520   4553064         0       176
20:51:10       185492    127164   8014536     98.44         0      4012   8816336     71.47   3219484   4553064         0       176
20:51:15       129904     71576   8070124     99.12         0      4012   8816336     71.47   3228056   4553064         0       176
20:51:20       134808     76480   8065220     99.06         0      4012   8816336     71.47   3267636   4553060         0       176
20:51:25       154352     96024   8045676     98.82         0      4012   8816336     71.47   3267648   4553064         0       176
20:51:30       161540    103212   8038488     98.73         0      4012   8816336     71.47   3267680   4553060         0       176
20:51:35       157884     99560   8042140     98.78         0      4016   8816336     71.47   3267632   4553068         0       176
20:51:40       159824    101500   8040200     98.75         0      4016   8816336     71.47   3267692   4553068         0       176
20:51:45       163568    105244   8036456     98.71         0      4016   8816336     71.47   3267684   4553068         0       176
20:51:50       165924    107600   8034100     98.68         0      4016   8816336     71.47   3259616   4553068         0       176
20:51:55       171800    113476   8028224     98.61         0      4016   8816336     71.47   3267696   4553068         0       176
20:52:00       166212    107888   8033812     98.67         0      4016   8816336     71.47   3267656   4553068         0       176
20:52:05       159012    100688   8041012     98.76         0      4016   8816336     71.47   3267632   4553068         0       176
20:52:10       145360     87032   8054668     98.93         0      4016   8816336     71.47   3267608   4553064         0       176
20:52:15       148728     90404   8051296     98.89         0      4016   8816336     71.47   3267700   4553068         0       176
20:52:20       144552     86228   8055472     98.94         0      4016   8816336     71.47   3267668   4553068         0       176
20:52:25       138844     80520   8061180     99.01         0      4016   8816336     71.47   3267636   4553068         0       176
20:52:30       145808     87484   8054216     98.93         0      4016   8816336     71.47   3267628   4553068         0       176
20:52:35       144520     86196   8055504     98.94         0      4016   8816336     71.47   3267584   4553068         0       176
20:52:40       154464     96136   8045564     98.82         0      4016   8816336     71.47   3267708   4553064         0       176
20:52:45      1522852   1464528   6677172     82.01         0      4016   8816336     71.47   3401348   3028592         0       176
20:52:50       154016     95688   8046012     98.82         0      4016   8816336     71.47   4792308   3028416         0       176
20:52:55       143060     84732   8056968     98.96         0      4016   8816336     71.47   4792332   3028416         0       176
20:53:00       144556     86232   8055468     98.94         0      4016   8816336     71.47   4792336   3028420         0       176
20:53:05       151728     93404   8048296     98.85         0      4016   8816336     71.47   4792260   3028420         0       176
20:53:10       220460    162136   7979564     98.01         0      4016   8816336     71.47   4660960   3028420         0       176
20:53:15       226000    167672   7974028     97.94         0      4024   8816336     71.47   4644884   3028416         0       176
20:53:20       222572    164248   7977452     97.98         0      4024   8816336     71.47   4661188   3028420         0       176
20:53:25       142132     83808   8057892     98.97         0      4024   8816336     71.47   4792424   3028424         0       176
20:53:30       146952     88628   8053072     98.91         0      4024   8816336     71.47   4792408   3028420         0       176
20:53:35       159372    101048   8040652     98.76         0      4024   8816336     71.47   4792312   3028424         0       176
20:53:40       169644    111320   8030380     98.63         0      4024   8816336     71.47   4792188   3028424         0       176
20:53:45       164368    106044   8035656     98.70         0      4028   8816336     71.47   4792288   3028424         0       176
20:53:50       160588    102264   8039436     98.74         0      4028   8816336     71.47   4792224   3028424         0       176
20:53:55       168808    110484   8031216     98.64         0      4028   8816336     71.47   4792260   3028420         0       176
20:54:00       154548     96224   8045476     98.82         0      4028   8816336     71.47   4796852   3028472         0       176
20:54:05       140944     82620   8059080     98.99         0      4028   8816336     71.47   4796840   3028472         0       176
20:54:10       140916     82592   8059108     98.99         0      4032   8816336     71.47   4796852   3028472         0       176
20:54:15       146892     88568   8053132     98.91         0      4032   8816336     71.47   4796600   3028472         0       176
20:54:20       141000     82680   8059020     98.98         0      4032   8816336     71.47   4796780   3028476         0       176
20:54:25       152284     93964   8047736     98.85         0      4032   8816336     71.47   4796828   3028476         0       176
20:54:30       147012     88692   8053008     98.91         0      4032   8816336     71.47   4796824   3028476         0       176
20:54:35       146960     88640   8053060     98.91         0      4032   8816336     71.47   4796796   3028476         0       176
20:54:40       146504     88184   8053516     98.92         0      4032   8816336     71.47   4796836   3028476         0       176
20:54:45       137440     79120   8062580     99.03         0      4032   8816336     71.47   4796824   3028476         0       176
20:54:50       152760     94440   8047260     98.84         0      4032   8816336     71.47   4796872   3028476         0       176
20:54:55       150324     92004   8049696     98.87         0      4032   8816336     71.47   4796812   3028476         0       176
20:55:00       143992     85672   8056028     98.95         0      4032   8816336     71.47   4796780   3028476         0       176
20:55:05       141468     83148   8058552     98.98         0      4032   8816336     71.47   4796820   3028476         0       176
20:55:10       141964     83644   8058056     98.97         0      4032   8816336     71.47   4796788   3028476         0       176
20:55:15      1159568   1101244   7040456     86.47         0      4032   8816336     71.47   3775364   3001164         0       176
20:55:20      1211984   1153660   6988040     85.83         0      4032   8816336     71.47   3690800   3001164         0       176
20:55:25      1188072   1129752   7011948     86.12         0      4032   8816336     71.47   3775584   3001168         0       176
20:55:30      1203712   1145392   6996308     85.93         0      4032   8816336     71.47   3775528   3001168         0       176
20:55:35      1209784   1151464   6990236     85.86         0      4032   8816336     71.47   3775620   3001168         0       176
20:55:40      1202736   1144416   6997284     85.94         0      4032   8816336     71.47   3775580   3001168         0       176
20:55:45      1226360   1168040   6973660     85.65         0      4032   8816336     71.47   3752528   3001168         0       176
20:55:50      1213896   1155576   6986124     85.81         0      4032   8816336     71.47   3759120   3001168         0       176
20:55:55      1202608   1144288   6997412     85.95         0      4032   8816336     71.47   3775456   3001168         0       176
20:56:00      1223552   1165232   6976468     85.69         0      4032   8816336     71.47   3775492   3001168         0       176
20:56:05      1209496   1151176   6990524     85.86         0      4032   8816336     71.47   3775432   3001168         0       176
20:56:10      1219204   1160884   6980816     85.74         0      4032   8816336     71.47   3775388   3001168         0       176
20:56:15      1219204   1160884   6980816     85.74         0      4032   8816336     71.47   3775520   3001168         0       176
20:56:20      1218684   1160364   6981336     85.75         0      4032   8816336     71.47   3775532   3001168         0       176
20:56:25      1228264   1169944   6971756     85.63         0      4032   8816336     71.47   3775476   3001168         0       176
20:56:30      1222240   1163920   6977780     85.70         0      4032   8816336     71.47   3775464   3001168         0       176
20:56:35      1238772   1180452   6961248     85.50         0      4032   8816336     71.47   3775504   3001168         0       176
20:56:40      1231648   1173328   6968372     85.59         0      4032   8816336     71.47   3775428   3001168         0       176
20:56:45      1225292   1166972   6974728     85.67         0      4036   8816336     71.47   3775428   3001168         0       176
20:56:50      1233516   1175196   6966504     85.57         0      4040   8816336     71.47   3775492   3001168         0       176
20:56:55      1233676   1175356   6966344     85.56         0      4048   8816336     71.47   3775412   3001172         0       176
20:57:00       619220    560904   7580796     93.11         0      4048   8816336     71.47   7348428     21320         0       176
20:57:05       595104    536788   7604912     93.41         0      4048   8816336     71.47   7348288     21324         0       176
20:57:10       587132    528820   7612880     93.50         0      4048   8816336     71.47   7348500     21328         0       176
20:57:15       568568    510256   7631444     93.73         0      4048   8816336     71.47   7348480     21328         0       176
20:57:20       569568    511256   7630444     93.72         0      4048   8816336     71.47   7348452     21328         0       176
20:57:25       112720     53900   8087800     99.34         0      2972   8816336     71.47    285928   7624528         0       112
20:57:30        68188      9372   8132328     99.88         0      2988   8816336     71.47    483152   7437428         0       112
20:57:35        79124     20308   8121392     99.75         0      2996   8816336     71.47   1007156   6922440         0       120
20:57:40        68120      9308   8132392     99.89         0      2996   8816336     71.47   1269516   6685256         0       120
20:57:45        51704     51704   8089996     99.36         0      2996   8816336     71.47   1271728   6683208         0       120
20:57:50        77152     18340   8123360     99.77         0      2996   8816336     71.47   1276656   6640348         0       120
20:57:55        95908     37096   8104604     99.54         0      2996   8816336     71.47   1276688   6640348         0       120
20:58:00        97536     38724   8102976     99.52         0      2996   8816336     71.47   1276612   6640348         0       120
20:58:05        99196     40580   8101120     99.50         0      2996   8816336     71.47   1276664   6640352         0       120
20:58:10        98640     39828   8101872     99.51         0      2996   8816336     71.47   1276664   6640348         0       120
20:58:15        87304     28492   8113208     99.65         0      2996   8816336     71.47   1276656   6640352         0       120
20:58:20        82468     23656   8118044     99.71         0      2996   8816336     71.47   1276576   6640352         0       120
20:58:25        86036     27224   8114476     99.67         0      2996   8816336     71.47   1276616   6640352         0       120
20:58:30        83644     24832   8116868     99.70         0      2996   8816336     71.47   1276664   6640352         0       120
20:58:35        84100     25288   8116412     99.69         0      2996   8816336     71.47   1276572   6640348         0       120
20:58:40        80012     21200   8120500     99.74         0      2996   8816336     71.47   1276680   6640352         0       120
20:58:45        80128     21316   8120384     99.74         0      2996   8816336     71.47   1276632   6640352         0       120
20:58:50        81848     23036   8118664     99.72         0      2996   8816336     71.47   1276596   6640352         0       120
20:58:55        85432     26620   8115080     99.67         0      2996   8816336     71.47   1276612   6640352         0       120
20:59:00        88060     29248   8112452     99.64         0      2996   8816336     71.47   1276592   6640352         0       120
20:59:05        97996     39184   8102516     99.52         0      2996   8816336     71.47   1243880   6640352         0       120
20:59:10        83120     24308   8117392     99.70         0      2996   8816336     71.47   1276580   6640348         0       120
20:59:15       350560    291748   7849952     96.42         0      2996   8816336     71.47   1068308   6586544         0       120
20:59:20       348080    289272   7852428     96.45         0      3000   8816336     71.47   1068284   6586532         0       120
20:59:25       344140    285332   7856368     96.50         0      3000   8816336     71.47   1068256   6586532         0       120
20:59:30       344028    285220   7856480     96.50         0      3000   8816336     71.47   1068232   6586532         0       120
20:59:35       330596    271788   7869912     96.66         0      3000   8816336     71.47   1984008   5670732         0       120
20:59:40       336344    277536   7864164     96.59         0      3000   8816336     71.47   1976004   5670732         0       120
20:59:45       349216    290408   7851292     96.43         0      3000   8816336     71.47   1967752   5670732         0       120
20:59:50        94144     35336   8106364     99.57         0      3004   8816336     71.47   2246220   5670732         0       120
20:59:55        94276     35468   8106232     99.56         0      3004   8816336     71.47   2246184   5670732         0       120
21:00:00        96280     37472   8104228     99.54         0      3004   8816336     71.47   2246232   5670732         0       120
21:00:05        95904     37096   8104604     99.54         0      3004   8816336     71.47   2246236   5670732         0       120
21:00:10        98820     40012   8101688     99.51         0      3004   8816336     71.47   2246188   5670732         0       120
21:00:15        94232     35424   8106276     99.56         0      3004   8816336     71.47   2246196   5670732         0       120
21:00:20        82396     23588   8118112     99.71         0      3004   8816336     71.47   2246204   5670732         0       120
21:00:25        70184     11372   8130328     99.86         0      3004   8816336     71.47   2246256   5670728         0       120
21:00:30       122940     64132   8077568     99.21         0      3004   8816336     71.47   2180708   5670732         0       120
21:00:35        62292      3484   8138216     99.96         0      3004   8816336     71.47   2246240   5670732         0       120
21:00:40       105808     47000   8094700     99.42         0      3012   8816336     71.47   2246316   5642832         0       120
21:00:45        97284     38476   8103224     99.53         0      3012   8816336     71.47   2246424   5642832         0       120
21:00:50       105144     46340   8095360     99.43         0      3012   8816336     71.47   2246400   5642836         0       120
21:00:55        77520     18716   8122984     99.77         0      3012   8816336     71.47   2246268   5642844         0       120
21:01:00        78016     19212   8122488     99.76         0      3012   8816336     71.47   2246312   5642844         0       120
21:01:05        80472     21668   8120032     99.73         0      3012   8816336     71.47   2246324   5642844         0       120
21:01:10        85196     26392   8115308     99.68         0      3012   8816336     71.47   2246352   5642844         0       120
21:01:15       101000     42196   8099504     99.48         0      3012   8816336     71.47   2246348   5642844         0       120
21:01:20        96956     38152   8103548     99.53         0      3012   8816336     71.47   2246364   5642840         0       120
21:01:25       119468     60664   8081036     99.25         0      3012   8816336     71.47   2246380   5642844         0       120
21:01:30       105624     46820   8094880     99.42         0      3012   8816336     71.47   2246444   5642844         0       120
21:01:35       114476     55672   8086028     99.32         0      3012   8816336     71.47   2246284   5642844         0       120
21:01:40      1398492   1339688   6802012     83.55         0      3012   8816336     71.47   2965448   3602328         0       120
21:01:45       103944     45156   8096544     99.45         0      3048   8947412     72.53   4417832   3487292         0       120
21:01:50       229348    170564   7971136     97.91         0      3048   8816336     71.47   4286912   3487296         0       120
21:01:55       214316    155528   7986172     98.09         0      3052   8816336     71.47   4286868   3487292         0       120
21:02:00       185120    126336   8015364     98.45         0      3052   8816336     71.47   4287096   3487300         0       120
21:02:05       177900    119116   8022584     98.54         0      3052   8816336     71.47   4286900   3487300         0       120
21:02:10       197384    138600   8003100     98.30         0      3052   8816336     71.47   4269712   3487300         0       120
21:02:15       200188    141404   8000296     98.26         0      3052   8816336     71.47   4287028   3487300         0       120
21:02:20       211000    152216   7989484     98.13         0      3052   8816336     71.47   4270644   3487300         0       120
21:02:25       208660    149876   7991824     98.16         0      3052   8816336     71.47   4287088   3487300         0       120
21:02:30       217268    158484   7983216     98.05         0      3052   8816336     71.47   4286988   3487300         0       120
21:02:35       234276    175492   7966208     97.84         0      3052   8816336     71.47   4286940   3487300         0       120
21:02:40       227780    168996   7972704     97.92         0      3052   8816336     71.47   4286984   3487300         0       120
21:02:45       228052    169268   7972432     97.92         0      3052   8816336     71.47   4287060   3487300         0       120
21:02:50       221716    162932   7978768     98.00         0      3052   8816336     71.47   4286980   3487300         0       120
21:02:55       233368    174588   7967112     97.86         0      3056   8816336     71.47   4287012   3487304         0       120
21:03:00       225504    166720   7974980     97.95         0      3056   8816336     71.47   4287072   3487300         0       120
21:03:05       220784    162000   7979700     98.01         0      3056   8816336     71.47   4279176   3493456         0       120
21:03:10       229592    170808   7970892     97.90         0      3056   8816336     71.47   4287108   3487300         0       120
21:03:15       221236    162456   7979244     98.00         0      3056   8816336     71.47   4287096   3487304         0       120
21:03:20       228668    169884   7971816     97.91         0      3056   8816336     71.47   4287140   3487300         0       120
21:03:25       221340    162560   7979140     98.00         0      3056   8816336     71.47   4287100   3487304         0       120
21:03:30       363924    305144   7836556     96.25         0      3056   8816336     71.47   4155924   3487304         0       120
21:03:35       364044    305264   7836436     96.25         0      3056   8816336     71.47   4147780   3487304         0       120
21:03:40       460980    402200   7739500     95.06         0      3056   8816336     71.47   4053172   3487304         0       120
21:03:45       232056    173276   7968424     97.87         0      3056   8816336     71.47   4287084   3487304         0       120
21:03:50       215936    157156   7984544     98.07         0      3056   8816336     71.47   4287040   3487304         0       120
21:03:55       222268    163488   7978212     97.99         0      3056   8816336     71.47   4287092   3487304         0       120
21:04:00       216744    157964   7983736     98.06         0      3060   8816336     71.47   4286948   3487304         0       120
21:04:05       206288    147508   7994192     98.19         0      3060   8816336     71.47   4287004   3487304         0       120
21:04:10       204392    145612   7996088     98.21         0      3060   8816336     71.47   4287036   3487304         0       120
21:04:15       223096    164316   7977384     97.98         0      3060   8816336     71.47   4254264   3487304         0       120

Average:       183839    126812   8014888     98.44         5      4917   8795870     71.30   3463475   4295853         0       472
