Linux 7.2.0-rc5-virtme (virtme-ng) 	07/31/26 	_x86_64_	(12 CPU)

13:34:37     pgpgin/s pgpgout/s   fault/s  majflt/s  pgfree/s pgscank/s pgscand/s pgsteal/s  pgprom/s   pgdem/s
13:34:42         0.00      0.00 297436.80      0.00     18.40      0.00      0.00      0.00      0.00      0.00
13:34:47         0.00      0.00 122243.40      0.00      0.00      0.00      0.00      0.00      0.00      0.00
13:34:52         0.00      0.00      0.00      0.00      0.00      0.00      0.00      0.00      0.00      0.00
13:34:57         0.00      0.00      0.00      0.00      0.00      0.00      0.00      0.00      0.00      0.00
13:35:02         0.00      0.00      0.00      0.00      0.00      0.00      0.00      0.00      0.00      0.00
13:35:07         0.00      0.00      0.00      0.00      0.00      0.00      0.00      0.00      0.00      0.00
13:35:12         0.00      0.00      0.00      0.00      0.00      0.00      0.00      0.00      0.00      0.00
13:35:17         0.00      0.00 225743.00      0.00      0.00      0.00      0.00      0.00      0.00      0.00
13:35:22         0.00      0.00  25917.20      0.00      0.00      0.00      0.00      0.00      0.00      0.00
13:35:27         0.00      0.00      0.00      0.00      0.00      0.00      0.00      0.00      0.00      0.00
13:35:32         0.00      0.00      0.00      0.00      0.00      0.00      0.00      0.00      0.00      0.00
13:35:37         0.00      0.00      0.00      0.00      0.00      0.00      0.00      0.00      0.00      0.00
13:35:42         0.00      0.00      0.00      0.00      0.00      0.00      0.00      0.00      0.00      0.00
13:35:47         0.00      0.00      0.00      0.00      0.00      0.00      0.00      0.00      0.00      0.00
13:35:52         0.00      0.00      0.00      0.00      0.20      0.00      0.00      0.00      0.00      0.00
13:35:57         0.00      0.00      0.00      0.00      0.00      0.00      0.00      0.00      0.00      0.00
13:36:02         0.00      0.00      0.00      0.00      0.00      0.00      0.00      0.00      0.00      0.00
13:36:07         0.00      0.00      0.00      0.00      0.00      0.00      0.00      0.00      0.00      0.00
13:36:12         0.00      0.00      0.00      0.00      0.00      0.00      0.00      0.00      0.00      0.00
13:36:17         0.00      0.00      0.00      0.00      0.00      0.00      0.00      0.00      0.00      0.00
13:36:22         0.00      0.00      0.00      0.00      0.00      0.00      0.00      0.00      0.00      0.00
13:36:27         0.00      0.00  84132.00      0.00      0.00      0.00      0.00      0.00      0.00      0.00
13:36:32       964.80  87900.00  85667.00    248.80  24042.00  73422.80  72842.40  47930.40      0.00      0.00
13:36:37        68.80      0.00     26.40     17.40      2.80      0.00      0.00      0.00      0.00      0.00
13:36:42         4.00      0.00      1.00      1.00      1.00      0.00      0.00      0.00      0.00      0.00
13:36:47         4.80      0.00      1.20      1.20      1.20      0.00      0.00      0.00      0.00      0.00
13:36:52         5.60      0.00      1.40      1.40      1.40      0.00      0.00      0.00      0.00      0.00
13:36:57         4.80      0.00      1.20      1.20      1.20      0.00      0.00      0.00      0.00      0.00
13:37:02         4.00      0.00      1.00      1.00      1.00      0.00      0.00      0.00      0.00      0.00
13:37:07         4.80      0.00      1.20      1.20      1.20      0.00      0.00      0.00      0.00      0.00
13:37:12         4.80      0.00      1.20      1.20      1.20      0.00      0.00      0.00      0.00      0.00
13:37:17         4.80      0.00      1.20      1.20      1.20      0.00      0.00      0.00      0.00      0.00
13:37:22         4.00      0.00      1.00      1.00      1.00      0.00      0.00      0.00      0.00      0.00
13:37:27         2.40      0.00      0.60      0.60      0.60      0.00      0.00      0.00      0.00      0.00
13:37:32         4.80      0.00      1.20      1.20      1.20      0.00      0.00      0.00      0.00      0.00
13:37:37         4.80      0.00      1.20      1.20      1.20      0.00      0.00      0.00      0.00      0.00
13:37:42         4.00      0.00      1.00      1.00      1.00      0.00      0.00      0.00      0.00      0.00
13:37:47         4.80      0.00      1.20      1.20      1.20      0.00      0.00      0.00      0.00      0.00
13:37:52         4.80      0.00      1.20      1.20      1.20      0.00      0.00      0.00      0.00      0.00
13:37:57         4.00      0.00      1.00      1.00      1.00      0.00      0.00      0.00      0.00      0.00
13:38:02         4.80      0.00      1.20      1.20      1.20      0.00      0.00      0.00      0.00      0.00
13:38:07         4.00      0.00      1.00      1.00      1.00      0.00      0.00      0.00      0.00      0.00
13:38:12         4.80      0.00      1.20      1.20      1.20      0.00      0.00      0.00      0.00      0.00
13:38:17         2.40      0.00      0.60      0.60      0.60      0.00      0.00      0.00      0.00      0.00
13:38:22         4.80      0.00      1.20      1.20      1.20      0.00      0.00      0.00      0.00      0.00
13:38:27         4.00      0.00      1.00      1.00      1.00      0.00      0.00      0.00      0.00      0.00
13:38:32         4.00      0.00      1.00      1.00      1.00      0.00      0.00      0.00      0.00      0.00
13:38:37         4.00      0.00      1.00      1.00      1.00      0.00      0.00      0.00      0.00      0.00
13:38:42         4.80      0.00      1.20      1.20      1.20      0.00      0.00      0.00      0.00      0.00
13:38:47         4.80      0.00      1.20      1.20      1.20      0.00      0.00      0.00      0.00      0.00
13:38:52         4.80      0.00      1.20      1.20      1.20      0.00      0.00      0.00      0.00      0.00
13:38:57         4.00      0.00      1.00      1.00      1.00      0.00      0.00      0.00      0.00      0.00
13:39:02         3.20      0.00      0.80      0.80      0.80      0.00      0.00      0.00      0.00      0.00
13:39:07         4.00      0.00      1.00      1.00      1.00      0.00      0.00      0.00      0.00      0.00
13:39:12         4.80      0.00      1.20      1.20      1.20      0.00      0.00      0.00      0.00      0.00
13:39:17         4.00      0.00      1.00      1.00      1.00      0.00      0.00      0.00      0.00      0.00
13:39:22         4.00      0.00      1.00      1.00      1.00      0.00      0.00      0.00      0.00      0.00
13:39:27         4.80      0.00      1.20      1.20      1.20      0.00      0.00      0.00      0.00      0.00
13:39:32         4.00      0.00      1.00      1.00      1.00      0.00      0.00      0.00      0.00      0.00
13:39:37         4.80      0.00      1.20      1.20      1.20      0.00      0.00      0.00      0.00      0.00
13:39:42         4.80      0.00      1.20      1.20      1.20      0.00      0.00      0.00      0.00      0.00
13:39:47         2.40      0.00      0.60      0.60      0.60      0.00      0.00      0.00      0.00      0.00
13:39:52         4.00      0.00      1.00      1.00      1.00      0.00      0.00      0.00      0.00      0.00
13:39:57         4.00      0.00      1.00      1.00      1.00      0.00      0.00      0.00      0.00      0.00
13:40:02         4.80      0.00      1.20      1.20      1.20      0.00      0.00      0.00      0.00      0.00
13:40:07         4.00      0.00      1.00      1.00      1.00      0.00      0.00      0.00      0.00      0.00
13:40:12         4.80      0.00      1.20      1.20      1.20      0.00      0.00      0.00      0.00      0.00
13:40:17         3.20      0.00      0.80      0.80      0.80      0.00      0.00      0.00      0.00      0.00
13:40:22         5.60      0.00      1.40      1.40      1.40      0.00      0.00      0.00      0.00      0.00
13:40:27         3.20      0.00      0.80      0.80      0.80      0.00      0.00      0.00      0.00      0.00
13:40:32         3.20      0.00      0.80      0.80      0.80      0.00      0.00      0.00      0.00      0.00
13:40:37         2.40      0.00      0.60      0.60      0.60      0.00      0.00      0.00      0.00      0.00
13:40:42     93739.20  96845.60  23435.40  23435.00  24283.40  23687.00   2983.60  48459.60      0.00      0.00
13:40:47         4.80      0.00      1.20      1.20      1.20      0.00      0.00      0.00      0.00      0.00
13:40:52         4.00      0.00      1.00      1.00      1.00      0.00      0.00      0.00      0.00      0.00
13:40:57         4.00      0.00      1.00      1.00      1.00      0.00      0.00      0.00      0.00      0.00
13:41:02         4.80      0.00      1.20      1.20      1.20      0.00      0.00      0.00      0.00      0.00
13:41:07         4.80      0.00      1.20      1.20      1.20      0.00      0.00      0.00      0.00      0.00
13:41:12         5.60      0.00      1.40      1.40      1.40      0.00      0.00      0.00      0.00      0.00
13:41:17    229400.80 222445.60  57352.00  57350.40  55628.20  72164.40  17287.20 111189.20      0.00      0.00
13:41:22     25099.20  27623.20   6505.20   6274.60   6995.20  18387.60   9007.60  14022.40      0.00      0.00
13:41:27         4.00      0.00      1.00      1.00      1.00      0.00      0.00      0.00      0.00      0.00
13:41:32         4.80      0.00      1.20      1.20      1.20      0.00      0.00      0.00      0.00      0.00
13:41:37         2.40      0.00      0.60      0.60      0.60      0.00      0.00      0.00      0.00      0.00
13:41:42         3.20      0.00      0.80      0.80      0.80      0.00      0.00      0.00      0.00      0.00
13:41:47         4.00      0.00      1.00      1.00      1.00      0.00      0.00      0.00      0.00      0.00
13:41:52         2.40      0.00      0.60      0.60      0.60      0.00      0.00      0.00      0.00      0.00
13:41:57         1.60      0.00      0.40      0.40      0.40      0.00      0.00      0.00      0.00      0.00
13:42:02         4.00      0.00      1.00      1.00      1.00      0.00      0.00      0.00      0.00      0.00
13:42:07         3.20      0.00      0.80      0.80      0.80      0.00      0.00      0.00      0.00      0.00
13:42:12         4.80      0.00      1.20      1.20      1.20      0.00      0.00      0.00      0.00      0.00
13:42:17         4.00      0.00      1.00      1.00      1.00      0.00      0.00      0.00      0.00      0.00
13:42:22         4.00      0.00      1.00      1.00      1.00      0.00      0.00      0.00      0.00      0.00
13:42:27         1.60      0.00      0.40      0.40      0.40      0.00      0.00      0.00      0.00      0.00
13:42:32    245589.62 249445.91  61885.23  61400.40  62403.59 192809.78 134150.90 124788.82      0.00      0.00
13:42:37         3.20      0.00     10.40      1.00      0.80      0.00      0.00      0.00      0.00      0.00
13:42:42         4.00      0.00      1.00      1.00      1.00      0.00      0.00      0.00      0.00      0.00
13:42:47         3.20      0.00      0.80      0.80      0.80      0.00      0.00      0.00      0.00      0.00
13:42:52         3.20      0.00      0.80      0.80      0.80      0.00      0.00      0.00      0.00      0.00
13:42:57         0.00      0.00      0.00      0.00      0.00      0.00      0.00      0.00      0.00      0.00
13:43:03         3.20      0.00      0.80      0.80      0.80      0.00      0.00      0.00      0.00      0.00
13:43:08         3.20      0.00      0.80      0.80      0.80      0.00      0.00      0.00      0.00      0.00
13:43:13         1.60      0.00      0.40      0.40      0.40      0.00      0.00      0.00      0.00      0.00
13:43:18         4.00      0.00      1.00      1.00      1.00      0.00      0.00      0.00      0.00      0.00
13:43:23         4.80      0.00      1.20      1.20      1.20      0.00      0.00      0.00      0.00      0.00
13:43:28         3.20      0.00      0.80      0.80      0.80      0.00      0.00      0.00      0.00      0.00
13:43:33         4.00      0.00      1.00      1.00      1.00      0.00      0.00      0.00      0.00      0.00
13:43:38         2.40      0.00      0.60      0.60      0.60      0.00      0.00      0.00      0.00      0.00
13:43:43         3.20      0.00      0.80      0.80      0.80      0.00      0.00      0.00      0.00      0.00
13:43:48         4.00      0.00      1.00      1.00      1.00      0.00      0.00      0.00      0.00      0.00
13:43:53         1.60      0.00      0.40      0.40      0.40      0.00      0.00      0.00      0.00      0.00
13:43:58         3.20      0.00      0.80      0.80      0.80      0.00      0.00      0.00      0.00      0.00
13:44:03         4.00      0.00      1.00      1.00      1.00      0.00      0.00      0.00      0.00      0.00
13:44:08         4.00      0.00      1.00      1.00      1.00      0.00      0.00      0.00      0.00      0.00
13:44:13         4.00      0.00      1.00      1.00      1.00      0.00      0.00      0.00      0.00      0.00
13:44:18         2.40      0.00      0.60      0.60      0.60      0.00      0.00      0.00      0.00      0.00
13:44:23         3.20      0.00      0.80      0.80      0.80      0.00      0.00      0.00      0.00      0.00
13:44:28         3.20      0.00      0.80      0.80      0.80      0.00      0.00      0.00      0.00      0.00
13:44:33         2.40      0.00      0.60      0.60      0.60      0.00      0.00      0.00      0.00      0.00
13:44:38         3.20      0.00      0.80      0.80      0.80      0.00      0.00      0.00      0.00      0.00
13:44:43         3.20      0.00      0.80      0.80      0.80      0.00      0.00      0.00      0.00      0.00
13:44:48         0.00      0.00      0.00      0.00      0.00      0.00      0.00      0.00      0.00      0.00
13:44:53         3.20      0.00      0.80      0.80      0.80      0.00      0.00      0.00      0.00      0.00
13:44:58         4.80      0.00      1.20      1.20      1.20      0.00      0.00      0.00      0.00      0.00
13:45:03         2.40      0.00      0.60      0.60      0.60      0.00      0.00      0.00      0.00      0.00
13:45:08         2.40      0.00      0.60      0.60      0.60      0.00      0.00      0.00      0.00      0.00
13:45:13         2.40      0.00      0.60      0.60      0.60      0.00      0.00      0.00      0.00      0.00
13:45:18         3.20      0.00      0.80      0.80      0.80      0.00      0.00      0.00      0.00      0.00
13:45:23         3.20      0.00      0.80      0.80      0.80      0.00      0.00      0.00      0.00      0.00
13:45:28         4.00      0.00      1.00      1.00      1.00      0.00      0.00      0.00      0.00      0.00
13:45:33         0.00      0.00      0.00      0.00      0.00      0.00      0.00      0.00      0.00      0.00
13:45:38         2.40      0.00      0.60      0.60      0.60      0.00      0.00      0.00      0.00      0.00
13:45:43         2.40      0.00      0.60      0.60      0.60      0.00      0.00      0.00      0.00      0.00
13:45:48         4.00      0.00      1.00      1.00      1.00      0.00      0.00      0.00      0.00      0.00
13:45:53         4.00      0.00      1.00      1.00      1.00      0.00      0.00      0.00      0.00      0.00
13:45:58         2.40      0.00      0.60      0.60      0.60      0.00      0.00      0.00      0.00      0.00
13:46:03         0.80      0.00      0.20      0.20      0.20      0.00      0.00      0.00      0.00      0.00
13:46:08         0.00      0.00      0.00      0.00      0.00      0.00      0.00      0.00      0.00      0.00
13:46:13         2.40      0.00      0.60      0.60      0.60      0.00      0.00      0.00      0.00      0.00
13:46:18         4.00      0.00      1.00      1.00      1.00      0.00      0.00      0.00      0.00      0.00
13:46:23         3.20      0.00      0.80      0.80      0.80      0.00      0.00      0.00      0.00      0.00
13:46:28         2.40      0.00      0.60      0.60      0.60      0.00      0.00      0.00      0.00      0.00
13:46:33         4.00      0.00      1.00      1.00      1.00      0.00      0.00      0.00      0.00      0.00
13:46:38         2.40      0.00      0.60      0.60      0.60      0.00      0.00      0.00      0.00      0.00
13:46:43     12274.40   9224.00   5119.60   3068.80   2310.40   2619.60      0.00   4612.00      0.00      0.00
13:46:48         1.60      0.00      0.40      0.40      0.40      0.00      0.00      0.00      0.00      0.00
13:46:53         4.00      0.00      1.00      1.00      1.00      0.00      0.00      0.00      0.00      0.00
13:46:58         1.60      0.00      0.40      0.40      0.40      0.00      0.00      0.00      0.00      0.00
13:47:03         3.20      0.00      0.80      0.80      0.80      0.00      0.00      0.00      0.00      0.00
13:47:08         5.60      0.00      1.40      1.40      1.40      0.00      0.00      0.00      0.00      0.00
13:47:13         4.80      0.00      1.20      1.20      1.20      0.00      0.00      0.00      0.00      0.00
13:47:18      8415.20   5948.80   3100.20   2104.00   1489.00  49171.60  43938.00   2932.80      0.00      0.00
13:47:23    215245.60 224176.00  54781.80  53814.60  56181.40 115396.80  59886.80 112236.80      0.00      0.00
13:47:28         4.00      0.00      9.20      1.20      1.00      0.00      0.00      0.00      0.00      0.00
13:47:33         2.40      0.00      0.60      0.60      0.60      0.00      0.00      0.00      0.00      0.00
13:47:38         4.00      0.00      1.00      1.00      1.00      0.00      0.00      0.00      0.00      0.00
13:47:43         3.20      0.00      0.80      0.80      0.80      0.00      0.00      0.00      0.00      0.00
13:47:48         2.40      0.00      0.60      0.60      0.60      0.00      0.00      0.00      0.00      0.00
13:47:53         3.20      0.00      0.80      0.80      0.80      0.00      0.00      0.00      0.00      0.00
13:47:58         3.20      0.00      0.80      0.80      0.80      0.00      0.00      0.00      0.00      0.00
13:48:03         4.80      0.00      1.20      1.20      1.20      0.00      0.00      0.00      0.00      0.00
13:48:08         4.00      0.00      1.00      1.00      1.00      0.00      0.00      0.00      0.00      0.00
13:48:13         3.20      0.00      0.80      0.80      0.80      0.00      0.00      0.00      0.00      0.00
13:48:18         1.60      0.00      0.40      0.40      0.40      0.00      0.00      0.00      0.00      0.00
13:48:23         2.40      0.00      0.60      0.60      0.60      0.00      0.00      0.00      0.00      0.00
13:48:28         2.40      0.00      0.60      0.60      0.60      0.00      0.00      0.00      0.00      0.00
13:48:33    108364.00 111234.40  27589.00  27091.20  27833.60  32735.60   6837.80  55657.20      0.00      0.00
13:48:38         2.40      0.00      0.60      0.60      0.60      0.00      0.00      0.00      0.00      0.00
13:48:43         2.40      0.00      0.60      0.60      0.60      0.00      0.00      0.00      0.00      0.00
13:48:48         4.00      0.00      1.00      1.00      1.00      0.00      0.00      0.00      0.00      0.00
13:48:53         3.20      0.00      0.80      0.80      0.80      0.00      0.00      0.00      0.00      0.00
13:48:58         1.60      0.00      0.40      0.40      0.40      0.00      0.00      0.00      0.00      0.00
13:49:03         3.20      0.00      0.80      0.80      0.80      0.00      0.00      0.00      0.00      0.00
13:49:08         4.00      0.00      1.00      1.00      1.00      0.00      0.00      0.00      0.00      0.00
13:49:13         4.00      0.00      1.00      1.00      1.00      0.00      0.00      0.00      0.00      0.00
13:49:18         4.00      0.00      1.00      1.00      1.00      0.00      0.00      0.00      0.00      0.00
13:49:23         4.00      0.00      1.00      1.00      1.00      0.00      0.00      0.00      0.00      0.00
13:49:28         3.20      0.00      0.80      0.80      0.80      0.00      0.00      0.00      0.00      0.00
13:49:33         4.80      0.00      1.20      1.20      1.20      0.00      0.00      0.00      0.00      0.00
13:49:38         2.40      0.00      0.60      0.60      0.60      0.00      0.00      0.00      0.00      0.00
13:49:43         4.00      0.00      1.00      1.00      1.00      0.00      0.00      0.00      0.00      0.00
13:49:48         4.80      0.00      1.20      1.20      1.20      0.00      0.00      0.00      0.00      0.00
13:49:53         0.80      0.00      0.20      0.20      0.20      0.00      0.00      0.00      0.00      0.00
13:49:58         4.00      0.00      1.00      1.00      1.00      0.00      0.00      0.00      0.00      0.00
13:50:03         3.20      0.00      0.80      0.80      0.80      0.00      0.00      0.00      0.00      0.00
13:50:08         1.60      0.00      0.40      0.40      0.40      0.00      0.00      0.00      0.00      0.00
13:50:13         2.40      0.00      0.60      0.60      0.60      0.00      0.00      0.00      0.00      0.00
13:50:18         2.40      0.00      0.60      0.60      0.60      0.00      0.00      0.00      0.00      0.00
13:50:23         3.20      0.00      0.80      0.80      0.80      0.00      0.00      0.00      0.00      0.00
13:50:28         4.80      0.00      1.20      1.20      1.20      0.00      0.00      0.00      0.00      0.00
13:50:33         1.60      0.00      0.40      0.40      0.40      0.00      0.00      0.00      0.00      0.00
13:50:38         3.20      0.00      0.80      0.80      0.80      0.00      0.00      0.00      0.00      0.00
13:50:43         2.40      0.00      0.60      0.60      0.60      0.00      0.00      0.00      0.00      0.00
13:50:48         2.40      0.00      0.60      0.60      0.60      0.00      0.00      0.00      0.00      0.00
13:50:53         3.20      0.00      0.80      0.80      0.80      0.00      0.00      0.00      0.00      0.00
13:50:58         4.00      0.00      1.00      1.00      1.00      0.00      0.00      0.00      0.00      0.00
13:51:03         2.40      0.00      0.60      0.60      0.60      0.00      0.00      0.00      0.00      0.00
13:51:08         4.00      0.00      1.00      1.00      1.00      0.00      0.00      0.00      0.00      0.00
13:51:13         2.40      0.00      0.60      0.60      0.60      0.00      0.00      0.00      0.00      0.00
13:51:18         1.60      0.00      0.40      0.40      0.40      0.00      0.00      0.00      0.00      0.00
13:51:23         3.20      0.00      0.80      0.80      0.80      0.00      0.00      0.00      0.00      0.00
13:51:28         0.80      0.00      0.20      0.20      0.20      0.00      0.00      0.00      0.00      0.00
13:51:33         2.40      0.00      0.60      0.60      0.60      0.00      0.00      0.00      0.00      0.00
13:51:38         0.80      0.00      0.20      0.20      0.20      0.00      0.00      0.00      0.00      0.00
13:51:43         4.00      0.00      1.00      1.00      1.00      0.00      0.00      0.00      0.00      0.00
13:51:48         0.80      0.00      0.20      0.20      0.20      0.00      0.00      0.00      0.00      0.00
13:51:53         3.99      0.00      1.00      1.00      1.00      0.00      0.00      0.00      0.00      0.00
13:51:58         2.40      0.00      0.60      0.60      0.60      0.00      0.00      0.00      0.00      0.00
13:52:03         3.21      0.00      0.80      0.80      0.80      0.00      0.00      0.00      0.00      0.00
13:52:08         4.79      0.00      1.20      1.20      1.20      0.00      0.00      0.00      0.00      0.00
13:52:13         4.80      0.00      1.20      1.20      1.20      0.00      0.00      0.00      0.00      0.00
13:52:18         2.40      0.00      0.60      0.60      0.60      0.00      0.00      0.00      0.00      0.00
13:52:23         3.20      0.00      0.80      0.80      0.80      0.00      0.00      0.00      0.00      0.00
13:52:28         2.40      0.00      0.60      0.60      0.60      0.00      0.00      0.00      0.00      0.00
13:52:33         0.00      0.00      0.00      0.00      0.00      0.00      0.00      0.00      0.00      0.00
13:52:38         2.40      0.00      0.60      0.60      0.60      0.00      0.00      0.00      0.00      0.00
13:52:43      8146.40     25.60   2041.20   2037.20      1.20     16.80      0.00      0.00      0.00      0.00
13:52:48    568876.80 565192.80 142565.00 142218.60 141314.60 137715.60   3584.00 282600.00      0.00      0.00
13:52:53    185520.80 191072.00  46690.20  46382.00  47809.20  63147.40  18595.80  95603.60      0.00      0.00
13:52:58         3.20      0.00      7.60      1.60      2.80      0.00      0.00      0.00      0.00      0.00
13:53:03         2.40      0.00      0.60      0.60      0.60      0.00      0.00      0.00      0.00      0.00
13:53:08         2.40      0.00      0.60      0.60      0.60      0.00      0.00      0.00      0.00      0.00
13:53:13         3.20      0.00      0.80      0.80      0.80      0.00      0.00      0.00      0.00      0.00
13:53:18         4.00      0.00      1.00      1.00      1.00      0.00      0.00      0.00      0.00      0.00
13:53:23    340342.40 338928.00  86160.40  85085.80  84723.00 151173.00  67794.00 169432.40      0.00      0.00
13:53:28         3.20      0.00      0.80      0.80      0.80      0.00      0.00      0.00      0.00      0.00
13:53:33         3.20      0.00      2.80      0.80      0.80      0.00      0.00      0.00      0.00      0.00
13:53:38         4.00      0.00      1.00      1.00      1.00      0.00      0.00      0.00      0.00      0.00
13:53:43         4.00      0.00      1.00      1.00      1.80      0.00      0.00      0.00      0.00      0.00
13:53:48         4.00      0.00      1.00      1.00      1.00      0.00      0.00      0.00      0.00      0.00
13:53:53         3.20      0.00      0.80      0.80      0.80      0.00      0.00      0.00      0.00      0.00
13:53:58         4.80      0.00      1.20      1.20      1.20      0.00      0.00      0.00      0.00      0.00
13:54:03         3.20      0.00      0.80      0.80      0.80      0.00      0.00      0.00      0.00      0.00
13:54:08         4.00      0.00      1.00      1.00      1.00      0.00      0.00      0.00      0.00      0.00
13:54:13         4.00      0.00      1.00      1.00      1.00      0.00      0.00      0.00      0.00      0.00
13:54:18         2.40      0.00      0.60      0.60      0.60      0.00      0.00      0.00      0.00      0.00
13:54:23         3.20      0.00      0.80      0.80      0.80      0.00      0.00      0.00      0.00      0.00
13:54:28         3.20      0.00      0.80      0.80      0.80      0.00      0.00      0.00      0.00      0.00
13:54:33    117868.80 120315.20  31039.20  29472.80  30130.00  69495.80  38564.20  60251.60      0.00      0.00
13:54:38         4.80      0.00      5.60      1.20      2.20      0.00      0.00      0.00      0.00      0.00
13:54:43         3.20      0.00      0.80      0.80      0.80      0.00      0.00      0.00      0.00      0.00
13:54:48         3.20      0.00      0.80      0.80      0.80      0.00      0.00      0.00      0.00      0.00
13:54:53         4.00      0.00      1.00      1.00      1.00      0.00      0.00      0.00      0.00      0.00
13:54:58         4.00      0.00      1.00      1.00      1.00      0.00      0.00      0.00      0.00      0.00
13:55:03         3.20      0.00      0.80      0.80      0.80      0.00      0.00      0.00      0.00      0.00
13:55:08         3.20      0.00      0.80      0.80      0.80      0.00      0.00      0.00      0.00      0.00
13:55:13         3.20      0.00      0.80      0.80      0.80      0.00      0.00      0.00      0.00      0.00
13:55:18         2.40      0.00      0.60      0.60      0.60      0.00      0.00      0.00      0.00      0.00
13:55:23         1.60      0.00      0.40      0.40      0.40      0.00      0.00      0.00      0.00      0.00
13:55:28         4.80      0.00      1.20      1.20      1.20      0.00      0.00      0.00      0.00      0.00
13:55:33         4.00      0.00      1.00      1.00      1.00      0.00      0.00      0.00      0.00      0.00
13:55:38         4.00      0.00      1.00      1.00      1.00      0.00      0.00      0.00      0.00      0.00
13:55:43         3.20      0.00      0.80      0.80      0.80      0.00      0.00      0.00      0.00      0.00
13:55:48         4.00      0.00      1.00      1.00      1.00      0.00      0.00      0.00      0.00      0.00
13:55:53         2.40      0.00      0.60      0.60      0.60      0.00      0.00      0.00      0.00      0.00
13:55:58         3.20      0.00      0.80      0.80      0.80      0.00      0.00      0.00      0.00      0.00
13:56:03         3.20      0.00      0.80      0.80      0.80      0.00      0.00      0.00      0.00      0.00
13:56:08         4.00      0.00      1.00      1.00      1.00      0.00      0.00      0.00      0.00      0.00
13:56:13         4.00      0.00      1.00      1.00      1.00      0.00      0.00      0.00      0.00      0.00
13:56:18         3.20      0.00      0.80      0.80      0.80      0.00      0.00      0.00      0.00      0.00
13:56:23         4.00      0.00      1.00      1.00      1.00      0.00      0.00      0.00      0.00      0.00
13:56:28         3.20      0.00      0.80      0.80      0.80      0.00      0.00      0.00      0.00      0.00
13:56:33         3.20      0.00      0.80      0.80      0.80      0.00      0.00      0.00      0.00      0.00
13:56:38         1.60      0.00      0.40      0.40      0.40      0.00      0.00      0.00      0.00      0.00
13:56:43         4.80      0.00      1.20      1.20      1.20      0.00      0.00      0.00      0.00      0.00
13:56:48         4.00      0.00      1.00      1.00      1.00      0.00      0.00      0.00      0.00      0.00
13:56:53         3.20      0.00      0.80      0.80      0.80      0.00      0.00      0.00      0.00      0.00
13:56:58         4.00      0.00      1.00      1.00      1.00      0.00      0.00      0.00      0.00      0.00
13:57:03         4.00      0.00      1.00      1.00      1.00      0.00      0.00      0.00      0.00      0.00
13:57:08         4.00      0.00      1.00      1.00      1.00      0.00      0.00      0.00      0.00      0.00
13:57:13         4.00      0.00      1.00      1.00      1.00      0.00      0.00      0.00      0.00      0.00
13:57:18         3.20      0.00      0.80      0.80      0.80      0.00      0.00      0.00      0.00      0.00
13:57:23         4.80      0.00      1.20      1.20      1.20      0.00      0.00      0.00      0.00      0.00
13:57:28         3.20      0.00      0.80      0.80      0.80      0.00      0.00      0.00      0.00      0.00
13:57:33         4.00      0.00      1.00      1.00      1.00      0.00      0.00      0.00      0.00      0.00
13:57:38         3.20      0.00      0.80      0.80      0.80      0.00      0.00      0.00      0.00      0.00
13:57:43         4.80      0.00      1.20      1.20      1.20      0.00      0.00      0.00      0.00      0.00
13:57:48         2.40      0.00      0.60      0.60      0.60      0.00      0.00      0.00      0.00      0.00
13:57:53         0.80      0.00      0.20      0.20      0.20      0.00      0.00      0.00      0.00      0.00
13:57:58         4.00      0.00      1.00      1.00      1.00      0.00      0.00      0.00      0.00      0.00
13:58:03         3.20      0.00      0.80      0.80      0.80      0.00      0.00      0.00      0.00      0.00
13:58:08         1.60      0.00      0.40      0.40      0.40      0.00      0.00      0.00      0.00      0.00
13:58:13         4.80      0.00      1.20      1.20      1.20      0.00      0.00      0.00      0.00      0.00
13:58:18         2.40      0.00      0.60      0.60      0.60      0.00      0.00      0.00      0.00      0.00
13:58:23         4.00      0.00      1.00      1.00      1.00      0.00      0.00      0.00      0.00      0.00
13:58:28         2.40      0.00      0.60      0.60      0.60      0.00      0.00      0.00      0.00      0.00
13:58:33         1.60      0.00      0.40      0.40      0.40      0.00      0.00      0.00      0.00      0.00
13:58:38         4.80      0.00      1.20      1.20      1.20      0.00      0.00      0.00      0.00      0.00
13:58:43         2.40      0.00      0.60      0.60      0.60      0.00      0.00      0.00      0.00      0.00
13:58:48    337077.60 334158.40  86225.40  84273.00  83574.20 110226.60  23939.80 167123.60      0.00      0.00
13:58:53         3.20      0.00     12.60      1.00      0.80      0.00      0.00      1.20      0.00      0.00
13:58:58         4.00      0.00      1.00      1.00      1.00      0.00      0.00      0.00      0.00      0.00
13:59:03         3.20      0.00      0.80      0.80      0.80      0.00      0.00      0.00      0.00      0.00
13:59:08         4.00      0.00      1.00      1.00      1.00      0.00      0.00      0.00      0.00      0.00
13:59:13         4.00      0.00      1.00      1.00      1.00      0.00      0.00      0.00      0.00      0.00
13:59:18         4.00      0.00      1.00      1.00      1.00      0.00      0.00      0.00      0.00      0.00
13:59:23    171211.18 171586.43  45437.33  42807.39  42970.46  91056.89  41962.28  85904.79      0.00      0.00
13:59:28     23080.56  24494.59   5853.11   5775.15   6147.09   6131.66     25.65  12302.40      0.00      0.00
13:59:33         4.00      0.00      1.00      1.00      1.00      0.00      0.00      0.00      0.00      0.00
13:59:38         3.20      0.00      0.80      0.80      0.80      0.00      0.00      0.00      0.00      0.00
13:59:43         4.00      0.00      1.00      1.00      1.00      0.00      0.00      0.00      0.00      0.00
13:59:48         3.20      0.00      0.80      0.80      0.80      0.00      0.00      0.00      0.00      0.00
13:59:53         1.60      0.00      0.40      0.40      0.40      0.00      0.00      0.00      0.00      0.00
13:59:58         2.40      0.00      0.60      0.60      0.60      0.00      0.00      0.00      0.00      0.00
14:00:03         3.99      0.00      1.00      1.00      1.00      0.00      0.00      0.00      0.00      0.00
14:00:08         3.20      0.00      0.80      0.80      0.80      0.00      0.00      0.00      0.00      0.00
14:00:13         3.21      0.00      0.80      0.80      0.80      0.00      0.00      0.00      0.00      0.00
14:00:18         3.19      0.00      0.80      0.80      0.80      0.00      0.00      0.00      0.00      0.00
14:00:23         4.00      0.00      1.00      1.00      1.00      0.00      0.00      0.00      0.00      0.00
14:00:28         3.20      0.00      0.80      0.80      0.80      0.00      0.00      0.00      0.00      0.00
14:00:33         3.20      0.00      0.80      0.80      0.80      0.00      0.00      0.00      0.00      0.00
14:00:38     34195.20  33624.00   9103.40   8549.00   8407.80   8612.60     38.40  16812.00      0.00      0.00
14:00:43         1.60      0.00      0.40      0.40      0.40      0.00      0.00      0.00      0.00      0.00
14:00:48         3.20      0.00      0.80      0.80      0.80      0.00      0.00      0.00      0.00      0.00
14:00:53         2.40      0.00      0.60      0.60      0.60      0.00      0.00      0.00      0.00      0.00
14:00:58         3.20      0.00      0.80      0.80      0.80      0.00      0.00      0.00      0.00      0.00
14:01:03         4.00      0.00      1.00      1.00      1.00      0.00      0.00      0.00      0.00      0.00
14:01:08         2.40      0.00      0.60      0.60      0.60      0.00      0.00      0.00      0.00      0.00
14:01:13         2.40      0.00      0.60      0.60      0.60      0.00      0.00      0.00      0.00      0.00
14:01:18         4.00      0.00      1.00      1.00      1.00      0.00      0.00      0.00      0.00      0.00
14:01:23         2.40      0.00      0.60      0.60      0.60      0.00      0.00      0.00      0.00      0.00
14:01:28         4.00      0.00      1.00      1.00      1.00      0.00      0.00      0.00      0.00      0.00
14:01:33         3.20      0.00      0.80      0.80      0.80      0.00      0.00      0.00      0.00      0.00
14:01:38         4.80      0.00      1.20      1.20      1.20      0.00      0.00      0.00      0.00      0.00
14:01:43         4.80      0.00      1.20      1.20      1.20      0.00      0.00      0.00      0.00      0.00
14:01:48         3.20      0.00      0.80      0.80      0.80      0.00      0.00      0.00      0.00      0.00
14:01:53         2.40      0.00      0.60      0.60      0.60      0.00      0.00      0.00      0.00      0.00
14:01:58         3.20      0.00      0.80      0.80      0.80      0.00      0.00      0.00      0.00      0.00
14:02:03         3.20      0.00      0.80      0.80      0.80      0.00      0.00      0.00      0.00      0.00
14:02:08         1.60      0.00      0.40      0.40      0.40      0.00      0.00      0.00      0.00      0.00
14:02:13         3.20      0.00      0.80      0.80      0.80      0.00      0.00      0.00      0.00      0.00
14:02:18         3.20      0.00      0.80      0.80      0.80      0.00      0.00      0.00      0.00      0.00
14:02:23         3.20      0.00      0.80      0.80      0.80      0.00      0.00      0.00      0.00      0.00
14:02:28         4.00      0.00      1.00      1.00      1.00      0.00      0.00      0.00      0.00      0.00
14:02:33         3.20      0.00      0.80      0.80      0.80      0.00      0.00      0.00      0.00      0.00
14:02:38         4.00      0.00      1.00      1.00      1.00      0.00      0.00      0.00      0.00      0.00
14:02:43         2.40      0.00      0.60      0.60      0.60      0.00      0.00      0.00      0.00      0.00
14:02:48         4.00      0.00      1.00      1.00      1.00      0.00      0.00      0.00      0.00      0.00
14:02:53         4.00      0.00      1.00      1.00      1.00      0.00      0.00      0.00      0.00      0.00
14:02:58         3.20      0.00      0.80      0.80      0.80      0.00      0.00      0.00      0.00      0.00
14:03:03         4.00      0.00      1.00      1.00      1.00      0.00      0.00      0.00      0.00      0.00
14:03:08         4.00      0.00      1.00      1.00      1.00      0.00      0.00      0.00      0.00      0.00
14:03:13         2.40      0.00      0.60      0.60      0.60      0.00      0.00      0.00      0.00      0.00
14:03:18         4.80      0.00      1.20      1.20      1.20      0.00      0.00      0.00      0.00      0.00
14:03:23         3.20      0.00      0.80      0.80      0.80      0.00      0.00      0.00      0.00      0.00
14:03:28         4.00      0.00      1.00      1.00      1.00      0.00      0.00      0.00      0.00      0.00
14:03:33         4.00      0.00      1.00      1.00      1.00      0.00      0.00      0.00      0.00      0.00
14:03:38         2.40      0.00      0.60      0.60      0.60      0.00      0.00      0.00      0.00      0.00
14:03:43         4.00      0.00      1.00      1.00      1.00      0.00      0.00      0.00      0.00      0.00
14:03:48         3.20      0.00      0.80      0.80      0.80      0.00      0.00      0.00      0.00      0.00
14:03:53         2.40      0.00      0.60      0.60      0.60      0.00      0.00      0.00      0.00      0.00
14:03:58         2.40      0.00      0.60      0.60      0.60      0.00      0.00      0.00      0.00      0.00
14:04:03         4.00      0.00      1.00      1.00      1.00      0.00      0.00      0.00      0.00      0.00
14:04:08         3.20      0.00      0.80      0.80      0.80      0.00      0.00      0.00      0.00      0.00
14:04:13         4.00      0.00      1.00      1.00      1.00      0.00      0.00      0.00      0.00      0.00
14:04:18         3.20      0.00      0.80      0.80      0.80      0.00      0.00      0.00      0.00      0.00
14:04:23         4.00      0.00      1.00      1.00      1.00      0.00      0.00      0.00      0.00      0.00
14:04:28         3.20      0.00      0.80      0.80      0.80      0.00      0.00      0.00      0.00      0.00
14:04:33         3.20      0.00      0.80      0.80      0.80      0.00      0.00      0.00      0.00      0.00
14:04:38         3.20      0.00      0.80      0.80      0.80      0.00      0.00      0.00      0.00      0.00
14:04:43         2.40      0.00      0.60      0.60      0.60      0.00      0.00      0.00      0.00      0.00
14:04:48    190739.20 187080.80  48135.20  47685.20  46770.60  60509.40  10673.60  93534.40      0.00      0.00
14:04:53     99057.60 105832.80  25130.20  24772.80  26895.60  34417.00   7142.40  53281.20      0.00      0.00
14:04:58         4.00      0.00     12.00      1.60      3.40      0.00      0.00      0.00      0.00      0.00
14:05:03         3.20      0.00      0.80      0.80      0.80      0.00      0.00      0.00      0.00      0.00
14:05:08         3.20      0.00      0.80      0.80      0.80      0.00      0.00      0.00      0.00      0.00
14:05:13         3.20      0.00      0.80      0.80      0.80      0.00      0.00      0.00      0.00      0.00
14:05:18         3.20      0.00      0.80      0.80      0.80      0.00      0.00      0.00      0.00      0.00
14:05:23     59472.00  56954.40  15613.40  14868.20  14248.80  21879.60   2913.40  28477.20      0.00      0.00
14:05:28         4.00      0.00      1.00      1.00      1.00      0.00      0.00      0.00      0.00      0.00
14:05:33         4.00      0.00      1.00      1.00      1.00      0.00      0.00      0.00      0.00      0.00
14:05:38         2.40      0.00      0.60      0.60      0.60      0.00      0.00      0.00      0.00      0.00
14:05:43         3.20      0.00      0.80      0.80      0.80      0.00      0.00      0.00      0.00      0.00
14:05:48         3.20      0.00      0.80      0.80      0.80      0.00      0.00      0.00      0.00      0.00
14:05:53         4.00      0.00      1.00      1.00      1.00      0.00      0.00      0.00      0.00      0.00
14:05:58         3.20      0.00      0.80      0.80      0.80      0.00      0.00      0.00      0.00      0.00
14:06:03         3.20      0.00      0.80      0.80      0.80      0.00      0.00      0.00      0.00      0.00
14:06:08         1.60      0.00      0.40      0.40      0.40      0.00      0.00      0.00      0.00      0.00
14:06:13         3.20      0.00      0.80      0.80      0.80      0.00      0.00      0.00      0.00      0.00
14:06:18         2.40      0.00      0.60      0.60      0.60      0.00      0.00      0.00      0.00      0.00
14:06:23         3.20      0.00      0.80      0.80      0.80      0.00      0.00      0.00      0.00      0.00
14:06:28         3.20      0.00      0.80      0.80      0.80      0.00      0.00      0.00      0.00      0.00
14:06:33         0.80      0.00      0.20      0.20      0.20      0.00      0.00      0.00      0.00      0.00
14:06:38    151576.80 150018.40  38525.20  37903.00  37617.00  68664.60  30071.40  75202.40      0.00      0.00
14:06:43         4.80      0.00      6.40      1.40      1.20      0.00      0.00      0.00      0.00      0.00
14:06:48         2.40      0.00      0.60      0.60      0.60      0.00      0.00      0.00      0.00      0.00
14:06:53         4.80      0.00      1.20      1.20      1.20      0.00      0.00      0.00      0.00      0.00
14:06:58         2.40      0.00      0.60      0.60      0.60      0.00      0.00      0.00      0.00      0.00
14:07:03         3.20      0.00      1.00      0.80      0.80      0.00      0.00      0.00      0.00      0.00
14:07:08         4.00      0.00      1.00      1.00      1.00      0.00      0.00      0.00      0.00      0.00
14:07:13         3.20      0.00      0.80      0.80      0.80      0.00      0.00      0.00      0.00      0.00
14:07:18         3.20      0.00      0.80      0.80      0.80      0.00      0.00      0.00      0.00      0.00
14:07:23         1.60      0.00      0.40      0.40      0.40      0.00      0.00      0.00      0.00      0.00
14:07:28         1.60      0.00      0.40      0.40      0.40      0.00      0.00      0.00      0.00      0.00
14:07:33         3.20      0.00      0.80      0.80      0.80      0.00      0.00      0.00      0.00      0.00
14:07:38         2.40      0.00      0.60      0.60      0.60      0.00      0.00      0.00      0.00      0.00
14:07:43         4.00      0.00      1.00      1.00      1.00      0.00      0.00      0.00      0.00      0.00
14:07:48         3.20      0.00      0.80      0.80      0.80      0.00      0.00      0.00      0.00      0.00
14:07:53         4.00      0.00      1.00      1.00      1.00      0.00      0.00      0.00      0.00      0.00
14:07:58         3.20      0.00      0.80      0.80      0.80      0.00      0.00      0.00      0.00      0.00
14:08:03         4.00      0.00      1.00      1.00      1.00      0.00      0.00      0.00      0.00      0.00
14:08:08         4.00      0.00      1.00      1.00      1.00      0.00      0.00      0.00      0.00      0.00
14:08:13         3.20      0.00      0.80      0.80      0.80      0.00      0.00      0.00      0.00      0.00
14:08:18         3.20      0.00      0.80      0.80      0.80      0.00      0.00      0.00      0.00      0.00
14:08:23         3.20      0.00      0.80      0.80      0.80      0.00      0.00      0.00      0.00      0.00
14:08:28         1.60      0.00      0.40      0.40      0.40      0.00      0.00      0.00      0.00      0.00
14:08:33         3.20      0.00      0.80      0.80      0.80      0.00      0.00      0.00      0.00      0.00
14:08:38         3.20      0.00      0.80      0.80      0.80      0.00      0.00      0.00      0.00      0.00
14:08:43         3.20      0.00      0.80      0.80      0.80      0.00      0.00      0.00      0.00      0.00
14:08:48         4.00      0.00      1.00      1.00      1.00      0.00      0.00      0.00      0.00      0.00
14:08:53         3.20      0.00      0.80      0.80      0.80      0.00      0.00      0.00      0.00      0.00
14:08:58         1.60      0.00      0.40      0.40      0.40      0.00      0.00      0.00      0.00      0.00
14:09:03         3.20      0.00      0.80      0.80      0.80      0.00      0.00      0.00      0.00      0.00
14:09:08         3.20      0.00      0.80      0.80      0.80      0.00      0.00      0.00      0.00      0.00
14:09:13         4.00      0.00      1.00      1.00      1.00      0.00      0.00      0.00      0.00      0.00
14:09:18         3.20      0.00      0.80      0.80      0.80      0.00      0.00      0.00      0.00      0.00
14:09:23         3.20      0.00      0.80      0.80      0.80      0.00      0.00      0.00      0.00      0.00
14:09:28         3.20      0.00      0.80      0.80      0.80      0.00      0.00      0.00      0.00      0.00
14:09:33         2.40      0.00      0.60      0.60      0.60      0.00      0.00      0.00      0.00      0.00
14:09:38         3.20      0.00      0.80      0.80      0.80      0.00      0.00      0.00      0.00      0.00
14:09:43         4.00      0.00      1.00      1.00      1.00      0.00      0.00      0.00      0.00      0.00
14:09:48         1.60      0.00      0.40      0.40      0.40      0.00      0.00      0.00      0.00      0.00
14:09:53         3.20      0.00      0.80      0.80      0.80      0.00      0.00      0.00      0.00      0.00
14:09:58         3.20      0.00      0.80      0.80      0.80      0.00      0.00      0.00      0.00      0.00
14:10:03         0.80      0.00      0.20      0.20      0.20      0.00      0.00      0.00      0.00      0.00
14:10:08         4.00      0.00      1.00      1.00      1.00      0.00      0.00      0.00      0.00      0.00
14:10:13         3.20      0.00      0.80      0.80      0.80      0.00      0.00      0.00      0.00      0.00
14:10:18         2.40      0.00      0.60      0.60      0.60      0.00      0.00      0.00      0.00      0.00
14:10:23         3.20      0.00      0.80      0.80      0.80      0.00      0.00      0.00      0.00      0.00
14:10:28         2.40      0.00      0.60      0.60      0.60      0.00      0.00      0.00      0.00      0.00
14:10:33         2.40      0.00      0.60      0.60      0.60      0.00      0.00      0.00      0.00      0.00
14:10:38         4.00      0.00      1.00      1.00      1.00      0.00      0.00      0.00      0.00      0.00
14:10:43         3.20      0.00      0.80      0.80      0.80      0.00      0.00      0.00      0.00      0.00
14:10:48      8688.00   4434.40   2499.80   2172.20   1153.60   1605.80    272.60   2289.40      0.00      0.00
14:10:53    111340.80 118652.80  29116.80  27839.20  29774.80  63168.00  34841.20  59527.80      0.00      0.00
14:10:58         1.60      0.00      0.40      0.40      0.40      0.00      0.00      0.00      0.00      0.00
14:11:03         4.80      0.00      1.20      1.20      1.20      0.00      0.00      0.00      0.00      0.00
14:11:08         1.60      0.00      0.40      0.40      0.40      0.00      0.00      0.00      0.00      0.00
14:11:13         3.20      0.00      0.80      0.80      0.80      0.00      0.00      0.00      0.00      0.00
14:11:18         2.40      0.00      0.60      0.60      0.60      0.00      0.00      0.00      0.00      0.00
14:11:23         4.80      0.00      1.20      1.20      1.20      0.00      0.00      0.00      0.00      0.00
14:11:28     51412.80  50233.60  14126.60  12853.40  12569.20  44810.20  25724.00  25114.80      0.00      0.00
14:11:33         3.20      0.00      0.80      0.80      0.80      0.00      0.00      0.00      0.00      0.00
14:11:38         0.80      0.00      0.20      0.20      0.20      0.00      0.00      0.00      0.00      0.00
14:11:43         4.80      0.00      1.20      1.20      1.00      0.00      0.00      0.00      0.00      0.00
14:11:48         4.00      0.00      1.00      1.00      1.00      0.00      0.00      0.00      0.00      0.00
14:11:53         0.80      0.00      0.20      0.20      0.20      0.00      0.00      0.00      0.00      0.00
14:11:58         4.00      0.00      1.00      1.00      1.00      0.00      0.00      0.00      0.00      0.00
14:12:03         3.20      0.00      0.80      0.80      0.80      0.00      0.00      0.00      0.00      0.00
14:12:08         4.00      0.00      1.00      1.00      1.00      0.00      0.00      0.00      0.00      0.00
14:12:13         0.80      0.00      0.20      0.20      0.20      0.00      0.00      0.00      0.00      0.00
14:12:18         4.00      0.00      1.00      1.00      1.00      0.00      0.00      0.00      0.00      0.00
14:12:23         1.60      0.00      0.40      0.40      0.40      0.00      0.00      0.00      0.00      0.00
14:12:28         2.40      0.00      0.60      0.60      0.60      0.00      0.00      0.00      0.00      0.00
14:12:33         2.40      0.00      0.60      0.60      0.60      0.00      0.00      0.00      0.00      0.00
14:12:38     98703.20  96905.60  24952.20  24684.20  24352.40  41365.40  18966.00  48693.60      0.00      0.00
14:12:43         4.00      0.00     14.20      1.40      1.20      0.00      0.00      0.00      0.00      0.00
14:12:48         4.00      0.00      1.00      1.00      1.00      0.00      0.00      0.00      0.00      0.00
14:12:53         3.20      0.00      0.80      0.80      0.80      0.00      0.00      0.00      0.00      0.00
14:12:58         0.80      0.00      0.20      0.20      0.20      0.00      0.00      0.00      0.00      0.00
14:13:03         4.00      0.00      1.00      1.00      1.00      0.00      0.00      0.00      0.00      0.00
14:13:08         2.40      0.00      0.60      0.60      0.60      0.00      0.00      0.00      0.00      0.00
14:13:13         2.40      0.00      0.60      0.60      0.60      0.00      0.00      0.00      0.00      0.00
14:13:18         3.20      0.00      0.80      0.80      0.80      0.00      0.00      0.00      0.00      0.00
14:13:23         2.40      0.00      0.60      0.60      0.60      0.00      0.00      0.00      0.00      0.00
14:13:28         3.20      0.00      0.80      0.80      0.80      0.00      0.00      0.00      0.00      0.00
14:13:33         2.40      0.00      0.60      0.60      0.60      0.00      0.00      0.00      0.00      0.00
14:13:38         4.00      0.00      1.00      1.00      1.00      0.00      0.00      0.00      0.00      0.00
14:13:43         3.20      0.00      0.80      0.80      0.80      0.00      0.00      0.00      0.00      0.00
14:13:48         4.00      0.00      1.00      1.00      1.00      0.00      0.00      0.00      0.00      0.00
14:13:53         3.20      0.00      0.80      0.80      0.80      0.00      0.00      0.00      0.00      0.00
14:13:58         4.00      0.00      1.00      1.00      1.00      0.00      0.00      0.00      0.00      0.00
14:14:03         3.20      0.00      0.80      0.80      0.80      0.00      0.00      0.00      0.00      0.00
14:14:08         3.20      0.00      0.80      0.80      0.80      0.00      0.00      0.00      0.00      0.00
14:14:13         4.00      0.00      1.00      1.00      1.00      0.00      0.00      0.00      0.00      0.00
14:14:18         1.60      0.00      0.40      0.40      0.40      0.00      0.00      0.00      0.00      0.00
14:14:23         3.20      0.00      0.80      0.80      0.80      0.00      0.00      0.00      0.00      0.00
14:14:28         4.00      0.00      1.00      1.00      1.00      0.00      0.00      0.00      0.00      0.00
14:14:33         3.20      0.00      0.80      0.80      0.80      0.00      0.00      0.00      0.00      0.00
14:14:38         4.00      0.00      1.00      1.00      1.00      0.00      0.00      0.00      0.00      0.00
14:14:43         3.20      0.00      0.80      0.80      0.80      0.00      0.00      0.00      0.00      0.00
14:14:48         4.00      0.00      1.00      1.00      1.00      0.00      0.00      0.00      0.00      0.00
14:14:53         3.20      0.00      0.80      0.80      0.80      0.00      0.00      0.00      0.00      0.00
14:14:58         4.00      0.00      1.00      1.00      1.00      0.00      0.00      0.00      0.00      0.00
14:15:03         2.40      0.00      0.60      0.60      0.60      0.00      0.00      0.00      0.00      0.00
14:15:08         2.40      0.00      0.60      0.60      0.60      0.00      0.00      0.00      0.00      0.00
14:15:13         2.40      0.00      0.60      0.60      0.60      0.00      0.00      0.00      0.00      0.00
14:15:18         2.40      0.00      0.60      0.60      0.60      0.00      0.00      0.00      0.00      0.00
14:15:23         4.00      0.00      1.00      1.00      1.00      0.00      0.00      0.00      0.00      0.00
14:15:28         3.20      0.00      0.80      0.80      0.80      0.00      0.00      0.00      0.00      0.00
14:15:33         3.20      0.00      0.80      0.80      0.80      0.00      0.00      0.00      0.00      0.00
14:15:38         2.40      0.00      0.60      0.60      0.60      0.00      0.00      0.00      0.00      0.00
14:15:43         4.00      0.00      1.00      1.00      1.00      0.00      0.00      0.00      0.00      0.00
14:15:48         4.00      0.00      1.00      1.00      1.00      0.00      0.00      0.00      0.00      0.00
14:15:53         3.20      0.00      0.80      0.80      0.80      0.00      0.00      0.00      0.00      0.00
14:15:58         3.20      0.00      0.80      0.80      0.80      0.00      0.00      0.00      0.00      0.00
14:16:03         2.40      0.00      0.60      0.60      0.60      0.00      0.00      0.00      0.00      0.00
14:16:08         1.60      0.00      0.40      0.40      0.40      0.00      0.00      0.00      0.00      0.00
14:16:13         2.40      0.00      0.60      0.60      0.60      0.00      0.00      0.00      0.00      0.00
14:16:18         0.80      0.00      0.20      0.20      0.20      0.00      0.00      0.00      0.00      0.00
14:16:23         2.40      0.00      0.60      0.60      0.60      0.00      0.00      0.00      0.00      0.00
14:16:28         3.20      0.00      0.80      0.80      0.80      0.00      0.00      0.00      0.00      0.00
14:16:33         1.60      0.00      0.40      0.40      0.40      0.00      0.00      0.00      0.00      0.00
14:16:38         4.00      0.00      1.00      1.00      1.00      0.00      0.00      0.00      0.00      0.00
14:16:43         3.20      0.00      0.80      0.80      0.80      0.00      0.00      0.00      0.00      0.00
14:16:48         3.20      0.00      0.80      0.80      0.80      0.00      0.00      0.00      0.00      0.00
14:16:53    129756.00 132869.60  35641.00  32448.80  33356.00  67782.40  32580.00  66701.60      0.00      0.00
14:16:58         2.40      0.00     11.00      0.60      1.80      0.00      0.00      0.00      0.00      0.00
14:17:03         3.20      0.00      0.80      0.80      0.80      0.00      0.00      0.00      0.00      0.00
14:17:08         3.20      0.00      0.80      0.80      0.80      0.00      0.00      0.00      0.00      0.00
14:17:13         4.00      0.00      1.00      1.00      1.00      0.00      0.00      0.00      0.00      0.00
14:17:18         0.80      0.00      0.20      0.20      0.20      0.00      0.00      0.00      0.00      0.00
14:17:23         2.40      0.00      0.60      0.60      0.60      0.00      0.00      0.00      0.00      0.00
14:17:28     72869.60  73571.20  18699.60  18217.60  18398.40  41831.60  10681.40  36785.20      0.00      0.00
14:17:33         1.60      0.00      0.40      0.40      0.40      0.00      0.00      0.00      0.00      0.00
14:17:38         4.00      0.00      1.00      1.00      1.00      0.00      0.00      0.00      0.00      0.00
14:17:43         3.20      0.00      0.80      0.80      0.80      0.00      0.00      0.00      0.00      0.00
14:17:48         3.20      0.00      0.80      0.80      0.80      0.00      0.00      0.00      0.00      0.00
14:17:53         4.00      0.00      1.00      1.00      1.00      0.00      0.00      0.00      0.00      0.00
14:17:58         3.20      0.00      0.80      0.80      0.80      0.00      0.00      0.00      0.00      0.00
14:18:03         4.00      0.00      1.00      1.00      1.00      0.00      0.00      0.00      0.00      0.00
14:18:08         2.40      0.00      0.60      0.60      0.60      0.00      0.00      0.00      0.00      0.00
14:18:13         4.00      0.00      1.00      1.00      1.00      0.00      0.00      0.00      0.00      0.00
14:18:18         2.40      0.00      0.60      0.60      0.60      0.00      0.00      0.00      0.00      0.00
14:18:23         4.00      0.00      1.00      1.00      1.00      0.00      0.00      0.00      0.00      0.00
14:18:28         2.40      0.00      0.60      0.60      0.60      0.00      0.00      0.00      0.00      0.00
14:18:33         0.80      0.00      0.20      0.20      0.20      0.00      0.00      0.00      0.00      0.00
14:18:38      8322.40   2032.00   2167.40   2080.80    538.20   4851.40   3231.00   1053.20      0.00      0.00
14:18:43     98966.07  98669.06  25137.72  24747.11  25353.49  60758.08  30202.00  50695.41      0.00      0.00
14:18:48        13.63      0.00     32.06      9.22      2.00      0.00      0.00      0.00      0.00      0.00
14:18:53         4.80      0.00      1.20      1.20      1.20      0.00      0.00      0.00      0.00      0.00
14:18:58         2.40      0.00      0.60      0.60      0.60      0.00      0.00      0.00      0.00      0.00
14:19:03         4.00      0.00      1.00      1.00      1.00      0.00      0.00      0.00      0.00      0.00
14:19:08         3.20      0.00      0.80      0.80      0.80      0.00      0.00      0.00      0.00      0.00
14:19:13         4.80      0.00      1.20      1.20      1.20      0.00      0.00      0.00      0.00      0.00
14:19:18         2.40      0.00      0.60      0.60      0.60      0.00      0.00      0.00      0.00      0.00
14:19:23         2.40      0.00      0.60      0.60      0.60      0.00      0.00      0.00      0.00      0.00
14:19:28         4.00      0.00      1.00      1.00      1.00      0.00      0.00      0.00      0.00      0.00
14:19:33         3.20      0.00      0.80      0.80      0.80      0.00      0.00      0.00      0.00      0.00
14:19:38         3.19      0.00      0.80      0.80      0.80      0.00      0.00      0.00      0.00      0.00
14:19:43         3.20      0.00      0.80      0.80      0.80      0.00      0.00      0.00      0.00      0.00
14:19:48         4.00      0.00      1.00      1.00      1.00      0.00      0.00      0.00      0.00      0.00
14:19:53         3.20      0.00      0.80      0.80      0.80      0.00      0.00      0.00      0.00      0.00
14:19:58         3.20      0.00      0.80      0.80      0.80      0.00      0.00      0.00      0.00      0.00
14:20:03         2.40      0.00      0.60      0.60      0.60      0.00      0.00      0.00      0.00      0.00
14:20:08         4.00      0.00      1.00      1.00      1.00      0.00      0.00      0.00      0.00      0.00
14:20:13         4.00      0.00      1.00      1.00      1.00      0.00      0.00      0.00      0.00      0.00
14:20:18         2.40      0.00      0.60      0.60      0.60      0.00      0.00      0.00      0.00      0.00
14:20:23         4.00      0.00      1.00      1.00      1.00      0.00      0.00      0.00      0.00      0.00
14:20:28         3.20      0.00      0.80      0.80      0.80      0.00      0.00      0.00      0.00      0.00
14:20:33         3.20      0.00      0.80      0.80      0.80      0.00      0.00      0.00      0.00      0.00
14:20:38         3.20      0.00      0.80      0.80      0.80      0.00      0.00      0.00      0.00      0.00
14:20:43         2.40      0.00      0.60      0.60      0.60      0.00      0.00      0.00      0.00      0.00
14:20:48         3.20      0.00      0.80      0.80      0.80      0.00      0.00      0.00      0.00      0.00
14:20:53         4.00      0.00      1.00      1.00      1.00      0.00      0.00      0.00      0.00      0.00
14:20:58         4.00      0.00      1.00      1.00      1.00      0.00      0.00      0.00      0.00      0.00
14:21:03         2.40      0.00      0.60      0.60      0.60      0.00      0.00      0.00      0.00      0.00
14:21:08         4.00      0.00      1.00      1.00      1.00      0.00      0.00      0.00      0.00      0.00
14:21:13         2.40      0.00      0.60      0.60      0.60      0.00      0.00      0.00      0.00      0.00
14:21:18         4.00      0.00      1.00      1.00      1.00      0.00      0.00      0.00      0.00      0.00
14:21:23         3.20      0.00      0.80      0.80      0.80      0.00      0.00      0.00      0.00      0.00
14:21:28         3.20      0.00      0.80      0.80      0.80      0.00      0.00      0.00      0.00      0.00
14:21:33         4.00      0.00      1.00      1.00      1.00      0.00      0.00      0.00      0.00      0.00
14:21:38         2.40      0.00      0.60      0.60      0.60      0.00      0.00      0.00      0.00      0.00
14:21:43         4.00      0.00      1.00      1.00      1.00      0.00      0.00      0.00      0.00      0.00
14:21:48         3.20      0.00      0.80      0.80      0.80      0.00      0.00      0.00      0.00      0.00
14:21:53         3.20      0.00      0.80      0.80      0.80      0.00      0.00      0.00      0.00      0.00
14:21:58         4.00      0.00      1.00      1.00      1.00      0.00      0.00      0.00      0.00      0.00
14:22:03         3.20      0.00      0.80      0.80      0.80      0.00      0.00      0.00      0.00      0.00
14:22:08         3.20      0.00      0.80      0.80      0.80      0.00      0.00      0.00      0.00      0.00
14:22:13         1.60      0.00      0.40      0.40      0.40      0.00      0.00      0.00      0.00      0.00
14:22:18         3.20      0.00      0.80      0.80      0.80      0.00      0.00      0.00      0.00      0.00
14:22:23         3.20      0.00      0.80      0.80      0.80      0.00      0.00      0.00      0.00      0.00
14:22:28         3.20      0.00      0.80      0.80      0.80      0.00      0.00      0.00      0.00      0.00
14:22:33         3.20      0.00      0.80      0.80      0.80      0.00      0.00      0.00      0.00      0.00
14:22:38         3.20      0.00      0.80      0.80      0.80      0.00      0.00      0.00      0.00      0.00
14:22:43         4.00      0.00      1.00      1.00      1.00      0.00      0.00      0.00      0.00      0.00
14:22:48         3.20      0.00      0.80      0.80      0.80      0.00      0.00      0.00      0.00      0.00
14:22:53     84434.40  81905.60  22733.60  21108.80  21675.80  26486.80    796.80  43348.40      0.00      0.00
14:22:58         4.00      0.00      1.00      1.00      1.00      0.00      0.00      0.00      0.00      0.00
14:23:03         3.20      0.00      0.80      0.80      0.80      0.00      0.00      0.00      0.00      0.00
14:23:08         1.60      0.00      0.40      0.40      0.40      0.00      0.00      0.00      0.00      0.00
14:23:13         3.20      0.00      0.80      0.80      0.80      0.00      0.00      0.00      0.00      0.00
14:23:18         2.40      0.00      0.60      0.60      0.60      0.00      0.00      0.00      0.00      0.00
14:23:23         3.20      0.00      0.80      0.80      0.80      0.00      0.00      0.00      0.00      0.00
14:23:28     65668.00  66542.40  18734.20  18463.60  17058.00  38758.40  16255.20  34078.60      0.00      0.00
14:23:33    117880.80 121661.60  29968.40  29538.00  30579.20  46200.80  15829.40  61161.40      0.00      0.00
14:23:38         4.80      0.00     16.80      1.60      2.00      0.00      0.00      0.00      0.00      0.00
14:23:43         4.00      0.00      1.00      1.00      1.00      0.00      0.00      0.00      0.00      0.00
14:23:48         3.20      0.00      0.80      0.80      0.80      0.00      0.00      0.00      0.00      0.00
14:23:53         3.20      0.00      0.80      0.80      0.80      0.00      0.00      0.00      0.00      0.00
14:23:58         2.40      0.00      0.60      0.60      0.60      0.00      0.00      0.00      0.00      0.00
14:24:03         4.00      0.00      1.00      1.00      1.00      0.00      0.00      0.00      0.00      0.00
14:24:08         4.00      0.00      1.00      1.00      1.00      0.00      0.00      0.00      0.00      0.00
14:24:13         0.80      0.00      0.20      0.20      0.20      0.00      0.00      0.00      0.00      0.00
14:24:18         2.40      0.00      0.60      0.60      0.60      0.00      0.00      0.00      0.00      0.00
14:24:23         4.00      0.00      1.00      1.00      1.00      0.00      0.00      0.00      0.00      0.00
14:24:28         3.20      0.00      0.80      0.80      0.80      0.00      0.00      0.00      0.00      0.00
14:24:33         3.20      0.00      0.80      0.80      0.80      0.00      0.00      0.00      0.00      0.00
14:24:38         3.20      0.00      0.80      0.80      0.80      0.00      0.00      0.00      0.00      0.00
14:24:43     46841.60  46084.80  12016.20  11710.60  11603.60  15963.40    691.20  22998.40      0.00      0.00
14:24:48         2.40      0.00      0.60      0.60      0.60      0.00      0.00      0.00      0.00      0.00
14:24:53         1.60      0.00      0.40      0.40      0.40      0.00      0.00      0.00      0.00      0.00
14:24:58         3.20      0.00      0.80      0.80      0.80      0.00      0.00      0.00      0.00      0.00
14:25:03         3.20      0.00      0.80      0.80      0.80      0.00      0.00      0.00      0.00      0.00
14:25:08         2.40      0.00      0.60      0.60      0.60      0.00      0.00      0.00      0.00      0.00
14:25:13         4.00      0.00      1.00      1.00      1.00      0.00      0.00      0.00      0.00      0.00
14:25:18         1.60      0.00      0.40      0.40      0.40      0.00      0.00      0.00      0.00      0.00
14:25:23         4.80      0.00      1.20      1.20      1.20      0.00      0.00      0.00      0.00      0.00
14:25:28         1.60      0.00      0.40      0.40      0.40      0.00      0.00      0.00      0.00      0.00
14:25:33         2.40      0.00      0.60      0.60      0.60      0.00      0.00      0.00      0.00      0.00
14:25:38         0.00      0.00      0.00      0.00      0.00      0.00      0.00      0.00      0.00      0.00
14:25:43         2.40      0.00      0.60      0.60      0.60      0.00      0.00      0.00      0.00      0.00
14:25:48         3.20      0.00      0.80      0.80      0.80      0.00      0.00      0.00      0.00      0.00
14:25:53         2.40      0.00      0.60      0.60      0.60      0.00      0.00      0.00      0.00      0.00
14:25:58         2.40      0.00      0.60      0.60      0.60      0.00      0.00      0.00      0.00      0.00
14:26:03         2.40      0.00      0.60      0.60      0.60      0.00      0.00      0.00      0.00      0.00
14:26:08         3.20      0.00      0.80      0.80      0.80      0.00      0.00      0.00      0.00      0.00
14:26:13         3.20      0.00      0.80      0.80      0.80      0.00      0.00      0.00      0.00      0.00
14:26:18         4.00      0.00      1.00      1.00      1.00      0.00      0.00      0.00      0.00      0.00
14:26:23         2.40      0.00      0.60      0.60      0.60      0.00      0.00      0.00      0.00      0.00
14:26:28         1.60      0.00      0.40      0.40      0.40      0.00      0.00      0.00      0.00      0.00
14:26:33         4.80      0.00      1.20      1.20      1.20      0.00      0.00      0.00      0.00      0.00
14:26:38         3.20      0.00      0.80      0.80      0.80      0.00      0.00      0.00      0.00      0.00
14:26:43         3.20      0.00      0.80      0.80      0.80      0.00      0.00      0.00      0.00      0.00
14:26:48         2.40      0.00      0.60      0.60      0.60      0.00      0.00      0.00      0.00      0.00
14:26:53         4.00      0.00      1.00      1.00      1.00      0.00      0.00      0.00      0.00      0.00
14:26:58         2.40      0.00      0.60      0.60      0.60      0.00      0.00      0.00      0.00      0.00
14:27:03         2.40      0.00      0.60      0.60      0.60      0.00      0.00      0.00      0.00      0.00
14:27:08         3.20      0.00      0.80      0.80      0.80      0.00      0.00      0.00      0.00      0.00
14:27:13         3.20      0.00      0.80      0.80      0.80      0.00      0.00      0.00      0.00      0.00
14:27:18         3.20      0.00      0.80      0.80      0.80      0.00      0.00      0.00      0.00      0.00
14:27:23         3.20      0.00      0.80      0.80      0.80      0.00      0.00      0.00      0.00      0.00
14:27:28         2.40      0.00      0.60      0.60      0.60      0.00      0.00      0.00      0.00      0.00
14:27:33         1.60      0.00      0.40      0.40      0.40      0.00      0.00      0.00      0.00      0.00
14:27:38         1.60      0.00      0.40      0.40      0.40      0.00      0.00      0.00      0.00      0.00
14:27:43         2.40      0.00      0.60      0.60      0.60      0.00      0.00      0.00      0.00      0.00
14:27:48         0.80      0.00      0.20      0.20      0.20      0.00      0.00      0.00      0.00      0.00
14:27:53         2.40      0.00      0.60      0.60      0.60      0.00      0.00      0.00      0.00      0.00
14:27:58         1.60      0.00      0.40      0.40      0.40      0.00      0.00      0.00      0.00      0.00
14:28:03         2.40      0.00      0.60      0.60      0.60      0.00      0.00      0.00      0.00      0.00
14:28:08         2.40      0.00      0.60      0.60      0.60      0.00      0.00      0.00      0.00      0.00
14:28:13         2.40      0.00      0.60      0.60      0.60      0.00      0.00      0.00      0.00      0.00
14:28:18         2.40      0.00      0.60      0.60      0.60      0.00      0.00      0.00      0.00      0.00
14:28:23         3.20      0.00      0.80      0.80      0.80      0.00      0.00      0.00      0.00      0.00
14:28:28         3.20      0.00      0.80      0.80      0.80      0.00      0.00      0.00      0.00      0.00
14:28:33         3.20      0.00      0.80      0.80      0.80      0.00      0.00      0.00      0.00      0.00
14:28:38         4.00      0.00      1.00      1.00      1.00      0.00      0.00      0.00      0.00      0.00
14:28:43         3.20      0.00      0.80      0.80      0.80      0.00      0.00      0.00      0.00      0.00
14:28:48         4.00      0.00      1.00      1.00      1.00      0.00      0.00      0.00      0.00      0.00
14:28:53     26749.60  27842.40   7020.80   6688.00   6958.80  17492.40   5764.40  13913.20      0.00      0.00
14:28:58    247371.20 254756.80  64122.80  61849.40  63834.80 130117.20  49675.60 127653.20      0.00      0.00
14:29:03         4.80      0.00     17.20      1.80      1.40      0.00      0.00      0.00      0.00      0.00
14:29:08         2.40      0.00      0.60      0.60      0.60      0.00      0.00      0.00      0.00      0.00
14:29:13         3.99      0.00      1.00      1.00      1.00      0.00      0.00      0.00      0.00      0.00
14:29:18         3.20      0.00      0.80      0.80      0.80      0.00      0.00      0.00      0.00      0.00
14:29:23         4.00      0.00      1.00      1.00      1.00      0.00      0.00      0.00      0.00      0.00
14:29:28         3.20      0.00      0.80      0.80      0.80      0.00      0.00      0.00      0.00      0.00
14:29:33     95909.60  91061.60  24555.40  23977.60  22769.00  42361.40   9712.00  45530.80      0.00      0.00
14:29:38         3.20      0.00      0.80      0.80      0.80      0.00      0.00      0.00      0.00      0.00
14:29:43         1.60      0.00      0.40      0.40      0.40      0.00      0.00      0.00      0.00      0.00
14:29:48         2.40      0.00      0.60      0.60      0.60      0.00      0.00      0.00      0.00      0.00
14:29:53         4.00      0.00      1.00      1.00      1.00      0.00      0.00      0.00      0.00      0.00
14:29:58         3.20      0.00      0.80      0.80      0.80      0.00      0.00      0.00      0.00      0.00
14:30:03         3.20      0.00      0.80      0.80      0.80      0.00      0.00      0.00      0.00      0.00
14:30:08         3.20      0.00      0.80      0.80      0.80      0.00      0.00      0.00      0.00      0.00
14:30:13         1.60      0.00      0.40      0.40      0.40      0.00      0.00      0.00      0.00      0.00
14:30:18         0.80      0.00      0.20      0.20      0.20      0.00      0.00      0.00      0.00      0.00
14:30:23         2.40      0.00      0.60      0.60      0.60      0.00      0.00      0.00      0.00      0.00
14:30:28         3.20      0.00      0.80      0.80      0.80      0.00      0.00      0.00      0.00      0.00
14:30:33         3.20      0.00      0.80      0.80      0.80      0.00      0.00      0.00      0.00      0.00
14:30:38         3.20      0.00      0.80      0.80      0.80      0.00      0.00      0.00      0.00      0.00
14:30:43    152812.80 151259.20  38447.40  38203.40  37891.80  86381.40  34186.80  75745.20      0.00      0.00
14:30:48         2.40      0.00      1.60      0.60      0.60      0.00      0.00     13.60      0.00      0.00
14:30:53         3.20      0.00      0.80      0.80      0.80      0.00      0.00      0.00      0.00      0.00
14:30:58         3.20      0.00      0.80      0.80      0.80      0.00      0.00      0.00      0.00      0.00
14:31:03         2.40      0.00      0.60      0.60      0.60      0.00      0.00      0.00      0.00      0.00
14:31:08         3.20      0.00      0.80      0.80      0.80      0.00      0.00      0.00      0.00      0.00
14:31:13         3.20      0.00      0.80      0.80      0.80      0.00      0.00      0.00      0.00      0.00
14:31:18         3.20      0.00      0.80      0.80      0.80      0.00      0.00      0.00      0.00      0.00
14:31:23         4.00      0.00      1.00      1.00      1.00      0.00      0.00      0.00      0.00      0.00
14:31:28         3.20      0.00      0.80      0.80      0.80      0.00      0.00      0.00      0.00      0.00
14:31:33         2.40      0.00      0.60      0.60      0.60      0.00      0.00      0.00      0.00      0.00
14:31:38         3.20      0.00      0.80      0.80      0.80      0.00      0.00      0.00      0.00      0.00
14:31:43         3.20      0.00      0.80      0.80      0.80      0.00      0.00      0.00      0.00      0.00
14:31:48         4.00      0.00      1.00      1.00      1.00      0.00      0.00      0.00      0.00      0.00
14:31:53         3.20      0.00      0.80      0.80      0.80      0.00      0.00      0.00      0.00      0.00
14:31:58         3.20      0.00      0.80      0.80      0.80      0.00      0.00      0.00      0.00      0.00
14:32:03         4.00      0.00      1.00      1.00      1.00      0.00      0.00      0.00      0.00      0.00
14:32:08         2.40      0.00      0.60      0.60      0.60      0.00      0.00      0.00      0.00      0.00
14:32:13         4.80      0.00      1.20      1.20      1.20      0.00      0.00      0.00      0.00      0.00
14:32:18         3.20      0.00      0.80      0.80      0.80      0.00      0.00      0.00      0.00      0.00
14:32:23         2.40      0.00      0.60      0.60      0.60      0.00      0.00      0.00      0.00      0.00
14:32:28         4.00      0.00      1.00      1.00      1.00      0.00      0.00      0.00      0.00      0.00
14:32:33         0.80      0.00      0.20      0.20      0.20      0.00      0.00      0.00      0.00      0.00
14:32:38         2.40      0.00      0.60      0.60      0.60      0.00      0.00      0.00      0.00      0.00
14:32:43         3.20      0.00      0.80      0.80      0.80      0.00      0.00      0.00      0.00      0.00
14:32:48         4.00      0.00      1.00      1.00      1.00      0.00      0.00      0.00      0.00      0.00
14:32:53         2.40      0.00      0.60      0.60      0.60      0.00      0.00      0.00      0.00      0.00
14:32:58         3.20      0.00      0.80      0.80      0.80      0.00      0.00      0.00      0.00      0.00
14:33:03         0.80      0.00      0.20      0.20      0.20      0.00      0.00      0.00      0.00      0.00
14:33:08         3.20      0.00      0.80      0.80      0.80      0.00      0.00      0.00      0.00      0.00
14:33:13         4.00      0.00      1.00      1.00      1.00      0.00      0.00      0.00      0.00      0.00
14:33:18         3.20      0.00      0.80      0.80      0.80      0.00      0.00      0.00      0.00      0.00
14:33:23         3.20      0.00      0.80      0.80      0.80      0.00      0.00      0.00      0.00      0.00
14:33:28         4.00      0.00      1.00      1.00      1.00      0.00      0.00      0.00      0.00      0.00
14:33:33         3.20      0.00      0.80      0.80      0.80      0.00      0.00      0.00      0.00      0.00
14:33:38         3.20      0.00      0.80      0.80      0.80      0.00      0.00      0.00      0.00      0.00
14:33:43         2.40      0.00      0.60      0.60      0.60      0.00      0.00      0.00      0.00      0.00
14:33:48         4.00      0.00      1.00      1.00      1.00      0.00      0.00      0.00      0.00      0.00
14:33:53         3.20      0.00      0.80      0.80      0.80      0.00      0.00      0.00      0.00      0.00
14:33:58         2.40      0.00      0.60      0.60      0.60      0.00      0.00      0.00      0.00      0.00
14:34:03         4.00      0.00      1.00      1.00      1.00      0.00      0.00      0.00      0.00      0.00
14:34:08         3.20      0.00      0.80      0.80      0.80      0.00      0.00      0.00      0.00      0.00
14:34:13         3.20      0.00      0.80      0.80      0.80      0.00      0.00      0.00      0.00      0.00
14:34:18         3.20      0.00      0.80      0.80      0.80      0.00      0.00      0.00      0.00      0.00
14:34:23         3.20      0.00      0.80      0.80      0.80      0.00      0.00      0.00      0.00      0.00
14:34:28         3.20      0.00      0.80      0.80      0.80      0.00      0.00      0.00      0.00      0.00
14:34:33         2.40      0.00      0.60      0.60      0.60      0.00      0.00      0.00      0.00      0.00
14:34:38         3.20      0.00      0.80      0.80      0.80      0.00      0.00      0.00      0.00      0.00
Average:      6454.28   6574.33   2825.40   1616.65   1653.38   2963.91   1225.06   3302.94      0.00      0.00
