Linux 7.2.0-rc5-virtme (virtme-ng) 	07/31/26 	_x86_64_	(12 CPU)

13:34:37     %smem-10  %smem-60 %smem-300     %smem  %fmem-10  %fmem-60 %fmem-300     %fmem
13:34:42         0.00      0.00      0.00      0.00      0.00      0.00      0.00      0.00
13:34:47         0.00      0.00      0.00      0.00      0.00      0.00      0.00      0.00
13:34:52         0.00      0.00      0.00      0.00      0.00      0.00      0.00      0.00
13:34:57         0.00      0.00      0.00      0.00      0.00      0.00      0.00      0.00
13:35:02         0.00      0.00      0.00      0.00      0.00      0.00      0.00      0.00
13:35:07         0.00      0.00      0.00      0.00      0.00      0.00      0.00      0.00
13:35:12         0.00      0.00      0.00      0.00      0.00      0.00      0.00      0.00
13:35:17         0.00      0.00      0.00      0.00      0.00      0.00      0.00      0.00
13:35:22         0.00      0.00      0.00      0.00      0.00      0.00      0.00      0.00
13:35:27         0.00      0.00      0.00      0.00      0.00      0.00      0.00      0.00
13:35:32         0.00      0.00      0.00      0.00      0.00      0.00      0.00      0.00
13:35:37         0.00      0.00      0.00      0.00      0.00      0.00      0.00      0.00
13:35:42         0.00      0.00      0.00      0.00      0.00      0.00      0.00      0.00
13:35:47         0.00      0.00      0.00      0.00      0.00      0.00      0.00      0.00
13:35:52         0.00      0.00      0.00      0.00      0.00      0.00      0.00      0.00
13:35:57         0.00      0.00      0.00      0.00      0.00      0.00      0.00      0.00
13:36:02         0.00      0.00      0.00      0.00      0.00      0.00      0.00      0.00
13:36:07         0.00      0.00      0.00      0.00      0.00      0.00      0.00      0.00
13:36:12         0.00      0.00      0.00      0.00      0.00      0.00      0.00      0.00
13:36:17         0.00      0.00      0.00      0.00      0.00      0.00      0.00      0.00
13:36:22         0.00      0.00      0.00      0.00      0.00      0.00      0.00      0.00
13:36:27         0.00      0.00      0.00      0.00      0.00      0.00      0.00      0.00
13:36:32         4.94      1.01      0.21     13.06      4.94      1.01      0.21     13.06
13:36:37         2.71      0.92      0.21      0.00      2.71      0.92      0.21      0.00
13:36:42         1.81      0.86      0.20      0.00      1.81      0.86      0.20      0.00
13:36:47         0.99      0.77      0.20      0.00      0.99      0.77      0.20      0.00
13:36:52         0.66      0.72      0.20      0.00      0.66      0.72      0.20      0.00
13:36:57         0.36      0.65      0.19      0.00      0.36      0.65      0.19      0.00
13:37:02         0.24      0.61      0.19      0.00      0.24      0.61      0.19      0.00
13:37:07         0.13      0.55      0.19      0.00      0.13      0.55      0.19      0.00
13:37:12         0.08      0.52      0.18      0.00      0.08      0.52      0.18      0.00
13:37:17         0.04      0.47      0.18      0.00      0.04      0.47      0.18      0.00
13:37:22         0.03      0.43      0.18      0.00      0.03      0.43      0.18      0.00
13:37:27         0.01      0.39      0.17      0.00      0.01      0.39      0.17      0.00
13:37:32         0.01      0.37      0.17      0.00      0.01      0.37      0.17      0.00
13:37:37         0.00      0.33      0.16      0.00      0.00      0.33      0.16      0.00
13:37:42         0.00      0.31      0.16      0.00      0.00      0.31      0.16      0.00
13:37:47         0.00      0.28      0.16      0.00      0.00      0.28      0.16      0.00
13:37:52         0.00      0.26      0.15      0.00      0.00      0.26      0.15      0.00
13:37:57         0.00      0.23      0.15      0.00      0.00      0.23      0.15      0.00
13:38:02         0.00      0.22      0.15      0.00      0.00      0.22      0.15      0.00
13:38:07         0.00      0.20      0.14      0.00      0.00      0.20      0.14      0.00
13:38:12         0.00      0.18      0.14      0.00      0.00      0.18      0.14      0.00
13:38:17         0.00      0.16      0.14      0.00      0.00      0.16      0.14      0.00
13:38:22         0.00      0.15      0.13      0.00      0.00      0.15      0.13      0.00
13:38:27         0.00      0.14      0.13      0.00      0.00      0.14      0.13      0.00
13:38:32         0.00      0.13      0.13      0.00      0.00      0.13      0.13      0.00
13:38:37         0.00      0.11      0.13      0.00      0.00      0.11      0.13      0.00
13:38:42         0.00      0.11      0.12      0.00      0.00      0.11      0.12      0.00
13:38:47         0.00      0.10      0.12      0.00      0.00      0.10      0.12      0.00
13:38:52         0.00      0.09      0.12      0.00      0.00      0.09      0.12      0.00
13:38:57         0.00      0.08      0.12      0.00      0.00      0.08      0.12      0.00
13:39:02         0.00      0.07      0.11      0.00      0.00      0.07      0.11      0.00
13:39:07         0.00      0.06      0.11      0.00      0.00      0.06      0.11      0.00
13:39:12         0.00      0.06      0.11      0.00      0.00      0.06      0.11      0.00
13:39:17         0.00      0.05      0.11      0.00      0.00      0.05      0.11      0.00
13:39:22         0.00      0.05      0.10      0.00      0.00      0.05      0.10      0.00
13:39:27         0.00      0.04      0.10      0.00      0.00      0.04      0.10      0.00
13:39:32         0.00      0.04      0.10      0.00      0.00      0.04      0.10      0.00
13:39:37         0.00      0.03      0.10      0.00      0.00      0.03      0.10      0.00
13:39:42         0.00      0.03      0.09      0.00      0.00      0.03      0.09      0.00
13:39:47         0.00      0.03      0.09      0.00      0.00      0.03      0.09      0.00
13:39:52         0.00      0.02      0.09      0.00      0.00      0.02      0.09      0.00
13:39:57         0.00      0.02      0.09      0.00      0.00      0.02      0.09      0.00
13:40:02         0.00      0.02      0.08      0.00      0.00      0.02      0.08      0.00
13:40:07         0.00      0.02      0.08      0.00      0.00      0.02      0.08      0.00
13:40:12         0.00      0.01      0.08      0.00      0.00      0.01      0.08      0.00
13:40:17         0.00      0.01      0.08      0.00      0.00      0.01      0.08      0.00
13:40:22         0.00      0.01      0.07      0.00      0.00      0.01      0.07      0.00
13:40:27         0.00      0.01      0.07      0.00      0.00      0.01      0.07      0.00
13:40:32         0.00      0.01      0.07      0.00      0.00      0.01      0.07      0.00
13:40:37         0.00      0.01      0.07      0.00      0.00      0.01      0.07      0.00
13:40:42         3.80      0.69      0.21      8.71      3.80      0.69      0.21      8.71
13:40:47         2.08      0.63      0.20      0.00      2.08      0.63      0.20      0.00
13:40:52         1.39      0.58      0.20      0.00      1.39      0.58      0.20      0.00
13:40:57         0.76      0.53      0.20      0.00      0.76      0.53      0.20      0.00
13:41:02         0.51      0.49      0.19      0.00      0.51      0.49      0.19      0.00
13:41:07         0.28      0.44      0.19      0.00      0.28      0.44      0.19      0.00
13:41:12         0.18      0.41      0.19      0.00      0.18      0.41      0.19      0.00
13:41:17         8.61      1.91      0.50     22.66      8.61      1.91      0.50     22.66
13:41:22         7.85      2.23      0.59      2.68      7.85      2.23      0.59      2.68
13:41:27         4.31      2.02      0.58      0.00      4.31      2.02      0.58      0.00
13:41:32         2.89      1.89      0.57      0.00      2.89      1.89      0.57      0.00
13:41:37         1.58      1.71      0.56      0.00      1.58      1.71      0.56      0.00
13:41:42         1.06      1.60      0.55      0.00      1.06      1.60      0.55      0.00
13:41:47         0.58      1.44      0.54      0.00      0.58      1.44      0.54      0.00
13:41:52         0.39      1.35      0.53      0.00      0.39      1.35      0.53      0.00
13:41:57         0.21      1.22      0.52      0.00      0.21      1.22      0.52      0.00
13:42:02         0.14      1.14      0.51      0.00      0.14      1.14      0.51      0.00
13:42:07         0.07      1.03      0.50      0.00      0.07      1.03      0.50      0.00
13:42:12         0.05      0.97      0.49      0.00      0.05      0.97      0.49      0.00
13:42:17         0.02      0.87      0.48      0.00      0.02      0.87      0.48      0.00
13:42:22         0.01      0.82      0.47      0.00      0.01      0.82      0.47      0.00
13:42:27         0.00      0.74      0.46      0.00      0.00      0.74      0.46      0.00
13:42:32        18.91      4.42      1.25     46.27     18.91      4.42      1.25     46.26
13:42:37        10.38      4.00      1.22      0.00     10.38      4.00      1.22      0.00
13:42:42         6.96      3.74      1.20      0.00      6.96      3.74      1.20      0.00
13:42:47         3.82      3.38      1.18      0.00      3.82      3.38      1.18      0.00
13:42:52         2.56      3.16      1.16      0.00      2.56      3.16      1.16      0.00
13:42:57         1.40      2.86      1.14      0.00      1.40      2.86      1.14      0.00
13:43:02         0.94      2.68      1.12      0.00      0.94      2.68      1.12      0.00
13:43:07         0.51      2.42      1.10      0.00      0.51      2.42      1.10      0.00
13:43:12         0.34      2.26      1.08      0.00      0.34      2.26      1.08      0.00
13:43:17         0.18      2.05      1.06      0.00      0.18      2.05      1.06      0.00
13:43:23         0.12      1.91      1.04      0.00      0.12      1.91      1.04      0.00
13:43:28         0.06      1.73      1.02      0.00      0.06      1.73      1.02      0.00
13:43:33         0.04      1.62      1.01      0.00      0.04      1.62      1.01      0.00
13:43:38         0.02      1.46      0.99      0.00      0.02      1.46      0.99      0.00
13:43:43         0.01      1.37      0.97      0.00      0.01      1.37      0.97      0.00
13:43:48         0.00      1.24      0.95      0.00      0.00      1.24      0.95      0.00
13:43:53         0.00      1.16      0.94      0.00      0.00      1.16      0.94      0.00
13:43:58         0.00      1.05      0.92      0.00      0.00      1.05      0.92      0.00
13:44:03         0.00      0.98      0.91      0.00      0.00      0.98      0.91      0.00
13:44:08         0.00      0.88      0.89      0.00      0.00      0.88      0.89      0.00
13:44:13         0.00      0.83      0.87      0.00      0.00      0.83      0.87      0.00
13:44:18         0.00      0.75      0.85      0.00      0.00      0.75      0.85      0.00
13:44:23         0.00      0.70      0.84      0.00      0.00      0.70      0.84      0.00
13:44:28         0.00      0.63      0.83      0.00      0.00      0.63      0.83      0.00
13:44:33         0.00      0.59      0.81      0.00      0.00      0.59      0.81      0.00
13:44:38         0.00      0.53      0.80      0.00      0.00      0.53      0.80      0.00
13:44:43         0.00      0.50      0.78      0.00      0.00      0.50      0.78      0.00
13:44:48         0.00      0.45      0.77      0.00      0.00      0.45      0.77      0.00
13:44:53         0.00      0.42      0.76      0.00      0.00      0.42      0.76      0.00
13:44:58         0.00      0.38      0.74      0.00      0.00      0.38      0.74      0.00
13:45:03         0.00      0.35      0.73      0.00      0.00      0.35      0.73      0.00
13:45:08         0.00      0.32      0.71      0.00      0.00      0.32      0.71      0.00
13:45:13         0.00      0.30      0.70      0.00      0.00      0.30      0.70      0.00
13:45:18         0.00      0.27      0.69      0.00      0.00      0.27      0.69      0.00
13:45:23         0.00      0.25      0.68      0.00      0.00      0.25      0.68      0.00
13:45:28         0.00      0.22      0.66      0.00      0.00      0.22      0.66      0.00
13:45:33         0.00      0.21      0.65      0.00      0.00      0.21      0.65      0.00
13:45:38         0.00      0.19      0.64      0.00      0.00      0.19      0.64      0.00
13:45:43         0.00      0.18      0.63      0.00      0.00      0.18      0.63      0.00
13:45:48         0.00      0.16      0.62      0.00      0.00      0.16      0.62      0.00
13:45:53         0.00      0.15      0.61      0.00      0.00      0.15      0.61      0.00
13:45:58         0.00      0.13      0.60      0.00      0.00      0.13      0.60      0.00
13:46:03         0.00      0.12      0.59      0.00      0.00      0.12      0.59      0.00
13:46:08         0.00      0.11      0.57      0.00      0.00      0.11      0.57      0.00
13:46:13         0.00      0.10      0.56      0.00      0.00      0.10      0.56      0.00
13:46:18         0.00      0.09      0.55      0.00      0.00      0.09      0.55      0.00
13:46:23         0.00      0.08      0.55      0.00      0.00      0.08      0.55      0.00
13:46:28         0.00      0.08      0.53      0.00      0.00      0.08      0.53      0.00
13:46:33         0.00      0.07      0.53      0.00      0.00      0.07      0.53      0.00
13:46:38         0.00      0.06      0.51      0.00      0.00      0.06      0.51      0.00
13:46:43         0.00      0.06      0.51      0.09      0.00      0.06      0.51      0.09
13:46:48         0.00      0.05      0.49      0.00      0.00      0.05      0.49      0.00
13:46:53         0.00      0.05      0.49      0.00      0.00      0.05      0.49      0.00
13:46:58         0.00      0.04      0.48      0.00      0.00      0.04      0.48      0.00
13:47:03         0.00      0.04      0.47      0.00      0.00      0.04      0.47      0.00
13:47:08         0.00      0.03      0.46      0.00      0.00      0.03      0.46      0.00
13:47:13         0.00      0.03      0.45      0.00      0.00      0.03      0.45      0.00
13:47:18         2.53      0.48      0.54      8.33      2.53      0.48      0.54      8.33
13:47:23        12.84      2.80      1.04     28.05     12.84      2.80      1.04     28.05
13:47:28         7.04      2.53      1.01      0.00      7.04      2.53      1.01      0.00
13:47:33         4.72      2.37      1.00      0.00      4.72      2.37      1.00      0.00
13:47:38         2.59      2.14      0.98      0.00      2.59      2.14      0.98      0.00
13:47:43         1.73      2.01      0.96      0.00      1.73      2.01      0.96      0.00
13:47:48         0.95      1.81      0.94      0.00      0.95      1.81      0.94      0.00
13:47:53         0.63      1.70      0.93      0.00      0.63      1.70      0.93      0.00
13:47:58         0.35      1.53      0.91      0.00      0.35      1.53      0.91      0.00
13:48:03         0.23      1.43      0.90      0.00      0.23      1.43      0.90      0.00
13:48:08         0.12      1.30      0.88      0.00      0.12      1.30      0.88      0.00
13:48:13         0.08      1.21      0.87      0.00      0.08      1.21      0.87      0.00
13:48:18         0.04      1.10      0.85      0.00      0.04      1.10      0.85      0.00
13:48:23         0.03      1.02      0.83      0.00      0.03      1.02      0.83      0.00
13:48:28         0.01      0.93      0.82      0.00      0.01      0.93      0.82      0.00
13:48:33         3.99      1.59      0.96      8.81      3.99      1.59      0.96      8.81
13:48:38         2.19      1.43      0.94      0.00      2.19      1.43      0.94      0.00
13:48:43         1.47      1.34      0.92      0.00      1.47      1.34      0.92      0.00
13:48:48         0.80      1.21      0.90      0.00      0.80      1.21      0.90      0.00
13:48:53         0.54      1.13      0.89      0.00      0.54      1.13      0.89      0.00
13:48:58         0.29      1.02      0.87      0.00      0.29      1.02      0.87      0.00
13:49:03         0.19      0.96      0.86      0.00      0.19      0.96      0.86      0.00
13:49:08         0.10      0.87      0.84      0.00      0.10      0.87      0.84      0.00
13:49:13         0.07      0.81      0.83      0.00      0.07      0.81      0.83      0.00
13:49:18         0.03      0.73      0.81      0.00      0.03      0.73      0.81      0.00
13:49:23         0.02      0.68      0.80      0.00      0.02      0.68      0.80      0.00
13:49:28         0.01      0.62      0.78      0.00      0.01      0.62      0.78      0.00
13:49:33         0.00      0.58      0.77      0.00      0.00      0.58      0.77      0.00
13:49:38         0.00      0.52      0.75      0.00      0.00      0.52      0.75      0.00
13:49:43         0.00      0.49      0.74      0.00      0.00      0.49      0.74      0.00
13:49:48         0.00      0.44      0.73      0.00      0.00      0.44      0.73      0.00
13:49:53         0.00      0.41      0.72      0.00      0.00      0.41      0.72      0.00
13:49:58         0.00      0.37      0.70      0.00      0.00      0.37      0.70      0.00
13:50:03         0.00      0.35      0.69      0.00      0.00      0.35      0.69      0.00
13:50:08         0.00      0.31      0.68      0.00      0.00      0.31      0.68      0.00
13:50:13         0.00      0.29      0.67      0.00      0.00      0.29      0.67      0.00
13:50:18         0.00      0.26      0.65      0.00      0.00      0.26      0.65      0.00
13:50:23         0.00      0.24      0.64      0.00      0.00      0.24      0.64      0.00
13:50:28         0.00      0.22      0.63      0.00      0.00      0.22      0.63      0.00
13:50:33         0.00      0.20      0.62      0.00      0.00      0.20      0.62      0.00
13:50:38         0.00      0.18      0.61      0.00      0.00      0.18      0.61      0.00
13:50:43         0.00      0.17      0.60      0.00      0.00      0.17      0.60      0.00
13:50:48         0.00      0.15      0.58      0.00      0.00      0.15      0.58      0.00
13:50:53         0.00      0.14      0.58      0.00      0.00      0.14      0.58      0.00
13:50:58         0.00      0.13      0.56      0.00      0.00      0.13      0.56      0.00
13:51:03         0.00      0.12      0.56      0.00      0.00      0.12      0.56      0.00
13:51:08         0.00      0.11      0.54      0.00      0.00      0.11      0.54      0.00
13:51:13         0.00      0.10      0.54      0.00      0.00      0.10      0.54      0.00
13:51:18         0.00      0.09      0.52      0.00      0.00      0.09      0.52      0.00
13:51:23         0.00      0.08      0.52      0.00      0.00      0.08      0.52      0.00
13:51:28         0.00      0.07      0.50      0.00      0.00      0.07      0.50      0.00
13:51:33         0.00      0.07      0.50      0.00      0.00      0.07      0.50      0.00
13:51:38         0.00      0.06      0.49      0.00      0.00      0.06      0.49      0.00
13:51:43         0.00      0.06      0.48      0.00      0.00      0.06      0.48      0.00
13:51:48         0.00      0.05      0.47      0.00      0.00      0.05      0.47      0.00
13:51:53         0.00      0.04      0.46      0.00      0.00      0.04      0.46      0.00
13:51:58         0.00      0.04      0.45      0.00      0.00      0.04      0.45      0.00
13:52:03         0.00      0.04      0.44      0.00      0.00      0.04      0.44      0.00
13:52:08         0.00      0.03      0.43      0.00      0.00      0.03      0.43      0.00
13:52:13         0.00      0.03      0.43      0.00      0.00      0.03      0.43      0.00
13:52:18         0.00      0.02      0.42      0.00      0.00      0.02      0.42      0.00
13:52:23         0.00      0.02      0.41      0.00      0.00      0.02      0.41      0.00
13:52:28         0.00      0.02      0.40      0.00      0.00      0.02      0.40      0.00
13:52:33         0.00      0.02      0.40      0.00      0.00      0.02      0.40      0.00
13:52:38         0.00      0.02      0.39      0.00      0.00      0.02      0.39      0.00
13:52:43         0.00      0.01      0.38      0.05      0.00      0.01      0.38      0.05
13:52:48        13.93      2.66      0.94     54.61     13.93      2.66      0.94     54.61
13:52:53        21.60      5.65      1.62     20.68     21.60      5.65      1.62     20.68
13:52:58        14.48      5.28      1.60      0.00     14.48      5.28      1.60      0.00
13:53:03         7.95      4.78      1.57      0.00      7.95      4.78      1.57      0.00
13:53:08         5.33      4.47      1.54      0.00      5.33      4.47      1.54      0.00
13:53:13         2.92      4.04      1.51      0.00      2.92      4.04      1.51      0.00
13:53:18         1.96      3.78      1.49      0.00      1.96      3.78      1.49      0.00
13:53:23        16.06      6.22      2.05     41.46     16.06      6.22      2.05     41.46
13:53:28        13.29      6.36      2.13      0.00     13.29      6.36      2.13      0.00
13:53:33         7.29      5.75      2.09      0.00      7.29      5.75      2.09      0.00
13:53:38         4.89      5.38      2.06      0.00      4.89      5.38      2.06      0.00
13:53:43         2.68      4.87      2.02      0.00      2.68      4.87      2.02      0.00
13:53:48         1.80      4.55      1.99      0.00      1.80      4.55      1.99      0.00
13:53:53         0.98      4.12      1.95      0.00      0.98      4.12      1.95      0.00
13:53:58         0.66      3.85      1.92      0.00      0.66      3.85      1.92      0.00
13:54:03         0.36      3.49      1.88      0.00      0.36      3.49      1.88      0.00
13:54:08         0.24      3.26      1.86      0.00      0.24      3.26      1.86      0.00
13:54:13         0.13      2.95      1.82      0.00      0.13      2.95      1.82      0.00
13:54:18         0.08      2.76      1.79      0.00      0.08      2.76      1.79      0.00
13:54:23         0.04      2.50      1.76      0.00      0.04      2.50      1.76      0.00
13:54:28         0.03      2.34      1.73      0.00      0.03      2.34      1.73      0.00
13:54:33         2.55      2.57      1.79     15.17      2.55      2.57      1.79     15.17
13:54:38         5.12      3.13      1.92      0.00      5.12      3.13      1.92      0.00
13:54:43         2.81      2.83      1.88      0.00      2.81      2.83      1.88      0.00
13:54:48         1.88      2.65      1.86      0.00      1.88      2.65      1.86      0.00
13:54:53         1.03      2.40      1.82      0.00      1.03      2.40      1.82      0.00
13:54:58         0.69      2.24      1.79      0.00      0.69      2.24      1.79      0.00
13:55:03         0.37      2.03      1.76      0.00      0.37      2.03      1.76      0.00
13:55:08         0.25      1.90      1.73      0.00      0.25      1.90      1.73      0.00
13:55:13         0.13      1.72      1.69      0.00      0.13      1.72      1.69      0.00
13:55:18         0.09      1.60      1.67      0.00      0.09      1.60      1.67      0.00
13:55:23         0.05      1.45      1.64      0.00      0.05      1.45      1.64      0.00
13:55:28         0.03      1.36      1.61      0.00      0.03      1.36      1.61      0.00
13:55:33         0.01      1.23      1.58      0.00      0.01      1.23      1.58      0.00
13:55:38         0.01      1.15      1.56      0.00      0.01      1.15      1.56      0.00
13:55:43         0.00      1.04      1.53      0.00      0.00      1.04      1.53      0.00
13:55:48         0.00      0.97      1.50      0.00      0.00      0.97      1.50      0.00
13:55:53         0.00      0.88      1.47      0.00      0.00      0.88      1.47      0.00
13:55:58         0.00      0.82      1.45      0.00      0.00      0.82      1.45      0.00
13:56:03         0.00      0.74      1.42      0.00      0.00      0.74      1.42      0.00
13:56:08         0.00      0.69      1.40      0.00      0.00      0.69      1.40      0.00
13:56:13         0.00      0.62      1.37      0.00      0.00      0.62      1.37      0.00
13:56:18         0.00      0.58      1.35      0.00      0.00      0.58      1.35      0.00
13:56:23         0.00      0.53      1.32      0.00      0.00      0.53      1.32      0.00
13:56:28         0.00      0.49      1.31      0.00      0.00      0.49      1.31      0.00
13:56:33         0.00      0.44      1.28      0.00      0.00      0.44      1.28      0.00
13:56:38         0.00      0.41      1.26      0.00      0.00      0.41      1.26      0.00
13:56:43         0.00      0.37      1.23      0.00      0.00      0.37      1.23      0.00
13:56:48         0.00      0.35      1.22      0.00      0.00      0.35      1.22      0.00
13:56:53         0.00      0.31      1.19      0.00      0.00      0.31      1.19      0.00
13:56:58         0.00      0.29      1.17      0.00      0.00      0.29      1.17      0.00
13:57:03         0.00      0.26      1.15      0.00      0.00      0.26      1.15      0.00
13:57:08         0.00      0.25      1.13      0.00      0.00      0.25      1.13      0.00
13:57:13         0.00      0.22      1.11      0.00      0.00      0.22      1.11      0.00
13:57:18         0.00      0.21      1.09      0.00      0.00      0.21      1.09      0.00
13:57:23         0.00      0.19      1.07      0.00      0.00      0.19      1.07      0.00
13:57:28         0.00      0.17      1.06      0.00      0.00      0.17      1.06      0.00
13:57:33         0.00      0.16      1.03      0.00      0.00      0.16      1.03      0.00
13:57:38         0.00      0.14      1.02      0.00      0.00      0.14      1.02      0.00
13:57:43         0.00      0.13      1.00      0.00      0.00      0.13      1.00      0.00
13:57:48         0.00      0.12      0.98      0.00      0.00      0.12      0.98      0.00
13:57:53         0.00      0.11      0.96      0.00      0.00      0.11      0.96      0.00
13:57:58         0.00      0.10      0.95      0.00      0.00      0.10      0.95      0.00
13:58:03         0.00      0.09      0.93      0.00      0.00      0.09      0.93      0.00
13:58:08         0.00      0.08      0.91      0.00      0.00      0.08      0.91      0.00
13:58:13         0.00      0.07      0.90      0.00      0.00      0.07      0.90      0.00
13:58:18         0.00      0.07      0.88      0.00      0.00      0.07      0.88      0.00
13:58:23         0.00      0.06      0.86      0.00      0.00      0.06      0.86      0.00
13:58:28         0.00      0.06      0.85      0.00      0.00      0.06      0.85      0.00
13:58:33         0.00      0.05      0.83      0.00      0.00      0.05      0.83      0.00
13:58:38         0.00      0.05      0.82      0.00      0.00      0.05      0.82      0.00
13:58:43         0.00      0.04      0.80      0.00      0.00      0.04      0.80      0.00
13:58:48         7.06      1.31      1.06     35.15      7.06      1.31      1.06     35.15
13:58:53         9.70      2.66      1.36      0.00      9.70      2.66      1.36      0.00
13:58:58         6.50      2.48      1.34      0.00      6.50      2.48      1.34      0.00
13:59:03         3.57      2.25      1.31      0.00      3.57      2.25      1.31      0.00
13:59:08         2.39      2.10      1.30      0.00      2.39      2.10      1.30      0.00
13:59:13         1.31      1.90      1.27      0.00      1.31      1.90      1.27      0.00
13:59:18         0.88      1.78      1.25      0.00      0.88      1.78      1.25      0.00
13:59:23         8.81      3.11      1.54     28.75      8.81      3.11      1.54     28.75
13:59:28         9.76      3.74      1.70      0.82      9.76      3.74      1.70      0.82
13:59:33         5.36      3.38      1.66      0.00      5.36      3.38      1.66      0.00
13:59:38         3.59      3.16      1.64      0.00      3.59      3.16      1.64      0.00
13:59:43         1.97      2.86      1.60      0.00      1.97      2.86      1.60      0.00
13:59:48         1.32      2.68      1.58      0.00      1.32      2.68      1.58      0.00
13:59:53         0.72      2.42      1.55      0.00      0.72      2.42      1.55      0.00
13:59:58         0.48      2.26      1.53      0.00      0.48      2.26      1.53      0.00
14:00:03         0.26      2.05      1.49      0.00      0.26      2.05      1.49      0.00
14:00:08         0.17      1.91      1.47      0.00      0.17      1.91      1.47      0.00
14:00:13         0.09      1.73      1.44      0.00      0.09      1.73      1.44      0.00
14:00:18         0.06      1.62      1.42      0.00      0.06      1.62      1.42      0.00
14:00:23         0.03      1.46      1.39      0.00      0.03      1.46      1.39      0.00
14:00:28         0.02      1.37      1.37      0.00      0.02      1.37      1.37      0.00
14:00:33         0.01      1.24      1.34      0.00      0.01      1.24      1.34      0.00
14:00:38         0.45      1.25      1.35      1.22      0.45      1.25      1.35      1.22
14:00:43         0.24      1.13      1.32      0.00      0.24      1.13      1.32      0.00
14:00:48         0.16      1.06      1.30      0.00      0.16      1.06      1.30      0.00
14:00:53         0.09      0.96      1.27      0.00      0.09      0.96      1.27      0.00
14:00:58         0.06      0.89      1.25      0.00      0.06      0.89      1.25      0.00
14:01:03         0.03      0.81      1.23      0.00      0.03      0.81      1.23      0.00
14:01:08         0.02      0.76      1.21      0.00      0.02      0.76      1.21      0.00
14:01:13         0.01      0.68      1.18      0.00      0.01      0.68      1.18      0.00
14:01:18         0.00      0.64      1.17      0.00      0.00      0.64      1.17      0.00
14:01:23         0.00      0.58      1.14      0.00      0.00      0.58      1.14      0.00
14:01:28         0.00      0.54      1.13      0.00      0.00      0.54      1.13      0.00
14:01:33         0.00      0.49      1.10      0.00      0.00      0.49      1.10      0.00
14:01:38         0.00      0.45      1.09      0.00      0.00      0.45      1.09      0.00
14:01:43         0.00      0.41      1.06      0.00      0.00      0.41      1.06      0.00
14:01:48         0.00      0.38      1.05      0.00      0.00      0.38      1.05      0.00
14:01:53         0.00      0.35      1.03      0.00      0.00      0.35      1.03      0.00
14:01:58         0.00      0.32      1.01      0.00      0.00      0.32      1.01      0.00
14:02:03         0.00      0.29      0.99      0.00      0.00      0.29      0.99      0.00
14:02:08         0.00      0.27      0.98      0.00      0.00      0.27      0.98      0.00
14:02:13         0.00      0.24      0.96      0.00      0.00      0.24      0.96      0.00
14:02:18         0.00      0.23      0.94      0.00      0.00      0.23      0.94      0.00
14:02:23         0.00      0.20      0.92      0.00      0.00      0.20      0.92      0.00
14:02:28         0.00      0.19      0.91      0.00      0.00      0.19      0.91      0.00
14:02:33         0.00      0.17      0.89      0.00      0.00      0.17      0.89      0.00
14:02:38         0.00      0.16      0.88      0.00      0.00      0.16      0.88      0.00
14:02:43         0.00      0.14      0.86      0.00      0.00      0.14      0.86      0.00
14:02:48         0.00      0.13      0.85      0.00      0.00      0.13      0.85      0.00
14:02:53         0.00      0.12      0.83      0.00      0.00      0.12      0.83      0.00
14:02:58         0.00      0.11      0.82      0.00      0.00      0.11      0.82      0.00
14:03:03         0.00      0.10      0.80      0.00      0.00      0.10      0.80      0.00
14:03:08         0.00      0.09      0.79      0.00      0.00      0.09      0.79      0.00
14:03:13         0.00      0.08      0.77      0.00      0.00      0.08      0.77      0.00
14:03:18         0.00      0.08      0.76      0.00      0.00      0.08      0.76      0.00
14:03:23         0.00      0.07      0.74      0.00      0.00      0.07      0.74      0.00
14:03:28         0.00      0.06      0.73      0.00      0.00      0.06      0.73      0.00
14:03:33         0.00      0.06      0.72      0.00      0.00      0.06      0.72      0.00
14:03:38         0.00      0.05      0.71      0.00      0.00      0.05      0.71      0.00
14:03:43         0.00      0.04      0.69      0.00      0.00      0.04      0.69      0.00
14:03:48         0.00      0.04      0.68      0.00      0.00      0.04      0.68      0.00
14:03:53         0.00      0.04      0.67      0.00      0.00      0.04      0.67      0.00
14:03:58         0.00      0.03      0.66      0.00      0.00      0.03      0.66      0.00
14:04:03         0.00      0.03      0.64      0.00      0.00      0.03      0.64      0.00
14:04:08         0.00      0.03      0.63      0.00      0.00      0.03      0.63      0.00
14:04:13         0.00      0.02      0.62      0.00      0.00      0.02      0.62      0.00
14:04:18         0.00      0.02      0.61      0.00      0.00      0.02      0.61      0.00
14:04:23         0.00      0.02      0.60      0.00      0.00      0.02      0.60      0.00
14:04:28         0.00      0.02      0.59      0.00      0.00      0.02      0.59      0.00
14:04:33         0.00      0.01      0.58      0.00      0.00      0.01      0.58      0.00
14:04:38         0.00      0.01      0.57      0.00      0.00      0.01      0.57      0.00
14:04:43         0.00      0.01      0.56      0.00      0.00      0.01      0.56      0.00
14:04:48         0.54      0.11      0.57     19.22      0.54      0.11      0.57     19.22
14:04:53        14.26      3.36      1.27     24.15     14.26      3.36      1.27     24.15
14:04:58         9.56      3.14      1.25      0.00      9.56      3.14      1.25      0.00
14:05:03         5.24      2.84      1.22      0.00      5.24      2.84      1.22      0.00
14:05:08         3.51      2.66      1.21      0.00      3.51      2.66      1.21      0.00
14:05:13         1.93      2.40      1.18      0.00      1.93      2.40      1.18      0.00
14:05:18         1.29      2.25      1.16      0.00      1.29      2.25      1.16      0.00
14:05:23         0.71      2.03      1.14      6.00      0.71      2.03      1.14      6.00
14:05:28         2.55      2.35      1.22      0.00      2.55      2.35      1.22      0.00
14:05:33         1.40      2.12      1.19      0.00      1.40      2.12      1.19      0.00
14:05:38         0.93      1.98      1.18      0.00      0.93      1.98      1.18      0.00
14:05:43         0.51      1.79      1.15      0.00      0.51      1.79      1.15      0.00
14:05:48         0.34      1.68      1.13      0.00      0.34      1.68      1.13      0.00
14:05:53         0.18      1.52      1.11      0.00      0.18      1.52      1.11      0.00
14:05:58         0.12      1.42      1.10      0.00      0.12      1.42      1.10      0.00
14:06:03         0.06      1.28      1.07      0.00      0.06      1.28      1.07      0.00
14:06:08         0.04      1.20      1.06      0.00      0.04      1.20      1.06      0.00
14:06:13         0.02      1.08      1.04      0.00      0.02      1.08      1.04      0.00
14:06:18         0.01      1.01      1.02      0.00      0.01      1.01      1.02      0.00
14:06:23         0.00      0.92      1.00      0.00      0.00      0.92      1.00      0.00
14:06:28         0.00      0.86      0.98      0.00      0.00      0.86      0.98      0.00
14:06:33         0.00      0.77      0.96      0.00      0.00      0.77      0.96      0.00
14:06:38        11.77      2.85      1.39     31.37     11.77      2.85      1.39     31.37
14:06:43         7.92      2.95      1.45      0.00      7.92      2.95      1.45      0.00
14:06:48         5.31      2.76      1.43      0.00      5.31      2.76      1.43      0.00
14:06:53         2.91      2.49      1.40      0.00      2.91      2.49      1.40      0.00
14:06:58         1.95      2.33      1.38      0.00      1.95      2.33      1.38      0.00
14:07:03         1.07      2.11      1.35      0.00      1.07      2.11      1.35      0.00
14:07:08         0.71      1.97      1.33      0.00      0.71      1.97      1.33      0.00
14:07:13         0.39      1.78      1.30      0.00      0.39      1.78      1.30      0.00
14:07:18         0.26      1.67      1.28      0.00      0.26      1.67      1.28      0.00
14:07:23         0.14      1.51      1.26      0.00      0.14      1.51      1.26      0.00
14:07:28         0.09      1.41      1.24      0.00      0.09      1.41      1.24      0.00
14:07:33         0.05      1.28      1.21      0.00      0.05      1.28      1.21      0.00
14:07:38         0.03      1.19      1.20      0.00      0.03      1.19      1.20      0.00
14:07:43         0.01      1.08      1.17      0.00      0.01      1.08      1.17      0.00
14:07:48         0.01      1.01      1.15      0.00      0.01      1.01      1.15      0.00
14:07:53         0.00      0.91      1.13      0.00      0.00      0.91      1.13      0.00
14:07:58         0.00      0.85      1.11      0.00      0.00      0.85      1.11      0.00
14:08:03         0.00      0.77      1.09      0.00      0.00      0.77      1.09      0.00
14:08:08         0.00      0.72      1.07      0.00      0.00      0.72      1.07      0.00
14:08:13         0.00      0.65      1.05      0.00      0.00      0.65      1.05      0.00
14:08:18         0.00      0.61      1.04      0.00      0.00      0.61      1.04      0.00
14:08:23         0.00      0.55      1.02      0.00      0.00      0.55      1.02      0.00
14:08:28         0.00      0.51      1.00      0.00      0.00      0.51      1.00      0.00
14:08:33         0.00      0.46      0.98      0.00      0.00      0.46      0.98      0.00
14:08:38         0.00      0.43      0.97      0.00      0.00      0.43      0.97      0.00
14:08:43         0.00      0.39      0.95      0.00      0.00      0.39      0.95      0.00
14:08:48         0.00      0.36      0.93      0.00      0.00      0.36      0.93      0.00
14:08:53         0.00      0.33      0.91      0.00      0.00      0.33      0.91      0.00
14:08:58         0.00      0.31      0.90      0.00      0.00      0.31      0.90      0.00
14:09:03         0.00      0.28      0.88      0.00      0.00      0.28      0.88      0.00
14:09:08         0.00      0.26      0.87      0.00      0.00      0.26      0.87      0.00
14:09:13         0.00      0.23      0.85      0.00      0.00      0.23      0.85      0.00
14:09:18         0.00      0.22      0.84      0.00      0.00      0.22      0.84      0.00
14:09:23         0.00      0.19      0.82      0.00      0.00      0.19      0.82      0.00
14:09:28         0.00      0.18      0.81      0.00      0.00      0.18      0.81      0.00
14:09:33         0.00      0.16      0.79      0.00      0.00      0.16      0.79      0.00
14:09:38         0.00      0.15      0.78      0.00      0.00      0.15      0.78      0.00
14:09:43         0.00      0.14      0.76      0.00      0.00      0.14      0.76      0.00
14:09:48         0.00      0.13      0.75      0.00      0.00      0.13      0.75      0.00
14:09:53         0.00      0.11      0.73      0.00      0.00      0.11      0.73      0.00
14:09:58         0.00      0.11      0.72      0.00      0.00      0.11      0.72      0.00
14:10:03         0.00      0.09      0.71      0.00      0.00      0.09      0.71      0.00
14:10:08         0.00      0.09      0.70      0.00      0.00      0.09      0.70      0.00
14:10:13         0.00      0.08      0.68      0.00      0.00      0.08      0.68      0.00
14:10:18         0.00      0.07      0.67      0.00      0.00      0.07      0.67      0.00
14:10:23         0.00      0.06      0.66      0.00      0.00      0.06      0.66      0.00
14:10:28         0.00      0.06      0.65      0.00      0.00      0.06      0.65      0.00
14:10:33         0.00      0.05      0.63      0.00      0.00      0.05      0.63      0.00
14:10:38         0.00      0.05      0.63      0.00      0.00      0.05      0.63      0.00
14:10:43         0.00      0.04      0.61      0.00      0.00      0.04      0.61      0.00
14:10:48         0.00      0.04      0.60      2.12      0.00      0.04      0.60      2.12
14:10:53         7.18      1.69      0.95     19.34      7.18      1.69      0.95     19.34
14:10:58         4.82      1.58      0.94      0.00      4.82      1.58      0.94      0.00
14:11:03         2.64      1.43      0.92      0.00      2.64      1.43      0.92      0.00
14:11:08         1.77      1.33      0.90      0.00      1.77      1.33      0.90      0.00
14:11:13         0.97      1.21      0.89      0.00      0.97      1.21      0.89      0.00
14:11:18         0.65      1.13      0.87      0.00      0.65      1.13      0.87      0.00
14:11:23         0.35      1.02      0.85      0.00      0.35      1.02      0.85      0.00
14:11:28         3.66      1.66      0.99      9.40      3.66      1.66      0.99      9.40
14:11:33         2.01      1.50      0.97      0.00      2.01      1.50      0.97      0.00
14:11:38         1.34      1.40      0.96      0.00      1.34      1.40      0.96      0.00
14:11:43         0.74      1.27      0.94      0.00      0.74      1.27      0.94      0.00
14:11:48         0.49      1.18      0.92      0.00      0.49      1.18      0.92      0.00
14:11:53         0.27      1.07      0.90      0.00      0.27      1.07      0.90      0.00
14:11:58         0.18      1.00      0.89      0.00      0.18      1.00      0.89      0.00
14:12:03         0.09      0.90      0.87      0.00      0.09      0.90      0.87      0.00
14:12:08         0.06      0.85      0.86      0.00      0.06      0.85      0.86      0.00
14:12:13         0.03      0.76      0.84      0.00      0.03      0.76      0.84      0.00
14:12:18         0.02      0.71      0.83      0.00      0.02      0.71      0.83      0.00
14:12:23         0.01      0.64      0.81      0.00      0.01      0.64      0.81      0.00
14:12:28         0.00      0.60      0.80      0.00      0.00      0.60      0.80      0.00
14:12:33         0.00      0.54      0.78      0.00      0.00      0.54      0.78      0.00
14:12:38         1.08      0.70      0.81     10.41      1.08      0.70      0.81     10.41
14:12:43         2.90      1.22      0.92      0.00      2.90      1.22      0.92      0.00
14:12:48         1.94      1.14      0.91      0.00      1.94      1.14      0.91      0.00
14:12:53         1.06      1.03      0.89      0.00      1.06      1.03      0.89      0.00
14:12:58         0.71      0.96      0.88      0.00      0.71      0.96      0.88      0.00
14:13:03         0.39      0.87      0.86      0.00      0.39      0.87      0.86      0.00
14:13:08         0.26      0.81      0.85      0.00      0.26      0.81      0.85      0.00
14:13:13         0.14      0.74      0.83      0.00      0.14      0.74      0.83      0.00
14:13:18         0.09      0.69      0.82      0.00      0.09      0.69      0.82      0.00
14:13:23         0.05      0.62      0.80      0.00      0.05      0.62      0.80      0.00
14:13:28         0.03      0.58      0.79      0.00      0.03      0.58      0.79      0.00
14:13:33         0.01      0.52      0.77      0.00      0.01      0.52      0.77      0.00
14:13:38         0.01      0.49      0.76      0.00      0.01      0.49      0.76      0.00
14:13:43         0.00      0.44      0.74      0.00      0.00      0.44      0.74      0.00
14:13:48         0.00      0.41      0.73      0.00      0.00      0.41      0.73      0.00
14:13:53         0.00      0.37      0.72      0.00      0.00      0.37      0.72      0.00
14:13:58         0.00      0.35      0.71      0.00      0.00      0.35      0.71      0.00
14:14:03         0.00      0.31      0.69      0.00      0.00      0.31      0.69      0.00
14:14:08         0.00      0.29      0.68      0.00      0.00      0.29      0.68      0.00
14:14:13         0.00      0.26      0.67      0.00      0.00      0.26      0.67      0.00
14:14:18         0.00      0.25      0.66      0.00      0.00      0.25      0.66      0.00
14:14:23         0.00      0.22      0.64      0.00      0.00      0.22      0.64      0.00
14:14:28         0.00      0.21      0.63      0.00      0.00      0.21      0.63      0.00
14:14:33         0.00      0.18      0.62      0.00      0.00      0.18      0.62      0.00
14:14:38         0.00      0.17      0.61      0.00      0.00      0.17      0.61      0.00
14:14:43         0.00      0.15      0.60      0.00      0.00      0.15      0.60      0.00
14:14:48         0.00      0.14      0.59      0.00      0.00      0.14      0.59      0.00
14:14:53         0.00      0.13      0.58      0.00      0.00      0.13      0.58      0.00
14:14:58         0.00      0.12      0.57      0.00      0.00      0.12      0.57      0.00
14:15:03         0.00      0.11      0.56      0.00      0.00      0.11      0.56      0.00
14:15:08         0.00      0.10      0.55      0.00      0.00      0.10      0.55      0.00
14:15:13         0.00      0.09      0.54      0.00      0.00      0.09      0.54      0.00
14:15:18         0.00      0.08      0.53      0.00      0.00      0.08      0.53      0.00
14:15:23         0.00      0.07      0.52      0.00      0.00      0.07      0.52      0.00
14:15:28         0.00      0.07      0.51      0.00      0.00      0.07      0.51      0.00
14:15:33         0.00      0.06      0.50      0.00      0.00      0.06      0.50      0.00
14:15:38         0.00      0.06      0.49      0.00      0.00      0.06      0.49      0.00
14:15:43         0.00      0.05      0.48      0.00      0.00      0.05      0.48      0.00
14:15:48         0.00      0.05      0.47      0.00      0.00      0.05      0.47      0.00
14:15:53         0.00      0.04      0.46      0.00      0.00      0.04      0.46      0.00
14:15:58         0.00      0.04      0.46      0.00      0.00      0.04      0.46      0.00
14:16:03         0.00      0.03      0.45      0.00      0.00      0.03      0.45      0.00
14:16:08         0.00      0.03      0.44      0.00      0.00      0.03      0.44      0.00
14:16:13         0.00      0.02      0.43      0.00      0.00      0.02      0.43      0.00
14:16:18         0.00      0.02      0.42      0.00      0.00      0.02      0.42      0.00
14:16:23         0.00      0.02      0.41      0.00      0.00      0.02      0.41      0.00
14:16:28         0.00      0.02      0.41      0.00      0.00      0.02      0.41      0.00
14:16:33         0.00      0.02      0.40      0.00      0.00      0.02      0.40      0.00
14:16:38         0.00      0.01      0.39      0.00      0.00      0.01      0.39      0.00
14:16:43         0.00      0.01      0.38      0.00      0.00      0.01      0.38      0.00
14:16:48         0.00      0.01      0.38      0.00      0.00      0.01      0.38      0.00
14:16:53         6.54      1.37      0.66     17.46      6.54      1.37      0.66     17.46
14:16:58         4.38      1.28      0.65      0.00      4.38      1.28      0.65      0.00
14:17:03         2.40      1.16      0.64      0.00      2.40      1.16      0.64      0.00
14:17:08         1.61      1.09      0.63      0.00      1.61      1.09      0.63      0.00
14:17:13         0.88      0.98      0.62      0.00      0.88      0.98      0.62      0.00
14:17:18         0.59      0.92      0.61      0.00      0.59      0.92      0.61      0.00
14:17:23         0.32      0.83      0.59      0.00      0.32      0.83      0.59      0.00
14:17:28         3.47      1.36      0.71      7.46      3.47      1.36      0.71      7.46
14:17:33         1.90      1.23      0.69      0.00      1.90      1.23      0.69      0.00
14:17:38         1.27      1.15      0.68      0.00      1.27      1.15      0.68      0.00
14:17:43         0.70      1.04      0.67      0.00      0.70      1.04      0.67      0.00
14:17:48         0.47      0.97      0.66      0.00      0.47      0.97      0.66      0.00
14:17:53         0.25      0.88      0.64      0.00      0.25      0.88      0.64      0.00
14:17:58         0.17      0.82      0.64      0.00      0.17      0.82      0.64      0.00
14:18:03         0.09      0.74      0.62      0.00      0.09      0.74      0.62      0.00
14:18:08         0.06      0.70      0.61      0.00      0.06      0.70      0.61      0.00
14:18:13         0.03      0.63      0.60      0.00      0.03      0.63      0.60      0.00
14:18:18         0.02      0.59      0.59      0.00      0.02      0.59      0.59      0.00
14:18:23         0.01      0.53      0.58      0.00      0.01      0.53      0.58      0.00
14:18:28         0.00      0.50      0.57      0.00      0.00      0.50      0.57      0.00
14:18:33         0.00      0.45      0.56      0.00      0.00      0.45      0.56      0.00
14:18:38         0.00      0.42      0.55      0.76      0.00      0.42      0.55      0.76
14:18:43         6.66      1.93      0.88     19.56      6.66      1.93      0.88     19.56
14:18:48         4.46      1.81      0.86      0.00      4.46      1.81      0.86      0.00
14:18:53         2.45      1.63      0.85      0.00      2.45      1.63      0.85      0.00
14:18:58         1.64      1.53      0.83      0.00      1.64      1.53      0.83      0.00
14:19:03         0.90      1.38      0.82      0.00      0.90      1.38      0.82      0.00
14:19:08         0.60      1.29      0.80      0.00      0.60      1.29      0.80      0.00
14:19:13         0.33      1.17      0.79      0.00      0.33      1.17      0.79      0.00
14:19:18         0.22      1.09      0.78      0.00      0.22      1.09      0.78      0.00
14:19:23         0.12      0.99      0.76      0.00      0.12      0.99      0.76      0.00
14:19:28         0.08      0.92      0.75      0.00      0.08      0.92      0.75      0.00
14:19:33         0.04      0.83      0.73      0.00      0.04      0.83      0.73      0.00
14:19:38         0.02      0.78      0.72      0.00      0.02      0.78      0.72      0.00
14:19:43         0.01      0.70      0.71      0.00      0.01      0.70      0.71      0.00
14:19:48         0.00      0.66      0.70      0.00      0.00      0.66      0.70      0.00
14:19:53         0.00      0.59      0.68      0.00      0.00      0.59      0.68      0.00
14:19:58         0.00      0.55      0.67      0.00      0.00      0.55      0.67      0.00
14:20:03         0.00      0.50      0.66      0.00      0.00      0.50      0.66      0.00
14:20:08         0.00      0.47      0.65      0.00      0.00      0.47      0.65      0.00
14:20:13         0.00      0.42      0.63      0.00      0.00      0.42      0.63      0.00
14:20:18         0.00      0.39      0.62      0.00      0.00      0.39      0.62      0.00
14:20:23         0.00      0.36      0.61      0.00      0.00      0.36      0.61      0.00
14:20:28         0.00      0.33      0.60      0.00      0.00      0.33      0.60      0.00
14:20:33         0.00      0.30      0.59      0.00      0.00      0.30      0.59      0.00
14:20:38         0.00      0.28      0.58      0.00      0.00      0.28      0.58      0.00
14:20:43         0.00      0.25      0.57      0.00      0.00      0.25      0.57      0.00
14:20:48         0.00      0.23      0.56      0.00      0.00      0.23      0.56      0.00
14:20:53         0.00      0.21      0.55      0.00      0.00      0.21      0.55      0.00
14:20:58         0.00      0.20      0.54      0.00      0.00      0.20      0.54      0.00
14:21:03         0.00      0.18      0.53      0.00      0.00      0.18      0.53      0.00
14:21:08         0.00      0.16      0.52      0.00      0.00      0.16      0.52      0.00
14:21:13         0.00      0.15      0.51      0.00      0.00      0.15      0.51      0.00
14:21:18         0.00      0.14      0.50      0.00      0.00      0.14      0.50      0.00
14:21:23         0.00      0.12      0.49      0.00      0.00      0.12      0.49      0.00
14:21:28         0.00      0.11      0.48      0.00      0.00      0.11      0.48      0.00
14:21:33         0.00      0.10      0.47      0.00      0.00      0.10      0.47      0.00
14:21:38         0.00      0.10      0.46      0.00      0.00      0.10      0.46      0.00
14:21:43         0.00      0.08      0.45      0.00      0.00      0.08      0.45      0.00
14:21:48         0.00      0.08      0.45      0.00      0.00      0.08      0.45      0.00
14:21:53         0.00      0.07      0.44      0.00      0.00      0.07      0.44      0.00
14:21:58         0.00      0.06      0.43      0.00      0.00      0.06      0.43      0.00
14:22:03         0.00      0.06      0.42      0.00      0.00      0.06      0.42      0.00
14:22:08         0.00      0.05      0.41      0.00      0.00      0.05      0.41      0.00
14:22:13         0.00      0.05      0.41      0.00      0.00      0.05      0.41      0.00
14:22:18         0.00      0.04      0.40      0.00      0.00      0.04      0.40      0.00
14:22:23         0.00      0.04      0.39      0.00      0.00      0.04      0.39      0.00
14:22:28         0.00      0.03      0.39      0.00      0.00      0.03      0.39      0.00
14:22:33         0.00      0.03      0.38      0.00      0.00      0.03      0.38      0.00
14:22:38         0.00      0.03      0.37      0.00      0.00      0.03      0.37      0.00
14:22:43         0.00      0.02      0.36      0.00      0.00      0.02      0.36      0.00
14:22:48         0.00      0.02      0.36      0.00      0.00      0.02      0.36      0.00
14:22:53         2.17      0.41      0.43      5.14      2.17      0.41      0.43      5.14
14:22:58         1.45      0.38      0.42      0.00      1.45      0.38      0.42      0.00
14:23:03         0.79      0.35      0.41      0.00      0.79      0.35      0.41      0.00
14:23:08         0.53      0.32      0.41      0.00      0.53      0.32      0.41      0.00
14:23:13         0.29      0.29      0.40      0.00      0.29      0.29      0.40      0.00
14:23:18         0.19      0.27      0.39      0.00      0.19      0.27      0.39      0.00
14:23:23         0.10      0.25      0.39      0.00      0.10      0.25      0.39      0.00
14:23:28         0.07      0.23      0.38      9.00      0.07      0.23      0.38      9.00
14:23:33        12.74      3.19      1.02     30.16     12.74      3.19      1.02     30.16
14:23:38         8.54      2.98      1.01      0.00      8.54      2.98      1.01      0.00
14:23:43         4.69      2.70      0.98      0.00      4.69      2.70      0.98      0.00
14:23:48         3.14      2.52      0.97      0.00      3.14      2.52      0.97      0.00
14:23:53         1.72      2.28      0.95      0.00      1.72      2.28      0.95      0.00
14:23:58         1.15      2.13      0.94      0.00      1.15      2.13      0.94      0.00
14:24:03         0.63      1.93      0.92      0.00      0.63      1.93      0.92      0.00
14:24:08         0.42      1.80      0.90      0.00      0.42      1.80      0.90      0.00
14:24:13         0.23      1.63      0.89      0.00      0.23      1.63      0.89      0.00
14:24:18         0.15      1.53      0.87      0.00      0.15      1.53      0.87      0.00
14:24:23         0.08      1.38      0.85      0.00      0.08      1.38      0.85      0.00
14:24:28         0.05      1.29      0.84      0.00      0.05      1.29      0.84      0.00
14:24:33         0.03      1.17      0.82      0.00      0.03      1.17      0.82      0.00
14:24:38         0.01      1.09      0.81      0.00      0.01      1.09      0.81      0.00
14:24:43         0.60      1.11      0.82      1.93      0.60      1.11      0.82      1.93
14:24:48         0.40      1.04      0.81      0.00      0.40      1.04      0.81      0.00
14:24:53         0.22      0.94      0.79      0.00      0.22      0.94      0.79      0.00
14:24:58         0.14      0.88      0.78      0.00      0.14      0.88      0.78      0.00
14:25:03         0.08      0.79      0.76      0.00      0.08      0.79      0.76      0.00
14:25:08         0.05      0.74      0.75      0.00      0.05      0.74      0.75      0.00
14:25:13         0.02      0.67      0.74      0.00      0.02      0.67      0.74      0.00
14:25:18         0.01      0.63      0.73      0.00      0.01      0.63      0.73      0.00
14:25:23         0.00      0.57      0.71      0.00      0.00      0.57      0.71      0.00
14:25:28         0.00      0.53      0.70      0.00      0.00      0.53      0.70      0.00
14:25:33         0.00      0.48      0.69      0.00      0.00      0.48      0.69      0.00
14:25:38         0.00      0.45      0.68      0.00      0.00      0.45      0.68      0.00
14:25:43         0.00      0.40      0.66      0.00      0.00      0.40      0.66      0.00
14:25:48         0.00      0.37      0.65      0.00      0.00      0.37      0.65      0.00
14:25:53         0.00      0.34      0.64      0.00      0.00      0.34      0.64      0.00
14:25:58         0.00      0.32      0.63      0.00      0.00      0.32      0.63      0.00
14:26:03         0.00      0.28      0.62      0.00      0.00      0.28      0.62      0.00
14:26:08         0.00      0.27      0.61      0.00      0.00      0.27      0.61      0.00
14:26:13         0.00      0.24      0.59      0.00      0.00      0.24      0.59      0.00
14:26:18         0.00      0.22      0.58      0.00      0.00      0.22      0.58      0.00
14:26:23         0.00      0.20      0.57      0.00      0.00      0.20      0.57      0.00
14:26:28         0.00      0.19      0.56      0.00      0.00      0.19      0.56      0.00
14:26:33         0.00      0.17      0.55      0.00      0.00      0.17      0.55      0.00
14:26:38         0.00      0.16      0.54      0.00      0.00      0.16      0.54      0.00
14:26:43         0.00      0.14      0.53      0.00      0.00      0.14      0.53      0.00
14:26:48         0.00      0.13      0.52      0.00      0.00      0.13      0.52      0.00
14:26:53         0.00      0.12      0.51      0.00      0.00      0.12      0.51      0.00
14:26:58         0.00      0.11      0.50      0.00      0.00      0.11      0.50      0.00
14:27:03         0.00      0.10      0.49      0.00      0.00      0.10      0.49      0.00
14:27:08         0.00      0.09      0.49      0.00      0.00      0.09      0.49      0.00
14:27:13         0.00      0.08      0.48      0.00      0.00      0.08      0.48      0.00
14:27:18         0.00      0.07      0.47      0.00      0.00      0.07      0.47      0.00
14:27:23         0.00      0.07      0.46      0.00      0.00      0.07      0.46      0.00
14:27:28         0.00      0.06      0.45      0.00      0.00      0.06      0.45      0.00
14:27:33         0.00      0.06      0.44      0.00      0.00      0.06      0.44      0.00
14:27:38         0.00      0.05      0.43      0.00      0.00      0.05      0.43      0.00
14:27:43         0.00      0.05      0.43      0.00      0.00      0.05      0.43      0.00
14:27:48         0.00      0.04      0.42      0.00      0.00      0.04      0.42      0.00
14:27:53         0.00      0.04      0.41      0.00      0.00      0.04      0.41      0.00
14:27:58         0.00      0.03      0.40      0.00      0.00      0.03      0.40      0.00
14:28:03         0.00      0.03      0.40      0.00      0.00      0.03      0.40      0.00
14:28:08         0.00      0.02      0.39      0.00      0.00      0.02      0.39      0.00
14:28:13         0.00      0.02      0.38      0.00      0.00      0.02      0.38      0.00
14:28:18         0.00      0.02      0.37      0.00      0.00      0.02      0.37      0.00
14:28:23         0.00      0.02      0.37      0.00      0.00      0.02      0.37      0.00
14:28:28         0.00      0.02      0.36      0.00      0.00      0.02      0.36      0.00
14:28:33         0.00      0.01      0.35      0.00      0.00      0.01      0.35      0.00
14:28:38         0.00      0.01      0.35      0.00      0.00      0.01      0.35      0.00
14:28:43         0.00      0.01      0.34      0.00      0.00      0.01      0.34      0.00
14:28:48         0.00      0.01      0.33      0.00      0.00      0.01      0.33      0.00
14:28:53         0.00      0.01      0.33      2.17      0.00      0.01      0.33      2.17
14:28:58        12.36      2.61      0.88     31.27     12.36      2.61      0.88     31.27
14:29:03         8.29      2.44      0.87      0.00      8.29      2.44      0.87      0.00
14:29:08         4.55      2.20      0.85      0.00      4.55      2.20      0.85      0.00
14:29:13         3.05      2.06      0.84      0.00      3.05      2.06      0.84      0.00
14:29:18         1.67      1.87      0.82      0.00      1.67      1.87      0.82      0.00
14:29:23         1.12      1.74      0.81      0.00      1.12      1.74      0.81      0.00
14:29:28         0.61      1.58      0.79      0.00      0.61      1.58      0.79      0.00
14:29:33         3.27      2.00      0.89      7.22      3.27      2.00      0.89      7.22
14:29:38         1.79      1.81      0.87      0.00      1.79      1.81      0.87      0.00
14:29:43         1.20      1.69      0.86      0.00      1.20      1.69      0.86      0.00
14:29:48         0.66      1.53      0.84      0.00      0.66      1.53      0.84      0.00
14:29:53         0.44      1.43      0.83      0.00      0.44      1.43      0.83      0.00
14:29:58         0.24      1.29      0.81      0.00      0.24      1.29      0.81      0.00
14:30:03         0.16      1.21      0.80      0.00      0.16      1.21      0.80      0.00
14:30:08         0.08      1.09      0.78      0.00      0.08      1.09      0.78      0.00
14:30:13         0.05      1.02      0.77      0.00      0.05      1.02      0.77      0.00
14:30:18         0.03      0.92      0.75      0.00      0.03      0.92      0.75      0.00
14:30:23         0.02      0.86      0.74      0.00      0.02      0.86      0.74      0.00
14:30:28         0.01      0.78      0.72      0.00      0.01      0.78      0.72      0.00
14:30:33         0.00      0.73      0.71      0.00      0.00      0.73      0.71      0.00
14:30:38         0.00      0.66      0.70      0.00      0.00      0.66      0.70      0.00
14:30:43         0.00      0.61      0.69     21.10      0.00      0.61      0.69     21.10
14:30:48         6.43      2.18      1.03      0.00      6.43      2.18      1.03      0.00
14:30:53         4.31      2.04      1.02      0.00      4.31      2.04      1.02      0.00
14:30:58         2.36      1.84      1.00      0.00      2.36      1.84      1.00      0.00
14:31:03         1.58      1.72      0.98      0.00      1.58      1.72      0.98      0.00
14:31:08         0.87      1.56      0.96      0.00      0.87      1.56      0.96      0.00
14:31:13         0.58      1.46      0.95      0.00      0.58      1.46      0.95      0.00
14:31:18         0.31      1.32      0.93      0.00      0.31      1.32      0.93      0.00
14:31:23         0.21      1.23      0.91      0.00      0.21      1.23      0.91      0.00
14:31:28         0.11      1.11      0.89      0.00      0.11      1.11      0.89      0.00
14:31:33         0.07      1.04      0.88      0.00      0.07      1.04      0.88      0.00
14:31:38         0.04      0.94      0.86      0.00      0.04      0.94      0.86      0.00
14:31:43         0.02      0.88      0.85      0.00      0.02      0.88      0.85      0.00
14:31:48         0.01      0.80      0.83      0.00      0.01      0.80      0.83      0.00
14:31:53         0.00      0.74      0.82      0.00      0.00      0.74      0.82      0.00
14:31:58         0.00      0.67      0.80      0.00      0.00      0.67      0.80      0.00
14:32:03         0.00      0.63      0.79      0.00      0.00      0.63      0.79      0.00
14:32:08         0.00      0.57      0.77      0.00      0.00      0.57      0.77      0.00
14:32:13         0.00      0.53      0.76      0.00      0.00      0.53      0.76      0.00
14:32:18         0.00      0.48      0.75      0.00      0.00      0.48      0.75      0.00
14:32:23         0.00      0.45      0.74      0.00      0.00      0.45      0.74      0.00
14:32:28         0.00      0.40      0.72      0.00      0.00      0.40      0.72      0.00
14:32:33         0.00      0.38      0.71      0.00      0.00      0.38      0.71      0.00
14:32:38         0.00      0.34      0.70      0.00      0.00      0.34      0.70      0.00
14:32:43         0.00      0.32      0.69      0.00      0.00      0.32      0.69      0.00
14:32:48         0.00      0.29      0.67      0.00      0.00      0.29      0.67      0.00
14:32:53         0.00      0.27      0.66      0.00      0.00      0.27      0.66      0.00
14:32:58         0.00      0.24      0.65      0.00      0.00      0.24      0.65      0.00
14:33:03         0.00      0.22      0.64      0.00      0.00      0.22      0.64      0.00
14:33:08         0.00      0.20      0.62      0.00      0.00      0.20      0.62      0.00
14:33:13         0.00      0.19      0.61      0.00      0.00      0.19      0.61      0.00
14:33:18         0.00      0.17      0.60      0.00      0.00      0.17      0.60      0.00
14:33:23         0.00      0.16      0.59      0.00      0.00      0.16      0.59      0.00
14:33:28         0.00      0.14      0.58      0.00      0.00      0.14      0.58      0.00
14:33:33         0.00      0.13      0.57      0.00      0.00      0.13      0.57      0.00
14:33:38         0.00      0.12      0.56      0.00      0.00      0.12      0.56      0.00
14:33:43         0.00      0.11      0.55      0.00      0.00      0.11      0.55      0.00
14:33:48         0.00      0.10      0.54      0.00      0.00      0.10      0.54      0.00
14:33:53         0.00      0.09      0.53      0.00      0.00      0.09      0.53      0.00
14:33:58         0.00      0.08      0.52      0.00      0.00      0.08      0.52      0.00
14:34:03         0.00      0.07      0.51      0.00      0.00      0.07      0.51      0.00
14:34:08         0.00      0.07      0.50      0.00      0.00      0.07      0.50      0.00
14:34:13         0.00      0.06      0.49      0.00      0.00      0.06      0.49      0.00
14:34:18         0.00      0.05      0.48      0.00      0.00      0.05      0.48      0.00
14:34:23         0.00      0.05      0.47      0.00      0.00      0.05      0.47      0.00
14:34:28         0.00      0.04      0.46      0.00      0.00      0.04      0.46      0.00
14:34:33         0.00      0.04      0.46      0.00      0.00      0.04      0.46      0.00
14:34:38         0.00      0.04      0.45      0.00      0.00      0.04      0.45      0.00
Average:         0.82      0.82      0.76      0.85      0.82      0.82      0.76      0.85
