Linux 7.2.0-rc5-virtme (virtme-ng) 	07/31/26 	_x86_64_	(12 CPU)

13:34:37    kbmemfree   kbavail kbmemused  %memused kbbuffers  kbcached  kbcommit   %commit  kbactive   kbinact   kbdirty   kbshmem
13:34:42      5010732   4971608   3170076     38.94         4     40660   8414392     68.21   2986660     40324         0       252
13:34:47      3793360   3754236   4387448     53.89         4     40660   8414392     68.21   4209152     40324         0       252
13:34:52      3793612   3754488   4387196     53.89         4     40660   8414392     68.21   4209152     40324         0       252
13:34:57      3794000   3754876   4386808     53.88         4     40660   8414392     68.21   4209152     40324         0       252
13:35:02      3794532   3755408   4386276     53.87         4     40660   8414392     68.21   4209152     40324         0       252
13:35:07      3794836   3755712   4385972     53.87         4     40660   8414392     68.21   4209152     40324         0       252
13:35:12      3795804   3756680   4385004     53.86         4     40660   8414392     68.21   4209152     40324         0       252
13:35:17      1514916   1475792   6665892     81.87         4     40660   8414392     68.21   6466504     40324         0       252
13:35:22      1257708   1218584   6923100     85.03         4     40660   8414392     68.21   6725856     40324         0       252
13:35:27      1261004   1221880   6919804     84.99         4     40660   8414392     68.21   6725856     40324         0       252
13:35:32      1267416   1228292   6913392     84.91         4     40660   8414392     68.21   6725856     40324         0       252
13:35:37      1272476   1233352   6908332     84.85         4     40660   8414392     68.21   6725856     40324         0       252
13:35:42      1275392   1236268   6905416     84.82         4     40660   8414392     68.21   6725856     40324         0       252
13:35:47      1276612   1237488   6904196     84.80         4     40660   8414392     68.21   6725856     40324         0       252
13:35:52      1276612   1237488   6904196     84.80         4     40660   8414392     68.21   6725856     40324         0       252
13:35:57      1276796   1237672   6904012     84.80         4     40660   8414392     68.21   6725856     40324         0       252
13:36:02      1276956   1237832   6903852     84.80         4     40660   8414392     68.21   6725856     40324         0       252
13:36:07      1276956   1237832   6903852     84.80         4     40660   8414392     68.21   6725856     40324         0       252
13:36:12      1276956   1237832   6903852     84.80         4     40660   8414392     68.21   6725856     40324         0       252
13:36:17      1276956   1237832   6903852     84.80         4     40660   8414392     68.21   6725856     40324         0       252
13:36:22      1276956   1237832   6903852     84.80         4     40660   8414392     68.21   6725856     40324         0       252
13:36:27       423288    384164   7757520     95.28         4     40660   8414392     68.21   7566952     40324         0       252
13:36:32        69704     10876   8130808     99.87         0      2860   8414276     68.21    547080   7423428         0         0
13:36:37        69032     10436   8131248     99.87         0      3220   8414276     68.21    548064   7423552         0         0
13:36:42        69032     10436   8131248     99.87         0      3220   8414276     68.21    548064   7423552         0         0
13:36:47        69032     10436   8131248     99.87         0      3220   8414276     68.21    548064   7423552         0         0
13:36:52        69032     10436   8131248     99.87         0      3220   8414276     68.21    548064   7423552         0         0
13:36:57        69032     10436   8131248     99.87         0      3220   8414276     68.21    548064   7423552         0         0
13:37:02        69032     10436   8131248     99.87         0      3220   8414276     68.21    548188   7423552         0         0
13:37:07        69032     10436   8131248     99.87         0      3220   8414276     68.21    548188   7423552         0         0
13:37:12        69032     10436   8131248     99.87         0      3224   8414276     68.21    548188   7423552         0         0
13:37:17        69032     10436   8131248     99.87         0      3224   8414276     68.21    548188   7423552         0         0
13:37:22        69032     10436   8131248     99.87         0      3224   8414276     68.21    548188   7423552         0         0
13:37:27        69032     10436   8131248     99.87         0      3224   8414276     68.21    548312   7423552         0         0
13:37:32        69032     10436   8131248     99.87         0      3224   8414276     68.21    548312   7423552         0         0
13:37:37        69032     10436   8131248     99.87         0      3228   8414276     68.21    548312   7423552         0         0
13:37:42        69032     10436   8131248     99.87         0      3228   8414276     68.21    548312   7423552         0         0
13:37:47        69032     10436   8131248     99.87         0      3228   8414276     68.21    548312   7423552         0         0
13:37:52        69032     10436   8131248     99.87         0      3228   8414276     68.21    548312   7423552         0         0
13:37:57        69032     10436   8131248     99.87         0      3228   8414276     68.21    548436   7423552         0         0
13:38:02        69032     10436   8131248     99.87         0      3228   8414276     68.21    548436   7423552         0         0
13:38:07        69032     10436   8131248     99.87         0      3228   8414276     68.21    548436   7423552         0         0
13:38:12        69032     10436   8131248     99.87         0      3228   8414276     68.21    548436   7423552         0         0
13:38:17        69032     10436   8131248     99.87         0      3236   8414276     68.21    548436   7423552         0         0
13:38:22        69032     10436   8131248     99.87         0      3236   8414276     68.21    548436   7423552         0         0
13:38:27        69032     10436   8131248     99.87         0      3236   8414276     68.21    548560   7423552         0         0
13:38:32        69032     10436   8131248     99.87         0      3236   8414276     68.21    548560   7423552         0         0
13:38:37        69032     10436   8131248     99.87         0      3236   8414276     68.21    548560   7423552         0         0
13:38:42        69032     10436   8131248     99.87         0      3236   8414276     68.21    548560   7423552         0         0
13:38:47        69032     10436   8131248     99.87         0      3236   8414276     68.21    548560   7423552         0         0
13:38:52        69032     10436   8131248     99.87         0      3236   8414276     68.21    548684   7423552         0         0
13:38:57        69032     10436   8131248     99.87         0      3236   8414276     68.21    548684   7423552         0         0
13:39:02        69032     10436   8131248     99.87         0      3236   8414276     68.21    548684   7423552         0         0
13:39:07        69032     10436   8131248     99.87         0      3236   8414276     68.21    548684   7423552         0         0
13:39:12        69032     10436   8131248     99.87         0      3236   8414276     68.21    548684   7423552         0         0
13:39:17        69032     10436   8131248     99.87         0      3236   8414276     68.21    548684   7423552         0         0
13:39:22        69032     10436   8131248     99.87         0      3236   8414276     68.21    548684   7423552         0         0
13:39:27        69032     10436   8131248     99.87         0      3236   8414276     68.21    548808   7423552         0         0
13:39:32        69032     10436   8131248     99.87         0      3236   8414276     68.21    548808   7423552         0         0
13:39:37        69032     10436   8131248     99.87         0      3236   8414276     68.21    548808   7423552         0         0
13:39:42        69032     10436   8131248     99.87         0      3236   8414276     68.21    548808   7423552         0         0
13:39:47        69032     10436   8131248     99.87         0      3240   8414276     68.21    548808   7423552         0         0
13:39:52        69032     10436   8131248     99.87         0      3240   8414276     68.21    548808   7423552         0         0
13:39:57        69032     10436   8131248     99.87         0      3240   8414276     68.21    548932   7423552         0         0
13:40:02        69032     10436   8131248     99.87         0      3240   8414276     68.21    548932   7423552         0         0
13:40:07        69032     10436   8131248     99.87         0      3240   8414276     68.21    548932   7423552         0         0
13:40:12        69032     10436   8131248     99.87         0      3240   8414276     68.21    548932   7423552         0         0
13:40:17        69032     10436   8131248     99.87         0      3240   8414276     68.21    548932   7423552         0         0
13:40:22        69032     10436   8131248     99.87         0      3240   8414276     68.21    549056   7423552         0         0
13:40:27        69032     10436   8131248     99.87         0      3240   8414276     68.21    549056   7423552         0         0
13:40:32        69032     10436   8131248     99.87         0      3240   8414276     68.21    549056   7423552         0         0
13:40:37        69032     10436   8131248     99.87         0      3240   8414276     68.21    549056   7423552         0         0
13:40:42        83312     24456   8117228     99.70         0      2940   8414276     68.21   1019980   6936868         0         0
13:40:47        83060     24204   8117480     99.70         0      2948   8414276     68.21   1019980   6936868         0         0
13:40:52        83060     24204   8117480     99.70         0      2948   8414276     68.21   1020100   6936872         0         0
13:40:57        83060     24204   8117480     99.70         0      2948   8414276     68.21   1020100   6936872         0         0
13:41:02        83340     24484   8117200     99.70         0      2948   8414276     68.21   1020100   6936872         0         0
13:41:07        83780     24924   8116760     99.69         0      2952   8414276     68.21   1020100   6936872         0         0
13:41:12        83780     24924   8116760     99.69         0      2952   8414276     68.21   1020100   6936872         0         0
13:41:17        52252     52252   8089432     99.36         0      2944   8414276     68.21   1824804   6166736         0         0
13:41:22        65032      5288   8136396     99.94         0      1180   8414276     68.21    492332   7485116         0         0
13:41:27        65032      5288   8136396     99.94         0      1180   8414276     68.21    492332   7485116         0         0
13:41:32        65032      5288   8136396     99.94         0      1180   8414276     68.21    492332   7485116         0         0
13:41:37        65032      5288   8136396     99.94         0      1180   8414276     68.21    492332   7485116         0         0
13:41:42        65032      5288   8136396     99.94         0      1180   8414276     68.21    492332   7485116         0         0
13:41:47        65032      5288   8136396     99.94         0      1180   8414276     68.21    492332   7485116         0         0
13:41:52        65032      5288   8136396     99.94         0      1180   8414276     68.21    492332   7485116         0         0
13:41:57        65032      5288   8136396     99.94         0      1180   8414276     68.21    492332   7485116         0         0
13:42:02        64024      4280   8137404     99.95         0      1188   8414276     68.21    492452   7485120         0         0
13:42:07        64024      4280   8137404     99.95         0      1188   8414276     68.21    492452   7485120         0         0
13:42:12        64024      4280   8137404     99.95         0      1188   8414276     68.21    492452   7485120         0         0
13:42:17        64024      4280   8137404     99.95         0      1188   8414276     68.21    492452   7485120         0         0
13:42:22        63772      4028   8137656     99.95         0      1192   8414276     68.21    492452   7485120         0         0
13:42:27        63772      4028   8137656     99.95         0      1192   8414276     68.21    492452   7485120         0         0
13:42:32        80164     20124   8121560     99.75         0       824   8414276     68.21   1227124   6730576         0         0
13:42:37        79252     19528   8122156     99.76         0      1392   8414276     68.21   1227680   6730764         0         0
13:42:42        79252     19528   8122156     99.76         0      1392   8414276     68.21   1227680   6730764         0         0
13:42:47        80180     20456   8121228     99.75         0      1392   8414276     68.21   1227680   6730764         0         0
13:42:52        80268     20544   8121140     99.75         0      1392   8414276     68.21   1227680   6730764         0         0
13:42:57        80268     20544   8121140     99.75         0      1392   8414276     68.21   1227680   6730764         0         0
13:43:03        80268     20544   8121140     99.75         0      1392   8414276     68.21   1227800   6730768         0         0
13:43:08        80268     20544   8121140     99.75         0      1392   8414276     68.21   1227800   6730768         0         0
13:43:13        80268     20544   8121140     99.75         0      1392   8414276     68.21   1227800   6730768         0         0
13:43:18        80268     20544   8121140     99.75         0      1392   8414276     68.21   1227800   6730768         0         0
13:43:23        80268     20544   8121140     99.75         0      1392   8414276     68.21   1227800   6730768         0         0
13:43:28        80268     20544   8121140     99.75         0      1392   8414276     68.21   1227800   6730768         0         0
13:43:33        80268     20544   8121140     99.75         0      1392   8414276     68.21   1227800   6730768         0         0
13:43:38        80268     20544   8121140     99.75         0      1392   8414276     68.21   1227920   6730772         0         0
13:43:43        80268     20544   8121140     99.75         0      1392   8414276     68.21   1227920   6730772         0         0
13:43:48        80520     20856   8120828     99.74         0      1396   8414276     68.21   1227936   6730880         0         0
13:43:53        80520     20856   8120828     99.74         0      1396   8414276     68.21   1227936   6730880         0         0
13:43:58        80520     20856   8120828     99.74         0      1396   8414276     68.21   1227936   6730880         0         0
13:44:03        80520     20856   8120828     99.74         0      1396   8414276     68.21   1227936   6730880         0         0
13:44:08        80520     20856   8120828     99.74         0      1396   8414276     68.21   1227936   6730880         0         0
13:44:13        80520     20856   8120828     99.74         0      1396   8414276     68.21   1227936   6730880         0         0
13:44:18        80520     20856   8120828     99.74         0      1396   8414276     68.21   1228056   6730884         0         0
13:44:23        80520     20856   8120828     99.74         0      1396   8414276     68.21   1228056   6730884         0         0
13:44:28        80520     20856   8120828     99.74         0      1396   8414276     68.21   1228056   6730884         0         0
13:44:33        80520     20856   8120828     99.74         0      1396   8414276     68.21   1228056   6730884         0         0
13:44:38        80520     20856   8120828     99.74         0      1396   8414276     68.21   1228056   6730884         0         0
13:44:43        80520     20856   8120828     99.74         0      1396   8414276     68.21   1228056   6730884         0         0
13:44:48        80520     20856   8120828     99.74         0      1396   8414276     68.21   1228056   6730884         0         0
13:44:53        80520     20856   8120828     99.74         0      1396   8414276     68.21   1228056   6730884         0         0
13:44:58        80520     20856   8120828     99.74         0      1400   8414276     68.21   1228056   6730884         0         0
13:45:03        80520     20856   8120828     99.74         0      1400   8414276     68.21   1228176   6730888         0         0
13:45:08        80520     20856   8120828     99.74         0      1400   8414276     68.21   1228176   6730888         0         0
13:45:13        81000     21336   8120348     99.74         0      1400   8414276     68.21   1228176   6730888         0         0
13:45:18        81000     21336   8120348     99.74         0      1400   8414276     68.21   1228176   6730888         0         0
13:45:23        81000     21336   8120348     99.74         0      1400   8414276     68.21   1228176   6730888         0         0
13:45:28        81000     21336   8120348     99.74         0      1400   8414276     68.21   1228176   6730888         0         0
13:45:33        81000     21336   8120348     99.74         0      1400   8414276     68.21   1228176   6730888         0         0
13:45:38        81000     21336   8120348     99.74         0      1400   8414276     68.21   1228176   6730888         0         0
13:45:43        80236     20572   8121112     99.75         0      1408   8414276     68.21   1228176   6730888         0         0
13:45:48        80236     20572   8121112     99.75         0      1408   8414276     68.21   1228296   6730892         0         0
13:45:53        80236     20572   8121112     99.75         0      1408   8414276     68.21   1228296   6730892         0         0
13:45:58        80236     20572   8121112     99.75         0      1408   8414276     68.21   1228296   6730892         0         0
13:46:03        80236     20572   8121112     99.75         0      1408   8414276     68.21   1228296   6730892         0         0
13:46:08        80236     20572   8121112     99.75         0      1408   8414276     68.21   1228296   6730892         0         0
13:46:13        80236     20572   8121112     99.75         0      1408   8414276     68.21   1228296   6730892         0         0
13:46:18        80236     20572   8121112     99.75         0      1408   8414276     68.21   1228296   6730892         0         0
13:46:23        80236     20572   8121112     99.75         0      1408   8414276     68.21   1228296   6730892         0         0
13:46:28        80236     20572   8121112     99.75         0      1408   8414276     68.21   1228296   6730892         0         0
13:46:33        80236     20572   8121112     99.75         0      1408   8414276     68.21   1228416   6730896         0         0
13:46:38        80236     20572   8121112     99.75         0      1408   8414276     68.21   1228416   6730896         0         0
13:46:43        59564     59564   8082120     99.27         0      1472   8414276     68.21    909980   7064592         0         0
13:46:48        59564     59564   8082120     99.27         0      1476   8414276     68.21    909980   7064592         0         0
13:46:53        59564     59564   8082120     99.27         0      1476   8414276     68.21    909980   7064592         0         0
13:46:58        61948      2316   8139368     99.97         0      1476   8414276     68.21    909980   7064592         0         0
13:47:03        63808      4176   8137508     99.95         0      1476   8414276     68.21    909980   7064592         0         0
13:47:08        64652      5020   8136664     99.94         0      1476   8414276     68.21    910100   7064596         0         0
13:47:13        64768      5136   8136548     99.94         0      1476   8414276     68.21    910100   7064596         0         0
13:47:18        48468     48468   8093216     99.40         0      1476   8414276     68.21   3443748   4542824         0         0
13:47:23        95644     35740   8105944     99.56         0       976   8414276     68.21    743632   7198160         0         0
13:47:28        95476     35872   8105812     99.56         0      1668   8414276     68.21    743956   7198456         0         0
13:47:33        95476     35872   8105812     99.56         0      1672   8414276     68.21    743956   7198456         0         0
13:47:38        96208     36604   8105080     99.55         0      1672   8414276     68.21    744076   7198460         0         0
13:47:43        97608     38004   8103680     99.53         0      1676   8414276     68.21    744076   7198460         0         0
13:47:48        98304     38700   8102984     99.52         0      1676   8414276     68.21    744076   7198460         0         0
13:47:53        98556     38952   8102732     99.52         0      1676   8414276     68.21    744076   7198460         0         0
13:47:58        98556     38952   8102732     99.52         0      1676   8414276     68.21    744076   7198460         0         0
13:48:03        98556     38952   8102732     99.52         0      1676   8414276     68.21    744076   7198460         0         0
13:48:08        98556     38952   8102732     99.52         0      1676   8414276     68.21    744076   7198460         0         0
13:48:13        98556     38952   8102732     99.52         0      1676   8414276     68.21    744196   7198464         0         0
13:48:18        98556     38952   8102732     99.52         0      1676   8414276     68.21    744196   7198464         0         0
13:48:23        98556     38952   8102732     99.52         0      1676   8414276     68.21    744196   7198464         0         0
13:48:28        98556     38952   8102732     99.52         0      1676   8414276     68.21    744196   7198464         0         0
13:48:33       111896     52056   8089628     99.36         0      1208   8414276     68.21   3465144   4462872         0         0
13:48:38       111952     52176   8089508     99.36         0      1216   8414276     68.21   3465196   4462944         0         0
13:48:43       112492     52716   8088968     99.35         0      1216   8414276     68.21   3465316   4462948         0         0
13:48:48       112492     52716   8088968     99.35         0      1216   8414276     68.21   3465316   4462948         0         0
13:48:53       112492     52716   8088968     99.35         0      1216   8414276     68.21   3465316   4462948         0         0
13:48:58       112492     52716   8088968     99.35         0      1216   8414276     68.21   3465316   4462948         0         0
13:49:03       112492     52716   8088968     99.35         0      1216   8414276     68.21   3465316   4462948         0         0
13:49:08       112492     52716   8088968     99.35         0      1216   8414276     68.21   3465316   4462948         0         0
13:49:13       112492     52716   8088968     99.35         0      1216   8414276     68.21   3465316   4462948         0         0
13:49:18       112492     52716   8088968     99.35         0      1216   8414276     68.21   3465316   4462948         0         0
13:49:23       112492     52716   8088968     99.35         0      1216   8414276     68.21   3465436   4462952         0         0
13:49:28       111988     52212   8089472     99.36         0      1224   8414276     68.21   3465436   4462952         0         0
13:49:33       111988     52212   8089472     99.36         0      1224   8414276     68.21   3465436   4462952         0         0
13:49:38       111988     52212   8089472     99.36         0      1224   8414276     68.21   3465436   4462952         0         0
13:49:43       111988     52212   8089472     99.36         0      1224   8414276     68.21   3465436   4462952         0         0
13:49:48       111988     52212   8089472     99.36         0      1224   8414276     68.21   3465436   4462952         0         0
13:49:53       111988     52212   8089472     99.36         0      1228   8414276     68.21   3465436   4462952         0         0
13:49:58       111988     52212   8089472     99.36         0      1228   8414276     68.21   3465556   4462956         0         0
13:50:03       111988     52212   8089472     99.36         0      1228   8414276     68.21   3465556   4462956         0         0
13:50:08       111988     52212   8089472     99.36         0      1232   8414276     68.21   3465556   4462956         0         0
13:50:13       111988     52212   8089472     99.36         0      1232   8414276     68.21   3465556   4462956         0         0
13:50:18       111988     52212   8089472     99.36         0      1232   8414276     68.21   3465556   4462956         0         0
13:50:23       111988     52212   8089472     99.36         0      1232   8414276     68.21   3465556   4462956         0         0
13:50:28       111988     52212   8089472     99.36         0      1232   8414276     68.21   3465556   4462956         0         0
13:50:33       111988     52212   8089472     99.36         0      1232   8414276     68.21   3465556   4462956         0         0
13:50:38       111988     52212   8089472     99.36         0      1232   8414276     68.21   3465676   4462960         0         0
13:50:43       111988     52212   8089472     99.36         0      1232   8414276     68.21   3465676   4462960         0         0
13:50:48       111988     52212   8089472     99.36         0      1232   8414276     68.21   3465676   4462960         0         0
13:50:53       111988     52212   8089472     99.36         0      1232   8414276     68.21   3465676   4462960         0         0
13:50:58       111988     52212   8089472     99.36         0      1232   8414276     68.21   3465676   4462960         0         0
13:51:03       111988     52212   8089472     99.36         0      1232   8414276     68.21   3465676   4462960         0         0
13:51:08       111988     52212   8089472     99.36         0      1232   8414276     68.21   3465676   4462960         0         0
13:51:13       111988     52212   8089472     99.36         0      1232   8414276     68.21   3465676   4462960         0         0
13:51:18       111988     52212   8089472     99.36         0      1232   8414276     68.21   3465676   4462960         0         0
13:51:23       111988     52212   8089472     99.36         0      1232   8414276     68.21   3465796   4462964         0         0
13:51:28       111988     52212   8089472     99.36         0      1232   8414276     68.21   3465796   4462964         0         0
13:51:33       111988     52212   8089472     99.36         0      1232   8414276     68.21   3465796   4462964         0         0
13:51:38       111988     52212   8089472     99.36         0      1232   8414276     68.21   3465796   4462964         0         0
13:51:43       111988     52212   8089472     99.36         0      1232   8414276     68.21   3465796   4462964         0         0
13:51:48       111736     51960   8089724     99.36         0      1232   8414276     68.21   3465796   4462964         0         0
13:51:53       111736     51960   8089724     99.36         0      1232   8414276     68.21   3465796   4462964         0         0
13:51:58       111736     51960   8089724     99.36         0      1232   8414276     68.21   3465796   4462964         0         0
13:52:03       111736     51960   8089724     99.36         0      1232   8414276     68.21   3465796   4462964         0         0
13:52:08       111736     51960   8089724     99.36         0      1232   8414276     68.21   3465796   4462964         0         0
13:52:13       111736     51960   8089724     99.36         0      1232   8414276     68.21   3465796   4462964         0         0
13:52:18       111736     51964   8089720     99.36         0      1232   8414276     68.21   3465908   4462976         0         0
13:52:23       111736     51964   8089720     99.36         0      1232   8414276     68.21   3465908   4462976         0         0
13:52:28       111736     51964   8089720     99.36         0      1232   8414276     68.21   3465908   4462976         0         0
13:52:33       111736     51964   8089720     99.36         0      1232   8414276     68.21   3465908   4462976         0         0
13:52:38       111736     51964   8089720     99.36         0      1232   8414276     68.21   3465908   4462976         0         0
13:52:43        63628      3856   8137828     99.95         0      1236   8414276     68.21   3506492   4462748         0         0
13:52:48        55344     55344   8086340     99.32         0      1200   8414276     68.21   6346844   1640812         0         0
13:52:53        78940     18924   8122760     99.77         0       664   8414276     68.21   1840832   6118812         0         0
13:52:58        78652     18760   8122924     99.77         0      1044   8414276     68.21   1840972   6118920         0         0
13:53:03        78652     18760   8122924     99.77         0      1044   8414276     68.21   1840972   6118920         0         0
13:53:08        78652     18760   8122924     99.77         0      1052   8414276     68.21   1840972   6118920         0         0
13:53:13        78652     18760   8122924     99.77         0      1052   8414276     68.21   1840972   6118920         0         0
13:53:18        78652     18760   8122924     99.77         0      1052   8414276     68.21   1841092   6118924         0         0
13:53:23        71612     11676   8130008     99.86         0       968   8414276     68.21   7506628    460960         0         0
13:53:28        70916     10980   8130704     99.87         0       976   8414276     68.21   7506736    460980         0         0
13:53:33        71272     11336   8130348     99.86         0       976   8414276     68.21   7506736    460980         0         0
13:53:38        72240     12304   8129380     99.85         0       976   8414276     68.21   7506736    460980         0         0
13:53:43        72480     12544   8129140     99.85         0       976   8414276     68.21   7506736    460980         0         0
13:53:48        72480     12544   8129140     99.85         0       976   8414276     68.21   7506736    460980         0         0
13:53:53        72480     12544   8129140     99.85         0       976   8414276     68.21   7506736    460980         0         0
13:53:58        72480     12544   8129140     99.85         0       976   8414276     68.21   7506856    460984         0         0
13:54:03        72480     12544   8129140     99.85         0       976   8414276     68.21   7506856    460984         0         0
13:54:08        72480     12544   8129140     99.85         0       976   8414276     68.21   7506856    460984         0         0
13:54:13        72480     12544   8129140     99.85         0       976   8414276     68.21   7506856    460984         0         0
13:54:18        71976     12040   8129644     99.85         0       980   8414276     68.21   7506856    460984         0         0
13:54:23        71976     12040   8129644     99.85         0       980   8414276     68.21   7506856    460984         0         0
13:54:28        71976     12040   8129644     99.85         0       980   8414276     68.21   7506856    460984         0         0
13:54:33        77432     17468   8124216     99.79         0       932   8414276     68.21   2824840   5130616         0         0
13:54:38        76968     17224   8124460     99.79         0      1336   8414276     68.21   2825288   5130984         0         0
13:54:43        79284     19540   8122144     99.76         0      1336   8414276     68.21   2825288   5130984         0         0
13:54:48        81192     21448   8120236     99.74         0      1336   8414276     68.21   2825288   5130984         0         0
13:54:53        82220     22476   8119208     99.72         0      1336   8414276     68.21   2825288   5130984         0         0
13:54:58        82676     22932   8118752     99.72         0      1336   8414276     68.21   2825288   5130984         0         0
13:55:03        82676     22932   8118752     99.72         0      1336   8414276     68.21   2825288   5130984         0         0
13:55:08        82676     22932   8118752     99.72         0      1336   8414276     68.21   2825408   5130988         0         0
13:55:13        82676     22932   8118752     99.72         0      1336   8414276     68.21   2825408   5130988         0         0
13:55:18        82676     22932   8118752     99.72         0      1340   8414276     68.21   2825408   5130988         0         0
13:55:23        82676     22932   8118752     99.72         0      1340   8414276     68.21   2825408   5130988         0         0
13:55:28        82676     22932   8118752     99.72         0      1340   8414276     68.21   2825408   5130988         0         0
13:55:33        82676     22932   8118752     99.72         0      1340   8414276     68.21   2825408   5130988         0         0
13:55:38        82676     22932   8118752     99.72         0      1340   8414276     68.21   2825408   5130988         0         0
13:55:43        82676     22932   8118752     99.72         0      1340   8414276     68.21   2825528   5130992         0         0
13:55:48        82676     22932   8118752     99.72         0      1340   8414276     68.21   2825528   5130992         0         0
13:55:53        82676     22932   8118752     99.72         0      1340   8414276     68.21   2825528   5130992         0         0
13:55:58        82424     22680   8119004     99.72         0      1344   8414276     68.21   2825528   5130992         0         0
13:56:03        82424     22680   8119004     99.72         0      1344   8414276     68.21   2825528   5130992         0         0
13:56:08        82424     22680   8119004     99.72         0      1344   8414276     68.21   2825528   5130992         0         0
13:56:13        82424     22680   8119004     99.72         0      1344   8414276     68.21   2825528   5130992         0         0
13:56:18        82424     22680   8119004     99.72         0      1344   8414276     68.21   2825528   5130992         0         0
13:56:23        82424     22680   8119004     99.72         0      1344   8414276     68.21   2825648   5130996         0         0
13:56:28        82424     22680   8119004     99.72         0      1344   8414276     68.21   2825648   5130996         0         0
13:56:33        82424     22680   8119004     99.72         0      1344   8414276     68.21   2825648   5130996         0         0
13:56:38        82424     22680   8119004     99.72         0      1344   8414276     68.21   2825648   5130996         0         0
13:56:43        82424     22680   8119004     99.72         0      1344   8414276     68.21   2825648   5130996         0         0
13:56:48        82424     22680   8119004     99.72         0      1344   8414276     68.21   2825648   5130996         0         0
13:56:53        82424     22680   8119004     99.72         0      1352   8414276     68.21   2825648   5130996         0         0
13:56:58        82424     22680   8119004     99.72         0      1352   8414276     68.21   2825768   5131000         0         0
13:57:03        82424     22680   8119004     99.72         0      1352   8414276     68.21   2825768   5131000         0         0
13:57:08        82424     22680   8119004     99.72         0      1352   8414276     68.21   2825768   5131000         0         0
13:57:13        82424     22680   8119004     99.72         0      1352   8414276     68.21   2825768   5131000         0         0
13:57:18        82424     22680   8119004     99.72         0      1352   8414276     68.21   2825768   5131000         0         0
13:57:23        82424     22680   8119004     99.72         0      1352   8414276     68.21   2825768   5131000         0         0
13:57:28        82424     22680   8119004     99.72         0      1352   8414276     68.21   2825888   5131004         0         0
13:57:33        82424     22680   8119004     99.72         0      1352   8414276     68.21   2825888   5131004         0         0
13:57:38        82424     22680   8119004     99.72         0      1352   8414276     68.21   2825888   5131004         0         0
13:57:43        82424     22680   8119004     99.72         0      1352   8414276     68.21   2825888   5131004         0         0
13:57:48        82424     22680   8119004     99.72         0      1352   8414276     68.21   2825888   5131004         0         0
13:57:53        82424     22680   8119004     99.72         0      1356   8414276     68.21   2825888   5131004         0         0
13:57:58        82424     22680   8119004     99.72         0      1356   8414276     68.21   2825888   5131004         0         0
13:58:03        82424     22680   8119004     99.72         0      1356   8414276     68.21   2825888   5131004         0         0
13:58:08        82424     22680   8119004     99.72         0      1356   8414276     68.21   2825888   5131004         0         0
13:58:13        82424     22680   8119004     99.72         0      1356   8414276     68.21   2826008   5131008         0         0
13:58:18        82424     22680   8119004     99.72         0      1356   8414276     68.21   2826008   5131008         0         0
13:58:23        82424     22680   8119004     99.72         0      1356   8414276     68.21   2826008   5131008         0         0
13:58:28        82424     22680   8119004     99.72         0      1356   8414276     68.21   2826008   5131008         0         0
13:58:33        82424     22680   8119004     99.72         0      1356   8414276     68.21   2826008   5131008         0         0
13:58:38        82424     22680   8119004     99.72         0      1356   8414276     68.21   2826008   5131008         0         0
13:58:43        82424     22680   8119004     99.72         0      1356   8414276     68.21   2826008   5131008         0         0
13:58:48        66604      6616   8135068     99.92         0      1552   8414276     68.21   1736860   6234352         0         0
13:58:53        66308      6752   8134932     99.92         0      1668   8414276     68.21   1737392   6234944         0         0
13:58:58        66308      6752   8134932     99.92         0      1672   8414276     68.21   1737392   6234944         0         0
13:59:03        66308      6752   8134932     99.92         0      1672   8414276     68.21   1737392   6234944         0         0
13:59:08        66604      7048   8134636     99.91         0      1672   8414276     68.21   1737392   6234944         0         0
13:59:13        66800      7244   8134440     99.91         0      1672   8414276     68.21   1737392   6234944         0         0
13:59:18        66992      7436   8134248     99.91         0      1672   8414276     68.21   1737512   6234948         0         0
13:59:23        60348       224   8141460    100.00         0       688   8414276     68.21    266368   7702640         0         0
13:59:28        68496      9564   8132120     99.88         0      3000   8414276     68.21    380812   7584012         0         0
13:59:33        72284     13352   8128332     99.84         0      3004   8414276     68.21    380812   7584012         0         0
13:59:38        74252     15320   8126364     99.81         0      3004   8414276     68.21    380812   7584012         0         0
13:59:43        75268     16336   8125348     99.80         0      3004   8414276     68.21    380812   7584012         0         0
13:59:48        75548     16616   8125068     99.80         0      3004   8414276     68.21    380812   7584012         0         0
13:59:53        75548     16636   8125048     99.80         0      3004   8414276     68.21    380892   7584056         0         0
13:59:58        75548     16636   8125048     99.80         0      3004   8414276     68.21    380892   7584056         0         0
14:00:03        75548     16636   8125048     99.80         0      3004   8414276     68.21    380892   7584056         0         0
14:00:08        75548     16636   8125048     99.80         0      3004   8414276     68.21    380892   7584056         0         0
14:00:13        75800     16888   8124796     99.79         0      3004   8414276     68.21    380892   7584056         0         0
14:00:18        75800     16888   8124796     99.79         0      3004   8414276     68.21    380892   7584056         0         0
14:00:23        75800     16888   8124796     99.79         0      3004   8414276     68.21    380892   7584056         0         0
14:00:28        75548     16636   8125048     99.80         0      3008   8414276     68.21    380892   7584056         0         0
14:00:33        75296     16384   8125300     99.80         0      3016   8414276     68.21    381012   7584060         0         0
14:00:38        72656     13776   8127908     99.83         0      3080   8414276     68.21    563388   7404520         0         0
14:00:43        72656     13776   8127908     99.83         0      3080   8414276     68.21    563388   7404520         0         0
14:00:48        71648     12768   8128916     99.84         0      3084   8414276     68.21    563388   7404520         0         0
14:00:53        71648     12768   8128916     99.84         0      3084   8414276     68.21    563508   7404524         0         0
14:00:58        71648     12768   8128916     99.84         0      3084   8414276     68.21    563508   7404524         0         0
14:01:03        71648     12768   8128916     99.84         0      3084   8414276     68.21    563508   7404524         0         0
14:01:08        71648     12768   8128916     99.84         0      3084   8414276     68.21    563508   7404524         0         0
14:01:13        71648     12768   8128916     99.84         0      3084   8414276     68.21    563508   7404524         0         0
14:01:18        71648     12768   8128916     99.84         0      3084   8414276     68.21    563508   7404524         0         0
14:01:23        71648     12768   8128916     99.84         0      3084   8414276     68.21    563508   7404524         0         0
14:01:28        71648     12768   8128916     99.84         0      3084   8414276     68.21    563628   7404528         0         0
14:01:33        71648     12768   8128916     99.84         0      3084   8414276     68.21    563628   7404528         0         0
14:01:38        71648     12768   8128916     99.84         0      3084   8414276     68.21    563628   7404528         0         0
14:01:43        71648     12768   8128916     99.84         0      3084   8414276     68.21    563628   7404528         0         0
14:01:48        71648     12768   8128916     99.84         0      3084   8414276     68.21    563628   7404528         0         0
14:01:53        71648     12768   8128916     99.84         0      3084   8414276     68.21    563628   7404528         0         0
14:01:58        71648     12768   8128916     99.84         0      3084   8414276     68.21    563628   7404528         0         0
14:02:03        71396     12516   8129168     99.85         0      3088   8414276     68.21    563748   7404532         0         0
14:02:08        71396     12516   8129168     99.85         0      3088   8414276     68.21    563748   7404532         0         0
14:02:13        71396     12516   8129168     99.85         0      3088   8414276     68.21    563748   7404532         0         0
14:02:18        71396     12516   8129168     99.85         0      3088   8414276     68.21    563748   7404532         0         0
14:02:23        71396     12516   8129168     99.85         0      3088   8414276     68.21    563748   7404532         0         0
14:02:28        71396     12516   8129168     99.85         0      3088   8414276     68.21    563748   7404532         0         0
14:02:33        71396     12516   8129168     99.85         0      3088   8414276     68.21    563748   7404532         0         0
14:02:38        71396     12516   8129168     99.85         0      3088   8414276     68.21    563748   7404532         0         0
14:02:43        71396     12516   8129168     99.85         0      3088   8414276     68.21    563868   7404536         0         0
14:02:48        71396     12516   8129168     99.85         0      3088   8414276     68.21    563868   7404536         0         0
14:02:53        71396     12516   8129168     99.85         0      3088   8414276     68.21    563868   7404536         0         0
14:02:58        71396     12516   8129168     99.85         0      3088   8414276     68.21    563868   7404536         0         0
14:03:03        71396     12516   8129168     99.85         0      3092   8414276     68.21    563868   7404536         0         0
14:03:08        71396     12516   8129168     99.85         0      3092   8414276     68.21    563868   7404536         0         0
14:03:13        71396     12516   8129168     99.85         0      3092   8414276     68.21    563868   7404536         0         0
14:03:18        71396     12516   8129168     99.85         0      3092   8414276     68.21    563988   7404540         0         0
14:03:23        71396     12516   8129168     99.85         0      3092   8414276     68.21    563988   7404540         0         0
14:03:28        71396     12516   8129168     99.85         0      3092   8414276     68.21    563988   7404540         0         0
14:03:33        71396     12516   8129168     99.85         0      3092   8414276     68.21    563988   7404540         0         0
14:03:38        71396     12516   8129168     99.85         0      3092   8414276     68.21    563988   7404540         0         0
14:03:43        71396     12516   8129168     99.85         0      3092   8414276     68.21    563988   7404540         0         0
14:03:48        71396     12516   8129168     99.85         0      3092   8414276     68.21    563988   7404540         0         0
14:03:53        71396     12516   8129168     99.85         0      3092   8414276     68.21    564108   7404544         0         0
14:03:58        71396     12516   8129168     99.85         0      3092   8414276     68.21    564108   7404544         0         0
14:04:03        71396     12516   8129168     99.85         0      3092   8414276     68.21    564108   7404544         0         0
14:04:08        71396     12516   8129168     99.85         0      3092   8414276     68.21    564108   7404544         0         0
14:04:13        71396     12516   8129168     99.85         0      3092   8414276     68.21    564108   7404544         0         0
14:04:18        71396     12516   8129168     99.85         0      3100   8414276     68.21    564108   7404544         0         0
14:04:23        71396     12516   8129168     99.85         0      3100   8414276     68.21    564108   7404544         0         0
14:04:28        71396     12516   8129168     99.85         0      3100   8414276     68.21    564108   7404544         0         0
14:04:33        71396     12516   8129168     99.85         0      3100   8414276     68.21    564228   7404548         0         0
14:04:38        71396     12516   8129168     99.85         0      3100   8414276     68.21    564228   7404548         0         0
14:04:43        71396     12516   8129168     99.85         0      3100   8414276     68.21    564228   7404548         0         0
14:04:48        55752     55752   8085932     99.32         0      3100   8414276     68.21   2676536   5310432         0         0
14:04:53        88052     28600   8113084     99.65         0      2044   8414276     68.21   5343844   2608260         0         0
14:04:58        87088     27760   8113924     99.66         0      2328   8414276     68.21   5343900   2608452         0         0
14:05:03        87088     27760   8113924     99.66         0      2328   8414276     68.21   5343900   2608452         0         0
14:05:08        87088     27760   8113924     99.66         0      2332   8414276     68.21   5343900   2608452         0         0
14:05:13        87088     27760   8113924     99.66         0      2332   8414276     68.21   5343900   2608452         0         0
14:05:18        87088     27760   8113924     99.66         0      2332   8414276     68.21   5343900   2608452         0         0
14:05:23        76856     17528   8124156     99.78         0      2332   8414276     68.21   6137772   1827220         0         0
14:05:28        76680     17392   8124292     99.79         0      2396   8414276     68.21   6137824   1827208         0         0
14:05:33        76680     17392   8124292     99.79         0      2396   8414276     68.21   6137824   1827208         0         0
14:05:38        76428     17140   8124544     99.79         0      2400   8414276     68.21   6137944   1827212         0         0
14:05:43        76428     17140   8124544     99.79         0      2400   8414276     68.21   6137944   1827212         0         0
14:05:48        76428     17140   8124544     99.79         0      2400   8414276     68.21   6137944   1827212         0         0
14:05:53        76428     17140   8124544     99.79         0      2400   8414276     68.21   6137944   1827212         0         0
14:05:58        76428     17140   8124544     99.79         0      2400   8414276     68.21   6137944   1827212         0         0
14:06:03        76428     17140   8124544     99.79         0      2400   8414276     68.21   6137944   1827212         0         0
14:06:08        76428     17140   8124544     99.79         0      2400   8414276     68.21   6137944   1827212         0         0
14:06:13        76428     17140   8124544     99.79         0      2400   8414276     68.21   6137944   1827212         0         0
14:06:18        74468     15180   8126504     99.81         0      2400   8414276     68.21   6137944   1827212         0         0
14:06:23        74832     15544   8126140     99.81         0      2400   8414276     68.21   6138064   1827216         0         0
14:06:28        75392     16104   8125580     99.80         0      2400   8414276     68.21   6138064   1827216         0         0
14:06:33        75392     16104   8125580     99.80         0      2400   8414276     68.21   6138064   1827216         0         0
14:06:38        66808      7888   8133796     99.90         0      3136   8414276     68.21    383996   7589908         0         0
14:06:43        66148      7344   8134340     99.91         0      3296   8414276     68.21    384004   7590140         0         0
14:06:48        66148      7344   8134340     99.91         0      3296   8414276     68.21    384004   7590140         0         0
14:06:53        66148      7344   8134340     99.91         0      3296   8414276     68.21    384004   7590140         0         0
14:06:58        66148      7344   8134340     99.91         0      3296   8414276     68.21    384004   7590140         0         0
14:07:03        66148      7364   8134320     99.91         0      3296   8414276     68.21    384080   7590188         0         0
14:07:08        66148      7364   8134320     99.91         0      3296   8414276     68.21    384080   7590188         0         0
14:07:13        66148      7364   8134320     99.91         0      3296   8414276     68.21    384080   7590188         0         0
14:07:18        66148      7364   8134320     99.91         0      3296   8414276     68.21    384080   7590188         0         0
14:07:23        66148      7364   8134320     99.91         0      3300   8414276     68.21    384080   7590188         0         0
14:07:28        66148      7364   8134320     99.91         0      3300   8414276     68.21    384080   7590188         0         0
14:07:33        66148      7364   8134320     99.91         0      3300   8414276     68.21    384080   7590188         0         0
14:07:38        66148      7364   8134320     99.91         0      3300   8414276     68.21    384080   7590188         0         0
14:07:43        66148      7364   8134320     99.91         0      3300   8414276     68.21    384200   7590192         0         0
14:07:48        66148      7364   8134320     99.91         0      3300   8414276     68.21    384200   7590192         0         0
14:07:53        66148      7364   8134320     99.91         0      3300   8414276     68.21    384200   7590192         0         0
14:07:58        66148      7364   8134320     99.91         0      3308   8414276     68.21    384200   7590192         0         0
14:08:03        66148      7364   8134320     99.91         0      3308   8414276     68.21    384200   7590192         0         0
14:08:08        65644      6860   8134824     99.92         0      3312   8414276     68.21    384200   7590192         0         0
14:08:13        65644      6860   8134824     99.92         0      3316   8414276     68.21    384200   7590192         0         0
14:08:18        65644      6860   8134824     99.92         0      3316   8414276     68.21    384320   7590196         0         0
14:08:23        65644      6860   8134824     99.92         0      3316   8414276     68.21    384320   7590196         0         0
14:08:28        65644      6860   8134824     99.92         0      3316   8414276     68.21    384320   7590196         0         0
14:08:33        65644      6860   8134824     99.92         0      3316   8414276     68.21    384320   7590196         0         0
14:08:38        65644      6860   8134824     99.92         0      3316   8414276     68.21    384320   7590196         0         0
14:08:43        65644      6860   8134824     99.92         0      3316   8414276     68.21    384320   7590196         0         0
14:08:48        65644      6860   8134824     99.92         0      3316   8414276     68.21    384320   7590196         0         0
14:08:53        65644      6860   8134824     99.92         0      3316   8414276     68.21    384320   7590196         0         0
14:08:58        65644      6860   8134824     99.92         0      3316   8414276     68.21    384440   7590200         0         0
14:09:03        65644      6860   8134824     99.92         0      3316   8414276     68.21    384440   7590200         0         0
14:09:08        65644      6860   8134824     99.92         0      3316   8414276     68.21    384440   7590200         0         0
14:09:13        65644      6860   8134824     99.92         0      3316   8414276     68.21    384440   7590200         0         0
14:09:18        65644      6860   8134824     99.92         0      3316   8414276     68.21    384440   7590200         0         0
14:09:23        65644      6860   8134824     99.92         0      3316   8414276     68.21    384440   7590200         0         0
14:09:28        65644      6860   8134824     99.92         0      3316   8414276     68.21    384440   7590200         0         0
14:09:33        65644      6860   8134824     99.92         0      3316   8414276     68.21    384440   7590200         0         0
14:09:38        65644      6860   8134824     99.92         0      3316   8414276     68.21    384560   7590204         0         0
14:09:43        65644      6860   8134824     99.92         0      3316   8414276     68.21    384560   7590204         0         0
14:09:48        65644      6860   8134824     99.92         0      3316   8414276     68.21    384560   7590204         0         0
14:09:53        65644      6860   8134824     99.92         0      3316   8414276     68.21    384560   7590204         0         0
14:09:58        65644      6860   8134824     99.92         0      3316   8414276     68.21    384560   7590204         0         0
14:10:03        65644      6860   8134824     99.92         0      3316   8414276     68.21    384560   7590204         0         0
14:10:08        65644      6860   8134824     99.92         0      3316   8414276     68.21    384560   7590204         0         0
14:10:13        65644      6860   8134824     99.92         0      3316   8414276     68.21    384560   7590204         0         0
14:10:18        65644      6860   8134824     99.92         0      3316   8414276     68.21    384560   7590204         0         0
14:10:23        65644      6860   8134824     99.92         0      3316   8414276     68.21    384680   7590208         0         0
14:10:28        65644      6860   8134824     99.92         0      3316   8414276     68.21    384680   7590208         0         0
14:10:33        65644      6860   8134824     99.92         0      3316   8414276     68.21    384680   7590208         0         0
14:10:38        65644      6860   8134824     99.92         0      3316   8414276     68.21    384680   7590208         0         0
14:10:43        65644      6860   8134824     99.92         0      3316   8414276     68.21    384680   7590208         0         0
14:10:48        39944     39944   8101740     99.51         0      2636   8414276     68.21    651628   7343604         0         0
14:10:53        83916     24580   8117104     99.70         0      2240   8414276     68.21    431176   7527416         0         0
14:10:58        83412     24076   8117608     99.70         0      2244   8414276     68.21    431176   7527416         0         0
14:11:03        83412     24076   8117608     99.70         0      2244   8414276     68.21    431176   7527416         0         0
14:11:08        83412     24076   8117608     99.70         0      2244   8414276     68.21    431176   7527416         0         0
14:11:13        82404     23068   8118616     99.72         0      2248   8414276     68.21    431176   7527416         0         0
14:11:18        82404     23068   8118616     99.72         0      2248   8414276     68.21    431176   7527416         0         0
14:11:23        82404     23068   8118616     99.72         0      2248   8414276     68.21    431176   7527416         0         0
14:11:28        76092     16804   8124880     99.79         0      2312   8414276     68.21   6385084   1579544         0         0
14:11:33        76092     16804   8124880     99.79         0      2312   8414276     68.21   6385084   1579544         0         0
14:11:38        76092     16804   8124880     99.79         0      2312   8414276     68.21   6385084   1579544         0         0
14:11:43        75084     15796   8125888     99.81         0      2320   8414276     68.21   6385084   1579544         0         0
14:11:48        75084     15796   8125888     99.81         0      2320   8414276     68.21   6385204   1579548         0         0
14:11:53        75084     15796   8125888     99.81         0      2320   8414276     68.21   6385204   1579548         0         0
14:11:58        75084     15796   8125888     99.81         0      2320   8414276     68.21   6385204   1579548         0         0
14:12:03        75084     15796   8125888     99.81         0      2320   8414276     68.21   6385204   1579548         0         0
14:12:08        75084     15796   8125888     99.81         0      2320   8414276     68.21   6385204   1579548         0         0
14:12:13        75084     15796   8125888     99.81         0      2320   8414276     68.21   6385204   1579548         0         0
14:12:18        75084     15796   8125888     99.81         0      2320   8414276     68.21   6385204   1579548         0         0
14:12:23        75084     15796   8125888     99.81         0      2320   8414276     68.21   6385204   1579548         0         0
14:12:28        75084     15796   8125888     99.81         0      2320   8414276     68.21   6385204   1579548         0         0
14:12:33        75084     15796   8125888     99.81         0      2320   8414276     68.21   6385204   1579548         0         0
14:12:38        66672      7616   8134068     99.91         0      2812   8414276     68.21   3686828   4287212         0         0
14:12:43        65108      6176   8135508     99.92         0      3000   8414276     68.21   3686956   4287540         0         0
14:12:48        65108      6176   8135508     99.92         0      3000   8414276     68.21   3686956   4287540         0         0
14:12:53        65108      6176   8135508     99.92         0      3000   8414276     68.21   3687076   4287544         0         0
14:12:58        65108      6176   8135508     99.92         0      3000   8414276     68.21   3687076   4287544         0         0
14:13:03        65108      6176   8135508     99.92         0      3000   8414276     68.21   3687076   4287544         0         0
14:13:08        65108      6176   8135508     99.92         0      3000   8414276     68.21   3687076   4287544         0         0
14:13:13        65108      6176   8135508     99.92         0      3000   8414276     68.21   3687076   4287544         0         0
14:13:18        65108      6176   8135508     99.92         0      3000   8414276     68.21   3687076   4287544         0         0
14:13:23        64604      5672   8136012     99.93         0      3004   8414276     68.21   3687076   4287544         0         0
14:13:28        64604      5672   8136012     99.93         0      3004   8414276     68.21   3687076   4287544         0         0
14:13:33        64604      5672   8136012     99.93         0      3004   8414276     68.21   3687076   4287544         0         0
14:13:38        64604      5672   8136012     99.93         0      3004   8414276     68.21   3687196   4287548         0         0
14:13:43        64604      5672   8136012     99.93         0      3004   8414276     68.21   3687196   4287548         0         0
14:13:48        64604      5672   8136012     99.93         0      3004   8414276     68.21   3687196   4287548         0         0
14:13:53        64604      5672   8136012     99.93         0      3004   8414276     68.21   3687196   4287548         0         0
14:13:58        64604      5672   8136012     99.93         0      3008   8414276     68.21   3687196   4287548         0         0
14:14:03        64604      5672   8136012     99.93         0      3008   8414276     68.21   3687196   4287548         0         0
14:14:08        64604      5672   8136012     99.93         0      3008   8414276     68.21   3687196   4287548         0         0
14:14:13        62588      3656   8138028     99.96         0      3012   8414276     68.21   3687316   4287552         0         0
14:14:18        62588      3656   8138028     99.96         0      3012   8414276     68.21   3687316   4287552         0         0
14:14:23        62588      3656   8138028     99.96         0      3012   8414276     68.21   3687316   4287552         0         0
14:14:28        62816      3884   8137800     99.95         0      3012   8414276     68.21   3687316   4287552         0         0
14:14:33        63036      4104   8137580     99.95         0      3012   8414276     68.21   3687316   4287552         0         0
14:14:38        63228      4296   8137388     99.95         0      3012   8414276     68.21   3687316   4287552         0         0
14:14:43        63396      4464   8137220     99.95         0      3012   8414276     68.21   3687316   4287552         0         0
14:14:48        63544      4612   8137072     99.94         0      3012   8414276     68.21   3687436   4287556         0         0
14:14:53        63584      4652   8137032     99.94         0      3012   8414276     68.21   3687436   4287556         0         0
14:14:58        63584      4652   8137032     99.94         0      3012   8414276     68.21   3687436   4287556         0         0
14:15:03        63584      4652   8137032     99.94         0      3012   8414276     68.21   3687436   4287556         0         0
14:15:08        63584      4652   8137032     99.94         0      3012   8414276     68.21   3687436   4287556         0         0
14:15:13        63584      4652   8137032     99.94         0      3012   8414276     68.21   3687436   4287556         0         0
14:15:18        63584      4652   8137032     99.94         0      3012   8414276     68.21   3687436   4287556         0         0
14:15:23        63584      4652   8137032     99.94         0      3012   8414276     68.21   3687436   4287556         0         0
14:15:28        63584      4652   8137032     99.94         0      3020   8414276     68.21   3687436   4287556         0         0
14:15:33        63584      4652   8137032     99.94         0      3020   8414276     68.21   3687556   4287560         0         0
14:15:38        63584      4652   8137032     99.94         0      3020   8414276     68.21   3687556   4287560         0         0
14:15:43        63584      4652   8137032     99.94         0      3020   8414276     68.21   3687556   4287560         0         0
14:15:48        63584      4652   8137032     99.94         0      3020   8414276     68.21   3687556   4287560         0         0
14:15:53        63584      4652   8137032     99.94         0      3020   8414276     68.21   3687556   4287560         0         0
14:15:58        63584      4652   8137032     99.94         0      3024   8414276     68.21   3687556   4287560         0         0
14:16:03        63584      4652   8137032     99.94         0      3024   8414276     68.21   3687556   4287560         0         0
14:16:08        63584      4652   8137032     99.94         0      3024   8414276     68.21   3687556   4287560         0         0
14:16:13        63584      4652   8137032     99.94         0      3024   8414276     68.21   3687676   4287564         0         0
14:16:18        63584      4652   8137032     99.94         0      3024   8414276     68.21   3687676   4287564         0         0
14:16:23        63584      4652   8137032     99.94         0      3024   8414276     68.21   3687676   4287564         0         0
14:16:28        63584      4652   8137032     99.94         0      3024   8414276     68.21   3687676   4287564         0         0
14:16:33        63584      4652   8137032     99.94         0      3024   8414276     68.21   3687676   4287564         0         0
14:16:38        63584      4652   8137032     99.94         0      3024   8414276     68.21   3687676   4287564         0         0
14:16:43        63584      4652   8137032     99.94         0      3024   8414276     68.21   3687676   4287564         0         0
14:16:48        63584      4652   8137032     99.94         0      3024   8414276     68.21   3687676   4287564         0         0
14:16:53        66872      8036   8133648     99.90         0      3212   8414276     68.21   2472556   5487408         0         0
14:16:58        66380      7668   8134016     99.91         0      3408   8414276     68.21   2472680   5487532         0         0
14:17:03        67524      8812   8132872     99.89         0      3408   8414276     68.21   2472680   5487532         0         0
14:17:08        71100     12388   8129296     99.85         0      3408   8414276     68.21   2472680   5487532         0         0
14:17:13        73852     15140   8126544     99.81         0      3408   8414276     68.21   2472680   5487532         0         0
14:17:18        75312     16628   8125056     99.80         0      3412   8414276     68.21   2472800   5487536         0         0
14:17:23        76072     17388   8124296     99.79         0      3412   8414276     68.21   2472800   5487536         0         0
14:17:28        84436     25784   8115900     99.68         0      3476   8414276     68.21   3074224   4882572         0         0
14:17:33        84436     25784   8115900     99.68         0      3476   8414276     68.21   3074344   4882576         0         0
14:17:38        84436     25784   8115900     99.68         0      3476   8414276     68.21   3074344   4882576         0         0
14:17:43        84436     25784   8115900     99.68         0      3476   8414276     68.21   3074344   4882576         0         0
14:17:48        84436     25784   8115900     99.68         0      3476   8414276     68.21   3074344   4882576         0         0
14:17:53        84436     25784   8115900     99.68         0      3476   8414276     68.21   3074344   4882576         0         0
14:17:58        84436     25784   8115900     99.68         0      3476   8414276     68.21   3074344   4882576         0         0
14:18:03        84436     25784   8115900     99.68         0      3476   8414276     68.21   3074344   4882576         0         0
14:18:08        84436     25784   8115900     99.68         0      3476   8414276     68.21   3074464   4882580         0         0
14:18:13        84436     25784   8115900     99.68         0      3476   8414276     68.21   3074464   4882580         0         0
14:18:18        84436     25784   8115900     99.68         0      3476   8414276     68.21   3074464   4882580         0         0
14:18:23        84436     25784   8115900     99.68         0      3476   8414276     68.21   3074464   4882580         0         0
14:18:28        84436     25784   8115900     99.68         0      3476   8414276     68.21   3074464   4882580         0         0
14:18:33        84436     25784   8115900     99.68         0      3476   8414276     68.21   3074464   4882580         0         0
14:18:38        54880     54880   8086804     99.33         0      3480   8414276     68.21   3596760   4391404         0         0
14:18:43        61368      1336   8140348     99.98         0       772   8414276     68.21    608448   7368120         0         0
14:18:48        59352       580   8141104     99.99         0      3304   8414276     68.21    608624   7370464         0         0
14:18:53        59352       580   8141104     99.99         0      3304   8414276     68.21    608624   7370464         0         0
14:18:58        59352       580   8141104     99.99         0      3304   8414276     68.21    608624   7370464         0         0
14:19:03        59352       608   8141076     99.99         0      3304   8414276     68.21    608696   7370516         0         0
14:19:08        59352       608   8141076     99.99         0      3312   8414276     68.21    608696   7370516         0         0
14:19:13        59352       608   8141076     99.99         0      3312   8414276     68.21    608696   7370516         0         0
14:19:18        59352       608   8141076     99.99         0      3312   8414276     68.21    608696   7370516         0         0
14:19:23        59352       608   8141076     99.99         0      3312   8414276     68.21    608696   7370516         0         0
14:19:28        59352       608   8141076     99.99         0      3312   8414276     68.21    608696   7370516         0         0
14:19:33        59352       608   8141076     99.99         0      3312   8414276     68.21    608696   7370516         0         0
14:19:38        59352       608   8141076     99.99         0      3312   8414276     68.21    608696   7370516         0         0
14:19:43        59352       608   8141076     99.99         0      3312   8414276     68.21    608816   7370520         0         0
14:19:48        59352       608   8141076     99.99         0      3312   8414276     68.21    608816   7370520         0         0
14:19:53        59352       608   8141076     99.99         0      3312   8414276     68.21    608816   7370520         0         0
14:19:58        59352       608   8141076     99.99         0      3312   8414276     68.21    608816   7370520         0         0
14:20:03        59608       864   8140820     99.99         0      3312   8414276     68.21    608816   7370520         0         0
14:20:08        59608       864   8140820     99.99         0      3312   8414276     68.21    608816   7370520         0         0
14:20:13        59608       864   8140820     99.99         0      3312   8414276     68.21    608816   7370520         0         0
14:20:18        59608       864   8140820     99.99         0      3316   8414276     68.21    608936   7370524         0         0
14:20:23        59608       864   8140820     99.99         0      3316   8414276     68.21    608936   7370524         0         0
14:20:28        59608       864   8140820     99.99         0      3316   8414276     68.21    608936   7370524         0         0
14:20:33        59608       864   8140820     99.99         0      3320   8414276     68.21    608936   7370524         0         0
14:20:38        59608       864   8140820     99.99         0      3320   8414276     68.21    608936   7370524         0         0
14:20:43        59608       864   8140820     99.99         0      3320   8414276     68.21    608936   7370524         0         0
14:20:48        59608       864   8140820     99.99         0      3320   8414276     68.21    608936   7370524         0         0
14:20:53        59608       864   8140820     99.99         0      3320   8414276     68.21    608936   7370524         0         0
14:20:58        59356       612   8141072     99.99         0      3320   8414276     68.21    609056   7370528         0         0
14:21:03        59356       612   8141072     99.99         0      3320   8414276     68.21    609056   7370528         0         0
14:21:08        59356       612   8141072     99.99         0      3320   8414276     68.21    609056   7370528         0         0
14:21:13        59356       612   8141072     99.99         0      3324   8414276     68.21    609056   7370528         0         0
14:21:18        59356       612   8141072     99.99         0      3324   8414276     68.21    609056   7370528         0         0
14:21:23        59868      1124   8140560     99.99         0      3324   8414276     68.21    609056   7370528         0         0
14:21:28        59868      1124   8140560     99.99         0      3324   8414276     68.21    609056   7370528         0         0
14:21:33        59868      1124   8140560     99.99         0      3324   8414276     68.21    609176   7370532         0         0
14:21:38        59868      1124   8140560     99.99         0      3324   8414276     68.21    609176   7370532         0         0
14:21:43        59868      1124   8140560     99.99         0      3324   8414276     68.21    609176   7370532         0         0
14:21:48        59868      1124   8140560     99.99         0      3324   8414276     68.21    609176   7370532         0         0
14:21:53        59868      1124   8140560     99.99         0      3324   8414276     68.21    609176   7370532         0         0
14:21:58        59868      1124   8140560     99.99         0      3324   8414276     68.21    609176   7370532         0         0
14:22:03        59868      1124   8140560     99.99         0      3324   8414276     68.21    609176   7370532         0         0
14:22:08        59868      1124   8140560     99.99         0      3324   8414276     68.21    609296   7370536         0         0
14:22:13        59868      1124   8140560     99.99         0      3324   8414276     68.21    609296   7370536         0         0
14:22:18        59868      1124   8140560     99.99         0      3324   8414276     68.21    609296   7370536         0         0
14:22:23        59868      1124   8140560     99.99         0      3324   8414276     68.21    609296   7370536         0         0
14:22:28        59868      1124   8140560     99.99         0      3324   8414276     68.21    609296   7370536         0         0
14:22:33        59868      1124   8140560     99.99         0      3324   8414276     68.21    609296   7370536         0         0
14:22:38        59868      1124   8140560     99.99         0      3324   8414276     68.21    609296   7370536         0         0
14:22:43        59868      1124   8140560     99.99         0      3324   8414276     68.21    609296   7370536         0         0
14:22:48        59868      1124   8140560     99.99         0      3324   8414276     68.21    609416   7370540         0         0
14:22:53        73840     14660   8127024     99.82         0      2464   8414276     68.21   1530264   6438408         0         0
14:22:58        73840     14660   8127024     99.82         0      2464   8414276     68.21   1530264   6438408         0         0
14:23:03        73840     14660   8127024     99.82         0      2464   8414276     68.21   1530264   6438408         0         0
14:23:08        73840     14660   8127024     99.82         0      2464   8414276     68.21   1530264   6438408         0         0
14:23:13        73840     14660   8127024     99.82         0      2464   8414276     68.21   1530264   6438408         0         0
14:23:18        73840     14660   8127024     99.82         0      2464   8414276     68.21   1530264   6438408         0         0
14:23:23        73588     14408   8127276     99.82         0      2468   8414276     68.21   1530264   6438408         0         0
14:23:28        46932     46932   8094752     99.42         0      1784   8414276     68.21   4029664   3967032         0         0
14:23:33        60380      1340   8140344     99.98         0      2828   8414276     68.21    949308   7030056         0         0
14:23:38        60072      1188   8140496     99.99         0      3092   8414276     68.21    949504   7030356         0         0
14:23:43        59316       432   8141252     99.99         0      3092   8414276     68.21    949504   7030356         0         0
14:23:48        59316       432   8141252     99.99         0      3096   8414276     68.21    949504   7030356         0         0
14:23:53        59316       432   8141252     99.99         0      3096   8414276     68.21    949504   7030356         0         0
14:23:58        59316       432   8141252     99.99         0      3096   8414276     68.21    949504   7030356         0         0
14:24:03        59316       432   8141252     99.99         0      3096   8414276     68.21    949504   7030356         0         0
14:24:08        59316       432   8141252     99.99         0      3096   8414276     68.21    949504   7030356         0         0
14:24:13        59316       432   8141252     99.99         0      3096   8414276     68.21    949504   7030356         0         0
14:24:18        59316       432   8141252     99.99         0      3096   8414276     68.21    949624   7030360         0         0
14:24:23        59316       432   8141252     99.99         0      3096   8414276     68.21    949624   7030360         0         0
14:24:28        59316       432   8141252     99.99         0      3096   8414276     68.21    949624   7030360         0         0
14:24:33        59316       432   8141252     99.99         0      3096   8414276     68.21    949624   7030360         0         0
14:24:38        59316       432   8141252     99.99         0      3096   8414276     68.21    949624   7030360         0         0
14:24:43        57020     57020   8084664     99.30         0      3160   8414276     68.21   1655116   6329564         0         0
14:24:48        57020     57020   8084664     99.30         0      3160   8414276     68.21   1655116   6329564         0         0
14:24:53        57020     57020   8084664     99.30         0      3160   8414276     68.21   1655116   6329564         0         0
14:24:58        57020     57020   8084664     99.30         0      3160   8414276     68.21   1655116   6329564         0         0
14:25:03        57020     57020   8084664     99.30         0      3160   8414276     68.21   1655116   6329564         0         0
14:25:08        57020     57020   8084664     99.30         0      3160   8414276     68.21   1655116   6329564         0         0
14:25:13        57020     57020   8084664     99.30         0      3160   8414276     68.21   1655116   6329564         0         0
14:25:18        57020     57020   8084664     99.30         0      3160   8414276     68.21   1655236   6329568         0         0
14:25:23        57020     57020   8084664     99.30         0      3160   8414276     68.21   1655236   6329568         0         0
14:25:28        57020     57020   8084664     99.30         0      3160   8414276     68.21   1655236   6329568         0         0
14:25:33        57020     57020   8084664     99.30         0      3160   8414276     68.21   1655236   6329568         0         0
14:25:38        57020     57020   8084664     99.30         0      3160   8414276     68.21   1655236   6329568         0         0
14:25:43        57020     57020   8084664     99.30         0      3160   8414276     68.21   1655236   6329568         0         0
14:25:48        57020     57020   8084664     99.30         0      3160   8414276     68.21   1655236   6329568         0         0
14:25:53        57020     57020   8084664     99.30         0      3160   8414276     68.21   1655236   6329568         0         0
14:25:58        57020     57020   8084664     99.30         0      3160   8414276     68.21   1655236   6329568         0         0
14:26:03        57020     57020   8084664     99.30         0      3160   8414276     68.21   1655236   6329568         0         0
14:26:08        57020     57020   8084664     99.30         0      3160   8414276     68.21   1655236   6329568         0         0
14:26:13        57020     57020   8084664     99.30         0      3160   8414276     68.21   1655356   6329572         0         0
14:26:18        57248     57248   8084436     99.30         0      3160   8414276     68.21   1655356   6329572         0         0
14:26:23        57024     57024   8084660     99.30         0      3164   8414276     68.21   1655356   6329572         0         0
14:26:28        56772     56772   8084912     99.30         0      3168   8414276     68.21   1655356   6329572         0         0
14:26:33        54252     54252   8087432     99.33         0      3176   8414276     68.21   1655356   6329572         0         0
14:26:38        54704     54704   8086980     99.33         0      3176   8414276     68.21   1655356   6329572         0         0
14:26:43        55212     55212   8086472     99.32         0      3176   8414276     68.21   1655356   6329572         0         0
14:26:48        55256     55256   8086428     99.32         0      3176   8414276     68.21   1655356   6329572         0         0
14:26:53        55256     55256   8086428     99.32         0      3176   8414276     68.21   1655476   6329576         0         0
14:26:58        55256     55256   8086428     99.32         0      3176   8414276     68.21   1655476   6329576         0         0
14:27:03        55004     55004   8086680     99.32         0      3180   8414276     68.21   1655476   6329576         0         0
14:27:08        55004     55004   8086680     99.32         0      3180   8414276     68.21   1655476   6329576         0         0
14:27:13        55004     55004   8086680     99.32         0      3180   8414276     68.21   1655476   6329576         0         0
14:27:18        55004     55004   8086680     99.32         0      3180   8414276     68.21   1655476   6329576         0         0
14:27:23        54752     54752   8086932     99.33         0      3180   8414276     68.21   1655476   6329576         0         0
14:27:28        54752     54752   8086932     99.33         0      3180   8414276     68.21   1655476   6329576         0         0
14:27:33        54752     54752   8086932     99.33         0      3180   8414276     68.21   1655596   6329580         0         0
14:27:38        54752     54752   8086932     99.33         0      3180   8414276     68.21   1655596   6329580         0         0
14:27:43        54752     54752   8086932     99.33         0      3180   8414276     68.21   1655596   6329580         0         0
14:27:48        54752     54752   8086932     99.33         0      3180   8414276     68.21   1655596   6329580         0         0
14:27:53        54752     54752   8086932     99.33         0      3180   8414276     68.21   1655596   6329580         0         0
14:27:58        54752     54752   8086932     99.33         0      3180   8414276     68.21   1655596   6329580         0         0
14:28:03        54752     54752   8086932     99.33         0      3180   8414276     68.21   1655596   6329580         0         0
14:28:08        55264     55264   8086420     99.32         0      3180   8414276     68.21   1655596   6329580         0         0
14:28:13        55264     55264   8086420     99.32         0      3180   8414276     68.21   1655596   6329580         0         0
14:28:18        55264     55264   8086420     99.32         0      3180   8414276     68.21   1655596   6329580         0         0
14:28:23        55264     55264   8086420     99.32         0      3180   8414276     68.21   1655596   6329580         0         0
14:28:28        55264     55264   8086420     99.32         0      3180   8414276     68.21   1655716   6329584         0         0
14:28:33        55264     55264   8086420     99.32         0      3180   8414276     68.21   1655716   6329584         0         0
14:28:38        55264     55264   8086420     99.32         0      3180   8414276     68.21   1655716   6329584         0         0
14:28:43        55264     55264   8086420     99.32         0      3180   8414276     68.21   1655716   6329584         0         0
14:28:48        55264     55264   8086420     99.32         0      3180   8414276     68.21   1655716   6329584         0         0
14:28:53        62452      3636   8138048     99.96         0      3180   8414276     68.21   2745008   5234784         0         0
14:28:58        95800     36588   8105096     99.55         0      2376   8414276     68.21   1916168   6026320         0         0
14:29:03        95440     36280   8105404     99.55         0      2636   8414276     68.21   1916212   6026400         0         0
14:29:08        95440     36280   8105404     99.55         0      2636   8414276     68.21   1916212   6026400         0         0
14:29:13        95440     36280   8105404     99.55         0      2636   8414276     68.21   1916212   6026400         0         0
14:29:18        95440     36300   8105384     99.55         0      2636   8414276     68.21   1916332   6026404         0         0
14:29:23        95440     36300   8105384     99.55         0      2636   8414276     68.21   1916332   6026404         0         0
14:29:28        95440     36300   8105384     99.55         0      2640   8414276     68.21   1916332   6026404         0         0
14:29:33        74928     15820   8125864     99.81         0      2704   8414276     68.21   4181200   3785828         0         0
14:29:38        74928     15820   8125864     99.81         0      2704   8414276     68.21   4181200   3785828         0         0
14:29:43        74928     15820   8125864     99.81         0      2704   8414276     68.21   4181200   3785828         0         0
14:29:48        74928     15820   8125864     99.81         0      2704   8414276     68.21   4181200   3785828         0         0
14:29:53        74928     15820   8125864     99.81         0      2704   8414276     68.21   4181200   3785828         0         0
14:29:58        74928     15820   8125864     99.81         0      2704   8414276     68.21   4181320   3785832         0         0
14:30:03        74928     15820   8125864     99.81         0      2704   8414276     68.21   4181320   3785832         0         0
14:30:08        74928     15820   8125864     99.81         0      2704   8414276     68.21   4181320   3785832         0         0
14:30:13        74928     15820   8125864     99.81         0      2704   8414276     68.21   4181320   3785832         0         0
14:30:18        74424     15316   8126368     99.81         0      2712   8414276     68.21   4181320   3785832         0         0
14:30:23        74424     15316   8126368     99.81         0      2712   8414276     68.21   4181320   3785832         0         0
14:30:28        74424     15316   8126368     99.81         0      2712   8414276     68.21   4181320   3785832         0         0
14:30:33        74424     15316   8126368     99.81         0      2712   8414276     68.21   4181320   3785832         0         0
14:30:38        74424     15316   8126368     99.81         0      2712   8414276     68.21   4181320   3785832         0         0
14:30:43        65324      5592   8136092     99.93         0      1428   8414276     68.21    920740   7052660         0         0
14:30:48        64740      4988   8136696     99.94         0      1456   8414276     68.21    921020   7052616         0         0
14:30:53        65992      6240   8135444     99.92         0      1456   8414276     68.21    921140   7052620         0         0
14:30:58        67172      7420   8134264     99.91         0      1456   8414276     68.21    921140   7052620         0         0
14:31:03        67172      7420   8134264     99.91         0      1456   8414276     68.21    921140   7052620         0         0
14:31:08        67172      7420   8134264     99.91         0      1456   8414276     68.21    921140   7052620         0         0
14:31:13        67172      7420   8134264     99.91         0      1456   8414276     68.21    921140   7052620         0         0
14:31:18        67172      7420   8134264     99.91         0      1456   8414276     68.21    921140   7052620         0         0
14:31:23        67172      7420   8134264     99.91         0      1456   8414276     68.21    921140   7052620         0         0
14:31:28        67172      7420   8134264     99.91         0      1456   8414276     68.21    921260   7052624         0         0
14:31:33        66920      7168   8134516     99.91         0      1460   8414276     68.21    921260   7052624         0         0
14:31:38        66920      7168   8134516     99.91         0      1460   8414276     68.21    921260   7052624         0         0
14:31:43        66920      7168   8134516     99.91         0      1460   8414276     68.21    921260   7052624         0         0
14:31:48        66920      7168   8134516     99.91         0      1460   8414276     68.21    921260   7052624         0         0
14:31:53        66920      7168   8134516     99.91         0      1460   8414276     68.21    921260   7052624         0         0
14:31:58        66920      7168   8134516     99.91         0      1460   8414276     68.21    921260   7052624         0         0
14:32:03        66920      7168   8134516     99.91         0      1460   8414276     68.21    921260   7052624         0         0
14:32:08        66920      7168   8134516     99.91         0      1460   8414276     68.21    921380   7052628         0         0
14:32:13        66920      7168   8134516     99.91         0      1460   8414276     68.21    921380   7052628         0         0
14:32:18        66920      7168   8134516     99.91         0      1460   8414276     68.21    921380   7052628         0         0
14:32:23        66920      7168   8134516     99.91         0      1460   8414276     68.21    921380   7052628         0         0
14:32:28        66920      7168   8134516     99.91         0      1460   8414276     68.21    921380   7052628         0         0
14:32:33        66416      6664   8135020     99.92         0      1464   8414276     68.21    921380   7052628         0         0
14:32:38        66416      6664   8135020     99.92         0      1464   8414276     68.21    921380   7052628         0         0
14:32:43        66416      6664   8135020     99.92         0      1464   8414276     68.21    921380   7052628         0         0
14:32:48        66416      6664   8135020     99.92         0      1464   8414276     68.21    921380   7052628         0         0
14:32:53        66416      6664   8135020     99.92         0      1464   8414276     68.21    921500   7052632         0         0
14:32:58        66416      6664   8135020     99.92         0      1464   8414276     68.21    921500   7052632         0         0
14:33:03        66416      6664   8135020     99.92         0      1464   8414276     68.21    921500   7052632         0         0
14:33:08        66416      6664   8135020     99.92         0      1464   8414276     68.21    921500   7052632         0         0
14:33:13        66416      6664   8135020     99.92         0      1464   8414276     68.21    921500   7052632         0         0
14:33:18        66416      6664   8135020     99.92         0      1464   8414276     68.21    921500   7052632         0         0
14:33:23        66416      6664   8135020     99.92         0      1464   8414276     68.21    921500   7052632         0         0
14:33:28        66416      6664   8135020     99.92         0      1464   8414276     68.21    921620   7052636         0         0
14:33:33        66416      6664   8135020     99.92         0      1464   8414276     68.21    921620   7052636         0         0
14:33:38        66164      6472   8135212     99.92         0      1468   8414276     68.21    921668   7052712         0         0
14:33:43        66164      6472   8135212     99.92         0      1468   8414276     68.21    921668   7052712         0         0
14:33:48        66164      6472   8135212     99.92         0      1468   8414276     68.21    921668   7052712         0         0
14:33:53        66164      6472   8135212     99.92         0      1468   8414276     68.21    921668   7052712         0         0
14:33:58        65660      5968   8135716     99.93         0      1476   8414276     68.21    921668   7052712         0         0
14:34:03        65660      5968   8135716     99.93         0      1476   8414276     68.21    921668   7052712         0         0
14:34:08        65660      5968   8135716     99.93         0      1480   8414276     68.21    921788   7052716         0         0
14:34:13        65660      5968   8135716     99.93         0      1480   8414276     68.21    921788   7052716         0         0
14:34:18        65660      5968   8135716     99.93         0      1480   8414276     68.21    921788   7052716         0         0
14:34:23        65660      5968   8135716     99.93         0      1480   8414276     68.21    921788   7052716         0         0
14:34:28        65660      5968   8135716     99.93         0      1480   8414276     68.21    921788   7052716         0         0
14:34:33        65660      5968   8135716     99.93         0      1480   8414276     68.21    921788   7052716         0         0
14:34:38        65660      5968   8135716     99.93         0      1480   8414276     68.21    921788   7052716         0         0
Average:       135403     81721   8059963     99.00         0      3572   8414280     68.21   2076706   5827791         0         8
