Linux 7.2.0-rc5-virtme (virtme-ng) 	08/01/26 	_x86_64_	(12 CPU)

04:39:10     pgpgin/s pgpgout/s   fault/s  majflt/s  pgfree/s pgscank/s pgscand/s pgsteal/s  pgprom/s   pgdem/s
04:39:15         0.00      0.00 299558.00      7.60    153.00      0.00      0.00      0.00      0.00      0.00
04:39:20         0.00      0.00 120192.20      0.40      0.00      0.00      0.00      0.00      0.00      0.00
04:39:25         0.00      0.00      0.00      0.00      0.00      0.00      0.00      0.00      0.00      0.00
04:39:30         0.00      0.00      0.00      0.00      0.00      0.00      0.00      0.00      0.00      0.00
04:39:35         0.00      0.00      0.00      0.00      0.00      0.00      0.00      0.00      0.00      0.00
04:39:40         0.00      0.00      0.00      0.00      0.00      0.00      0.00      0.00      0.00      0.00
04:39:45         0.00      0.00      0.00      0.00      0.00      0.00      0.00      0.00      0.00      0.00
04:39:50         0.00      0.00 224723.20      0.00      0.00      0.00      0.00      0.00      0.00      0.00
04:39:55         0.00      0.00  26937.20      0.00      0.00      0.00      0.00      0.00      0.00      0.00
04:40:00         0.00      0.00      0.00      0.00      0.00      0.00      0.00      0.00      0.00      0.00
04:40:05         0.00      0.00      0.00      0.00      0.00      0.00      0.00      0.00      0.00      0.00
04:40:10         0.00      0.00      0.00      0.00      0.00      0.00      0.00      0.00      0.00      0.00
04:40:15         0.00      0.00      0.00      0.00      0.00      0.00      0.00      0.00      0.00      0.00
04:40:20         0.00      0.00      0.00      0.00      0.20      0.00      0.00      0.00      0.00      0.00
04:40:25         0.00      0.00      0.00      0.00      0.00      0.00      0.00      0.00      0.00      0.00
04:40:30         0.00      0.00      0.00      0.00      0.00      0.00      0.00      0.00      0.00      0.00
04:40:35         0.00      0.00      0.00      0.00      0.00      0.00      0.00      0.00      0.00      0.00
04:40:40         0.00      0.00      0.00      0.00      0.00      0.00      0.00      0.00      0.00      0.00
04:40:45         0.00      0.00      0.00      0.00      0.00      0.00      0.00      0.00      0.00      0.00
04:40:50         0.00      0.00      0.00      0.00      0.00      0.00      0.00      0.00      0.00      0.00
04:40:55         0.00      0.00      0.00      0.00      0.00      0.00      0.00      0.00      0.00      0.00
04:41:00         0.00      0.00  83022.60      0.00      0.00      0.00      0.00      0.00      0.00      0.00
04:41:05       771.20  92465.60  86601.60    200.80  25168.40  80734.20  88203.20  50191.60      0.00      0.00
04:41:10        69.60      0.00     23.20     17.60      1.80      0.00      0.00      0.00      0.00      0.00
04:41:15         2.40      0.00      0.60      0.60      0.60      0.00      0.00      0.00      0.00      0.00
04:41:20         2.40      0.00      0.60      0.60      0.60      0.00      0.00      0.00      0.00      0.00
04:41:25         0.80      0.00      0.20      0.20      0.20      0.00      0.00      0.00      0.00      0.00
04:41:30         0.80      0.00      0.20      0.20      0.20      0.00      0.00      0.00      0.00      0.00
04:41:35         2.40      0.00      0.60      0.60      0.60      0.00      0.00      0.00      0.00      0.00
04:41:40         2.40      0.00      0.60      0.60      0.60      0.00      0.00      0.00      0.00      0.00
04:41:45         4.80      0.00      1.20      1.20      1.20      0.00      0.00      0.00      0.00      0.00
04:41:50         4.80      0.00      1.20      1.20      1.20      0.00      0.00      0.00      0.00      0.00
04:41:55         2.40      0.00      0.60      0.60      0.60      0.00      0.00      0.00      0.00      0.00
04:42:00         2.40      0.00      0.60      0.60      0.60      0.00      0.00      0.00      0.00      0.00
04:42:05         4.00      0.00      1.00      1.00      1.00      0.00      0.00      0.00      0.00      0.00
04:42:10         4.80      0.00      1.20      1.20      1.20      0.00      0.00      0.00      0.00      0.00
04:42:15         4.80      0.00      1.20      1.20      1.20      0.00      0.00      0.00      0.00      0.00
04:42:20         4.80      0.00      1.20      1.20      1.20      0.00      0.00      0.00      0.00      0.00
04:42:25         4.80      0.00      1.20      1.20      1.20      0.00      0.00      0.00      0.00      0.00
04:42:30         4.00      0.00      1.00      1.00      1.00      0.00      0.00      0.00      0.00      0.00
04:42:35         4.00      0.00      1.00      1.00      1.00      0.00      0.00      0.00      0.00      0.00
04:42:40         3.20      0.00      0.80      0.80      0.80      0.00      0.00      0.00      0.00      0.00
04:42:45         1.60      0.00      0.40      0.40      0.40      0.00      0.00      0.00      0.00      0.00
04:42:50         0.00      1.60      0.00      0.00      0.20      0.00      0.00      0.00      0.00      0.00
04:42:55         4.00     12.80      1.40      1.00      1.40      0.00      0.00      0.00      0.00      0.00
04:43:00         3.20      0.00      0.80      0.80      0.80      0.00      0.00      0.00      0.00      0.00
04:43:05         3.20      0.00      0.80      0.80      0.80      0.00      0.00      0.00      0.00      0.00
04:43:10         4.00      0.00      1.00      1.00      1.00      0.00      0.00      0.00      0.00      0.00
04:43:15         2.40      0.00      0.60      0.60      0.60      0.00      0.00      0.00      0.00      0.00
04:43:20         4.80      0.00      1.20      1.20      1.20      0.00      0.00      0.00      0.00      0.00
04:43:25         4.80      0.00      1.20      1.20      1.20      0.00      0.00      0.00      0.00      0.00
04:43:30         4.80   7102.40      1.20      1.20     53.00      0.00      0.00      0.00      0.00      0.00
04:43:35         3.20   1163.20      0.80      0.80      9.60      0.00      0.00      0.00      0.00      0.00
04:43:40         0.80      0.00      0.20      0.20      0.20      0.00      0.00      0.00      0.00      0.00
04:43:45         3.20      0.00      0.80      0.80      0.80      0.00      0.00      0.00      0.00      0.00
04:43:50         1.60      0.00      0.40      0.40      0.40      0.00      0.00      0.00      0.00      0.00
04:43:55         0.80      0.00      0.20      0.20      0.20      0.00      0.00      0.00      0.00      0.00
04:44:00         4.00   2495.20      1.00      1.00     18.80      0.00      0.00      0.00      0.00      0.00
04:44:05         4.80   2698.40      1.20      1.20     21.00      0.00      0.00      0.00      0.00      0.00
04:44:10         3.20   3508.00      0.80      0.80     27.60      0.00      0.00      0.00      0.00      0.00
04:44:15         2.40      0.00      0.60      0.60      0.60      0.00      0.00      0.00      0.00      0.00
04:44:20         4.80      0.00      1.20      1.20      1.20      0.00      0.00      0.00      0.00      0.00
04:44:25         1.60      0.00      0.40      0.40      0.40      0.00      0.00      0.00      0.00      0.00
04:44:30         4.00      0.00      1.00      1.00      1.00      0.00      0.00      0.00      0.00      0.00
04:44:35         4.00      0.00      1.00      1.00      1.00      0.00      0.00      0.00      0.00      0.00
04:44:40         2.40      0.00      0.60      0.60      0.60      0.00      0.00      0.00      0.00      0.00
04:44:45         4.00      0.00      1.00      1.00      1.00      0.00      0.00      0.00      0.00      0.00
04:44:50         4.80      0.00      1.20      1.20      1.20      0.00      0.00      0.00      0.00      0.00
04:44:55         4.00      0.00      1.00      1.00      1.00      0.00      0.00      0.00      0.00      0.00
04:45:00         4.00      0.00      1.00      1.00      1.00      0.00      0.00      0.00      0.00      0.00
04:45:05         1.60      0.00      0.40      0.40      0.40      0.00      0.00      0.00      0.00      0.00
04:45:10         0.00      0.00      0.00      0.00      0.00      0.00      0.00      0.00      0.00      0.00
04:45:15     88751.20  85268.00  24996.60  22188.00  20709.00  20658.60   1633.00  41236.00      0.00      0.00
04:45:20         0.80   4094.40      0.20      0.20     29.60      0.00      0.00      0.00      0.00      0.00
04:45:25         5.60    506.40      1.40      1.40      4.60      0.00      0.00      0.00      0.00      0.00
04:45:30         3.20      0.00      0.80      0.80      0.80      0.00      0.00      0.00      0.00      0.00
04:45:35         4.00      0.00      1.00      1.00      1.00      0.00      0.00      0.00      0.00      0.00
04:45:40         5.60      0.00      1.40      1.40      1.40      0.00      0.00      0.00      0.00      0.00
04:45:45         4.00      0.00      1.00      1.00      1.00      0.00      0.00      0.00      0.00      0.00
04:45:50    226140.00 222264.80  59552.80  56535.40  55766.20  63273.60  12195.20 111408.60      0.00      0.00
04:45:55    110998.40 114636.80  28517.80  27749.40  28674.80 163256.60 119779.40  57342.60      0.00      0.00
04:46:00         4.00      4.80      1.40      1.00      1.00      0.00      0.00      0.00      0.00      0.00
04:46:05         4.00      0.00      1.00      1.00      1.00      0.00      0.00      0.00      0.00      0.00
04:46:10         4.00      0.00      1.00      1.00      1.00      0.00      0.00      0.00      0.00      0.00
04:46:15         2.40      0.00      0.60      0.60      0.60      0.00      0.00      0.00      0.00      0.00
04:46:20         3.20      0.00      0.80      0.80      0.80      0.00      0.00      0.00      0.00      0.00
04:46:25         4.00      0.00      1.00      1.00      1.00      0.00      0.00      0.00      0.00      0.00
04:46:30         4.00      0.00      1.00      1.00      1.00      0.00      0.00      0.00      0.00      0.00
04:46:35         0.80      0.00      0.20      0.20      0.20      0.00      0.00      0.00      0.00      0.00
04:46:40         3.20      0.00      0.80      0.80      0.80      0.00      0.00      0.00      0.00      0.00
04:46:45         3.20      0.00      0.80      0.80      0.80      0.00      0.00      0.00      0.00      0.00
04:46:50         4.00      0.00      1.00      1.00      1.00      0.00      0.00      0.00      0.00      0.00
04:46:55         4.00      0.00      1.00      1.00      1.00      0.00      0.00      0.00      0.00      0.00
04:47:00         4.00      0.00      1.00      1.00      1.00      0.00      0.00      0.00      0.00      0.00
04:47:05    167687.20 167888.80  42912.80  41923.40  42021.80  59564.20  16692.40  84024.00      0.00      0.00
04:47:10         0.80      0.00      3.40      0.60      0.20      0.00      0.00      0.00      0.00      0.00
04:47:15         4.00      0.00      1.00      1.00      1.00      0.00      0.00      0.00      0.00      0.00
04:47:20         4.00      0.00      1.00      1.00      1.00      0.00      0.00      0.00      0.00      0.00
04:47:25         4.80      0.00      1.20      1.20      1.20      0.00      0.00      0.00      0.00      0.00
04:47:30         2.40      0.00      0.60      0.60      0.60      0.00      0.00      0.00      0.00      0.00
04:47:35         3.20      0.00      0.80      0.80      0.80      0.00      0.00      0.00      0.00      0.00
04:47:40         0.00      0.00      0.00      0.00      0.00      0.00      0.00      0.00      0.00      0.00
04:47:45         3.20      0.00      0.80      0.80      0.80      0.00      0.00      0.00      0.00      0.00
04:47:50         3.20      0.00      0.80      0.80      0.80      0.00      0.00      0.00      0.00      0.00
04:47:55         0.80      0.00      0.20      0.20      0.20      0.00      0.00      0.00      0.00      0.00
04:48:00         4.80      0.00      1.20      1.20      1.20      0.00      0.00      0.00      0.00      0.00
04:48:05         2.40      0.00      0.60      0.60      0.60      0.00      0.00      0.00      0.00      0.00
04:48:10         4.79      0.00      1.20      1.20      1.20      0.00      0.00      0.00      0.00      0.00
04:48:15         3.20  11434.40      0.80      0.80     84.40      0.00      0.00      0.00      0.00      0.00
04:48:20         3.20      0.00      0.80      0.80      0.80      0.00      0.00      0.00      0.00      0.00
04:48:25         3.20      0.00      0.80      0.80      0.80      0.00      0.00      0.00      0.00      0.00
04:48:30         4.00      0.00      1.00      1.00      1.00      0.00      0.00      0.00      0.00      0.00
04:48:35         4.80      0.00      1.20      1.20      1.20      0.00      0.00      0.00      0.00      0.00
04:48:40         1.60   1640.80      0.40      0.40     12.20      0.00      0.00      0.00      0.00      0.00
04:48:45         4.00   5142.40      1.00      1.00     38.40      0.00      0.00      0.00      0.00      0.00
04:48:50         3.20      0.00      0.80      0.80      0.80      0.00      0.00      0.00      0.00      0.00
04:48:55         3.20      0.00      0.80      0.80      0.80      0.00      0.00      0.00      0.00      0.00
04:49:00         4.00      0.00      1.00      1.00      1.00      0.00      0.00      0.00      0.00      0.00
04:49:05         2.40      0.00      0.60      0.60      0.60      0.00      0.00      0.00      0.00      0.00
04:49:10         4.00      0.00      1.00      1.00      1.00      0.00      0.00      0.00      0.00      0.00
04:49:15         2.40      0.00      0.60      0.60      0.60      0.00      0.00      0.00      0.00      0.00
04:49:20         3.20      0.00      0.80      0.80      0.80      0.00      0.00      0.00      0.00      0.00
04:49:25         1.60    844.80      0.40      0.40      6.40      0.00      0.00      0.00      0.00      0.00
04:49:30         4.00    448.00      1.00      1.00      4.00      0.00      0.00      0.00      0.00      0.00
04:49:35         0.80   2100.00      0.20      0.20     15.20      0.00      0.00      0.00      0.00      0.00
04:49:40         1.60  10239.20      0.40      0.40     79.80      0.00      0.00      0.00      0.00      0.00
04:49:45         4.00      0.00      1.00      1.00      1.00      0.00      0.00      0.00      0.00      0.00
04:49:50         3.20      0.00      0.80      0.80      0.80      0.00      0.00      0.00      0.00      0.00
04:49:55         2.40      0.00      0.60      0.60      0.60      0.00      0.00      0.00      0.00      0.00
04:50:00         1.60      0.00      0.40      0.40      0.40      0.00      0.00      0.00      0.00      0.00
04:50:05         3.20      0.00      0.80      0.80      0.80      0.00      0.00      0.00      0.00      0.00
04:50:10         3.20      0.00      0.80      0.80      0.80      0.00      0.00      0.00      0.00      0.00
04:50:15         3.20   7110.40      0.80      0.80     54.60      0.00      0.00      0.00      0.00      0.00
04:50:20         3.20    744.00      0.80      0.80      6.00      0.00      0.00      0.00      0.00      0.00
04:50:25         0.00   1777.60      0.60      0.20     15.80      0.00      0.00      0.00      0.00      0.00
04:50:30         2.40   1329.60      0.60      0.60     10.20      0.00      0.00      0.00      0.00      0.00
04:50:35         1.60      0.00      0.40      0.40      0.40      0.00      0.00      0.00      0.00      0.00
04:50:40         4.00   1744.00      1.00      1.00     13.80      0.00      0.00      0.00      0.00      0.00
04:50:45         4.00   1371.20      1.00      1.00     11.00      0.00      0.00      0.00      0.00      0.00
04:50:50         3.20   2027.20      0.80      0.80     15.20      0.00      0.00      0.00      0.00      0.00
04:50:55         0.80   1672.00      0.20      0.20     12.60      0.00      0.00      0.00      0.00      0.00
04:51:00         0.00      0.00      0.00      0.00      0.00      0.00      0.00      0.00      0.00      0.00
04:51:05         1.60      0.00      0.40      0.40      0.40      0.00      0.00      0.00      0.00      0.00
04:51:10         2.40      0.00      0.60      0.60      0.60      0.00      0.00      0.00      0.00      0.00
04:51:15     81800.00  82772.80  29764.40  20450.20  19493.80  22010.20    588.80  38816.80      0.00      0.00
04:51:20         3.20   4612.80      0.80      0.80     35.00      0.00      0.00      0.00      0.00      0.00
04:51:25         4.80      0.00      1.20      1.20      1.20      0.00      0.00      0.00      0.00      0.00
04:51:30         3.20      0.00      0.80      0.80      0.80      0.00      0.00      0.00      0.00      0.00
04:51:35         4.00      0.00      1.00      1.00      1.00      0.00      0.00      0.00      0.00      0.00
04:51:40         1.60      0.00      0.40      0.40      0.40      0.00      0.00      0.00      0.00      0.00
04:51:45         3.20      0.00      0.80      0.80      0.80      0.00      0.00      0.00      0.00      0.00
04:51:50      9006.40   5285.60   4385.80   2251.60   1854.00  31533.60  28630.80   3635.80      0.00      0.00
04:51:55    230528.80 236256.80  62134.60  57632.40  59107.60 145656.80  70644.80 118163.80      0.00      0.00
04:52:00         3.20      0.00      1.40      1.00      0.80      0.00      0.00      0.00      0.00      0.00
04:52:05         4.00      0.00      1.00      1.00      1.00      0.00      0.00      0.00      0.00      0.00
04:52:10         3.20      0.00      0.80      0.80      0.80      0.00      0.00      0.00      0.00      0.00
04:52:15         3.20      0.00      0.80      0.80      0.80      0.00      0.00      0.00      0.00      0.00
04:52:20         4.00      0.00      1.00      1.00      1.00      0.00      0.00      0.00      0.00      0.00
04:52:25         2.40      0.00      0.60      0.60      0.60      0.00      0.00      0.00      0.00      0.00
04:52:30         4.00      0.00      1.00      1.00      1.00      0.00      0.00      0.00      0.00      0.00
04:52:35         4.00      0.00      1.00      1.00      1.00      0.00      0.00      0.00      0.00      0.00
04:52:40         3.20      0.00      0.80      0.80      0.80      0.00      0.00      0.00      0.00      0.00
04:52:45         4.80      0.00      1.20      1.20      1.20      0.00      0.00      0.00      0.00      0.00
04:52:50         1.60      0.00      0.40      0.40      0.40      0.00      0.00      0.00      0.00      0.00
04:52:55         3.20      0.00      0.80      0.80      0.80      0.00      0.00      0.00      0.00      0.00
04:53:00         2.40      0.00      0.60      0.60      0.60      0.00      0.00      0.00      0.00      0.00
04:53:05     97734.40  99558.40  24533.80  24433.80  24902.00  43008.60  10479.60  49795.20      0.00      0.00
04:53:10         3.20      0.00      0.80      0.80      0.80      0.00      0.00      0.00      0.00      0.00
04:53:15         2.40      0.00      0.60      0.60      0.60      0.00      0.00      0.00      0.00      0.00
04:53:20         3.20      0.00      0.80      0.80      0.80      0.00      0.00      0.00      0.00      0.00
04:53:25         1.60      0.00      0.40      0.40      0.40      0.00      0.00      0.00      0.00      0.00
04:53:30         3.20      0.00      0.80      0.80      0.80      0.00      0.00      0.00      0.00      0.00
04:53:35         2.40      0.00      0.60      0.60      0.60      0.00      0.00      0.00      0.00      0.00
04:53:40         2.40      0.00      0.60      0.60      0.60      0.00      0.00      0.00      0.00      0.00
04:53:45         2.40      0.00      0.60      0.60      0.60      0.00      0.00      0.00      0.00      0.00
04:53:50         1.60      0.00      0.40      0.40      0.40      0.00      0.00      0.00      0.00      0.00
04:53:55         2.40      0.00      0.60      0.60      0.60      0.00      0.00      0.00      0.00      0.00
04:54:00         3.20      0.00      0.80      0.80      0.80      0.00      0.00      0.00      0.00      0.00
04:54:05         3.20      0.00      0.80      0.80      0.80      0.00      0.00      0.00      0.00      0.00
04:54:10         1.60      0.00      0.40      0.40      0.40      0.00      0.00      0.00      0.00      0.00
04:54:15         1.60  10657.60      0.40      0.40     80.00      0.00      0.00      0.00      0.00      0.00
04:54:20         3.20  10150.40      0.80      0.80     77.00      0.00      0.00      0.00      0.00      0.00
04:54:25         4.00      0.00      1.00      1.00      1.00      0.00      0.00      0.00      0.00      0.00
04:54:30         2.40      0.00      0.60      0.60      0.60      0.00      0.00      0.00      0.00      0.00
04:54:35         4.00      0.00      1.00      1.00      1.00      0.00      0.00      0.00      0.00      0.00
04:54:40         3.20      0.00      0.80      0.80      0.80      0.00      0.00      0.00      0.00      0.00
04:54:45         2.40      0.00      0.60      0.60      0.60      0.00      0.00      0.00      0.00      0.00
04:54:50         4.00     15.20      1.00      1.00      1.00      0.00      0.00      0.00      0.00      0.00
04:54:55         3.20    306.40      0.80      0.80      2.80      0.00      0.00      0.00      0.00      0.00
04:55:00         3.20   5601.60      0.80      0.80     43.20      0.00      0.00      0.00      0.00      0.00
04:55:05         3.20      0.00      0.80      0.80      0.80      0.00      0.00      0.00      0.00      0.00
04:55:10         3.20      0.00      0.80      0.80      0.80      0.00      0.00      0.00      0.00      0.00
04:55:15         2.40    339.20      0.60      0.60      2.80      0.00      0.00      0.00      0.00      0.00
04:55:20         1.60   1476.80      0.40      0.40     11.40      0.00      0.00      0.00      0.00      0.00
04:55:25         3.20   1062.40      0.80      0.80      7.80      0.00      0.00      0.00      0.00      0.00
04:55:30         2.40    908.80      0.60      0.60      6.80      0.00      0.00      0.00      0.00      0.00
04:55:35         4.00    985.60      1.00      1.00      7.80      0.00      0.00      0.00      0.00      0.00
04:55:40         2.40   7184.00      0.60      0.60     56.20      0.00      0.00      0.00      0.00      0.00
04:55:45         0.80   8210.40      0.20      0.20     63.80      0.00      0.00      0.00      0.00      0.00
04:55:50         2.40   9570.40      0.60      0.60     74.20      0.00      0.00      0.00      0.00      0.00
04:55:55         4.80   1367.20      1.20      1.20     11.20      0.00      0.00      0.00      0.00      0.00
04:56:00         3.20   2667.20      1.40      1.00     21.20      0.00      0.00      0.00      0.00      0.00
04:56:05         0.80    743.20      0.20      0.20      5.40      0.00      0.00      0.00      0.00      0.00
04:56:10         3.20   2489.60      0.80      0.80     19.40      0.00      0.00      0.00      0.00      0.00
04:56:15         1.60      0.00      0.40      0.40      0.40      0.00      0.00      0.00      0.00      0.00
04:56:20         1.60      0.00      0.40      0.40      0.40      0.00      0.00      0.00      0.00      0.00
04:56:25         3.20      0.00      0.80      0.80      0.80      0.00      0.00      0.00      0.00      0.00
04:56:30         3.20      0.00      0.80      0.80      0.80      0.00      0.00      0.00      0.00      0.00
04:56:35         3.20      0.00      0.80      0.80      0.80      0.00      0.00      0.00      0.00      0.00
04:56:40         2.40      0.00      0.60      0.60      0.60      0.00      0.00      0.00      0.00      0.00
04:56:45         3.20    791.20      0.80      0.80      5.80      0.00      0.00      0.00      0.00      0.00
04:56:50         2.40   1055.20      0.60      0.60      7.60      0.00      0.00      0.00      0.00      0.00
04:56:55         1.60   2432.00      0.40      0.40     18.20      0.00      0.00      0.00      0.00      0.00
04:57:00         3.20    422.40      0.80      0.80      3.60      0.00      0.00      0.00      0.00      0.00
04:57:05         0.80      0.00      0.20      0.20      0.20      0.00      0.00      0.00      0.00      0.00
04:57:10         0.80      0.00      0.20      0.20      0.20      0.00      0.00      0.00      0.00      0.00
04:57:15         1.60      0.00      0.40      0.40      0.40      0.00      0.00      0.00      0.00      0.00
04:57:20    550625.60 541610.40 144977.20 137657.00 135455.60 135310.40   2406.40 270793.60      0.00      0.00
04:57:25    167099.20 141817.60  44116.40  41775.00  42597.60  74864.60  26586.20  85116.80      0.00      0.00
04:57:30         1.60      0.00      0.60      0.60      0.40      0.00      0.00      0.00      0.00      0.00
04:57:35         4.00      0.00      1.00      1.00      1.00      0.00      0.00      0.00      0.00      0.00
04:57:40         4.00      0.00      1.00      1.00      1.00      0.00      0.00      0.00      0.00      0.00
04:57:45         4.00      0.00      1.00      1.00      1.00      0.00      0.00      0.00      0.00      0.00
04:57:50         3.20      0.00      0.80      0.80      0.80      0.00      0.00      0.00      0.00      0.00
04:57:55    231047.20 252187.20  63508.60  57762.20  58623.00 120842.40  39185.20 116903.60      0.00      0.00
04:58:00         4.80      0.00      2.40      1.80      1.00      0.00      0.00      0.00      0.00      0.00
04:58:05         4.00      0.00      1.00      1.00      1.00      0.00      0.00      0.00      0.00      0.00
04:58:10         3.20      0.00      0.80      0.80      0.80      0.00      0.00      0.00      0.00      0.00
04:58:15         4.00      0.00      1.00      1.00      1.00      0.00      0.00      0.00      0.00      0.00
04:58:20         3.20      0.00      0.80      0.80      0.80      0.00      0.00      0.00      0.00      0.00
04:58:25         4.00      0.00      1.00      1.00      1.00      0.00      0.00      0.00      0.00      0.00
04:58:30         3.20      0.00      0.80      0.80      0.80      0.00      0.00      0.00      0.00      0.00
04:58:35         4.00      0.00      1.00      1.00      1.00      0.00      0.00      0.00      0.00      0.00
04:58:40         3.20      0.00      0.80      0.80      0.80      0.00      0.00      0.00      0.00      0.00
04:58:45         4.00      0.00      1.00      1.00      1.00      0.00      0.00      0.00      0.00      0.00
04:58:50         3.20      0.00      0.80      0.80      0.80      0.00      0.00      0.00      0.00      0.00
04:58:55         2.40      0.00      0.60      0.60      0.60      0.00      0.00      0.00      0.00      0.00
04:59:00         2.40      0.00      0.60      0.60      0.60      0.00      0.00      0.00      0.00      0.00
04:59:05     89113.21  83306.51  22341.81  22284.62  20915.58  34670.61   9742.21  41743.59      0.00      0.00
04:59:10    148860.12 155614.43  37339.68  37234.87  39203.21  51236.67  12346.69  78379.96      0.00      0.00
04:59:15        30.40      0.00     22.40      8.40      1.20      0.00      0.00      0.00      0.00      0.00
04:59:20         4.00      0.00      1.00      1.00      1.00      0.00      0.00      0.00      0.00      0.00
04:59:25         2.40      0.00      0.60      0.60      0.60      0.00      0.00      0.00      0.00      0.00
04:59:30         3.20      0.00      0.80      0.80      0.80      0.00      0.00      0.00      0.00      0.00
04:59:35         2.40      0.00      0.60      0.60      0.60      0.00      0.00      0.00      0.00      0.00
04:59:40         3.20      0.00      1.00      0.80      0.80      0.00      0.00      0.00      0.00      0.00
04:59:45         3.20      0.00      0.80      0.80      1.60      0.00      0.00      0.00      0.00      0.00
04:59:50         3.20      0.00      0.80      0.80      0.80      0.00      0.00      0.00      0.00      0.00
04:59:55         4.00      0.00      1.00      1.00      1.00      0.00      0.00      0.00      0.00      0.00
05:00:00         2.40      0.00      0.60      0.60      0.60      0.00      0.00      0.00      0.00      0.00
05:00:05         3.20      0.00      0.80      0.80      0.80      0.00      0.00      0.00      0.00      0.00
05:00:10         4.00      0.00      1.00      1.00      1.00      0.00      0.00      0.00      0.00      0.00
05:00:15         3.20      0.00      0.80      0.80      0.80      0.00      0.00      0.00      0.00      0.00
05:00:20         1.60  19317.60      0.40      0.40    147.60      0.00      0.00      0.00      0.00      0.00
05:00:25         4.00      0.00      1.00      1.00      1.00      0.00      0.00      0.00      0.00      0.00
05:00:30         2.40      0.00      0.60      0.60      0.60      0.00      0.00      0.00      0.00      0.00
05:00:35         1.60      0.00      0.40      0.40      0.40      0.00      0.00      0.00      0.00      0.00
05:00:40         3.21      0.00      0.80      0.80      0.80      0.00      0.00      0.00      0.00      0.00
05:00:45         3.19      0.00      0.80      0.80      0.80      0.00      0.00      0.00      0.00      0.00
05:00:50         3.20      0.00      0.80      0.80      0.80      0.00      0.00      0.00      0.00      0.00
05:00:55         3.20      0.00      0.80      0.80      0.80      0.00      0.00      0.00      0.00      0.00
05:01:00         3.20    508.00      0.80      0.80      4.20      0.00      0.00      0.00      0.00      0.00
05:01:05         3.20    199.20      0.80      0.80      2.00      0.00      0.00      0.00      0.00      0.00
05:01:10         4.00   6496.00      1.00      1.00     51.00      0.00      0.00      0.00      0.00      0.00
05:01:15         2.40      0.00      0.60      0.60      0.60      0.00      0.00      0.00      0.00      0.00
05:01:20         2.40      0.00      0.60      0.60      0.60      0.00      0.00      0.00      0.00      0.00
05:01:25         2.40      0.00      0.60      0.60      0.60      0.00      0.00      0.00      0.00      0.00
05:01:30         3.20    177.60      0.80      0.80      1.80      0.00      0.00      0.00      0.00      0.00
05:01:35         2.40    198.40      0.60      0.60      2.00      0.00      0.00      0.00      0.00      0.00
05:01:40         3.20  10010.40      0.80      0.80     74.80      0.00      0.00      0.00      0.00      0.00
05:01:45         3.20   5230.40      0.80      0.80     39.80      0.00      0.00      0.00      0.00      0.00
05:01:50         3.20    600.80      0.80      0.80      5.20      0.00      0.00      0.00      0.00      0.00
05:01:55         3.20    426.40      0.80      0.80      3.60      0.00      0.00      0.00      0.00      0.00
05:02:00         4.00      0.00      1.00      1.00      1.00      0.00      0.00      0.00      0.00      0.00
05:02:05         2.40      0.00      0.60      0.60      0.60      0.00      0.00      0.00      0.00      0.00
05:02:10         3.20      0.00      0.80      0.80      0.80      0.00      0.00      0.00      0.00      0.00
05:02:15         4.00      0.00      1.00      1.00      1.00      0.00      0.00      0.00      0.00      0.00
05:02:20         0.00      0.00      0.00      0.00      0.00      0.00      0.00      0.00      0.00      0.00
05:02:25         4.00    271.20      1.00      1.00      2.60      0.00      0.00      0.00      0.00      0.00
05:02:30         2.40    586.40      0.60      0.60      4.60      0.00      0.00      0.00      0.00      0.00
05:02:35         2.40   1736.00      0.60      0.60     13.20      0.00      0.00      0.00      0.00      0.00
05:02:40         4.00    668.80      1.40      1.00      5.60      0.00      0.00      0.00      0.00      0.00
05:02:45         2.40   7224.00      0.60      0.60     54.60      0.00      0.00      0.00      0.00      0.00
05:02:50         2.40    228.00      0.60      0.60      2.20      0.00      0.00      0.00      0.00      0.00
05:02:55         4.80   1659.20      1.20      1.20     13.20      0.00      0.00      0.00      0.00      0.00
05:03:00         2.40    780.80      0.60      0.60      5.80      0.00      0.00      0.00      0.00      0.00
05:03:05         3.20   2203.20      0.80      0.80     16.80      0.00      0.00      0.00      0.00      0.00
05:03:10         0.80      0.00      0.20      0.20      0.20      0.00      0.00      0.00      0.00      0.00
05:03:15         3.20      0.00      0.80      0.80      0.80      0.00      0.00      0.00      0.00      0.00
05:03:20     36136.00  33574.40  19282.80   9034.20   8452.60  10008.20     38.40  16787.20      0.00      0.00
05:03:25         4.80      0.00      1.20      1.20      1.20      0.00      0.00      0.00      0.00      0.00
05:03:30         4.00      0.00      1.00      1.00      1.00      0.00      0.00      0.00      0.00      0.00
05:03:35         3.20      0.00      0.80      0.80      0.80      0.00      0.00      0.00      0.00      0.00
05:03:40         4.00      0.00      1.00      1.00      1.00      0.00      0.00      0.00      0.00      0.00
05:03:45         4.00      0.00      1.00      1.00      1.00      0.00      0.00      0.00      0.00      0.00
05:03:50         4.00      0.00      1.00      1.00      1.00      0.00      0.00      0.00      0.00      0.00
05:03:55    163169.60 151601.60  44302.80  40794.60  39716.80 118380.00  57452.80  79241.40      0.00      0.00
05:04:00     26614.40  29463.20   7052.80   6660.20   7370.00   8227.00    192.40  14795.80      0.00      0.00
05:04:05         4.80      0.00      1.20      1.20      2.00      0.00      0.00      0.00      0.00      0.00
05:04:10         3.20      0.00      0.80      0.80      0.80      0.00      0.00      0.00      0.00      0.00
05:04:15         2.40      0.00      0.60      0.60      0.60      0.00      0.00      0.00      0.00      0.00
05:04:20         4.80      0.00      1.20      1.20      1.20      0.00      0.00      0.00      0.00      0.00
05:04:25         3.20      0.00      0.80      0.80      0.80      0.00      0.00      0.00      0.00      0.00
05:04:30         2.40      0.00      0.60      0.60      0.60      0.00      0.00      0.00      0.00      0.00
05:04:35         0.00      0.00      0.00      0.00      0.00      0.00      0.00      0.00      0.00      0.00
05:04:40         3.20      0.00      0.80      0.80      0.80      0.00      0.00      0.00      0.00      0.00
05:04:45         4.00      0.00      1.00      1.00      1.00      0.00      0.00      0.00      0.00      0.00
05:04:50         0.80      0.00      0.20      0.20      0.20      0.00      0.00      0.00      0.00      0.00
05:04:55         4.00      0.00      1.00      1.00      1.00      0.00      0.00      0.00      0.00      0.00
05:05:00         2.40      0.00      0.60      0.60      0.60      0.00      0.00      0.00      0.00      0.00
05:05:05         2.40      0.00      0.60      0.60      0.60      0.00      0.00      0.00      0.00      0.00
05:05:10      9309.60  15353.60   2420.40   2327.60   3929.40   4794.00      0.00   7676.80      0.00      0.00
05:05:15         3.20      0.00      0.80      0.80      0.80      0.00      0.00      0.00      0.00      0.00
05:05:20         0.00      0.00      0.00      0.00      0.00      0.00      0.00      0.00      0.00      0.00
05:05:25         3.20      0.00      0.80      0.80      0.80      0.00      0.00      0.00      0.00      0.00
05:05:30         3.20      0.00      0.80      0.80      0.80      0.00      0.00      0.00      0.00      0.00
05:05:35         2.40      0.00      0.60      0.60      0.60      0.00      0.00      0.00      0.00      0.00
05:05:40         3.20      0.00      0.80      0.80      0.80      0.00      0.00      0.00      0.00      0.00
05:05:45         3.20      0.00      0.80      0.80      0.80      0.00      0.00      0.00      0.00      0.00
05:05:50         2.40      0.00      0.60      0.60      0.60      0.00      0.00      0.00      0.00      0.00
05:05:55         3.20      0.00      0.80      0.80      0.80      0.00      0.00      0.00      0.00      0.00
05:06:00         3.20      0.00      0.80      0.80      0.80      0.00      0.00      0.00      0.00      0.00
05:06:05         3.20      0.00      0.80      0.80      0.80      0.00      0.00      0.00      0.00      0.00
05:06:10         3.20      0.00      0.80      0.80      0.80      0.00      0.00      0.00      0.00      0.00
05:06:15         1.60      0.00      0.40      0.40      0.40      0.00      0.00      0.00      0.00      0.00
05:06:20         2.40  22536.80      0.60      0.60    174.20      0.00      0.00      0.00      0.00      0.00
05:06:25         3.20      0.00      0.80      0.80      0.80      0.00      0.00      0.00      0.00      0.00
05:06:30         3.20      0.00      0.80      0.80      0.80      0.00      0.00      0.00      0.00      0.00
05:06:35         3.20      0.00      0.80      0.80      0.80      0.00      0.00      0.00      0.00      0.00
05:06:40         3.20      0.00      0.80      0.80      0.80      0.00      0.00      0.00      0.00      0.00
05:06:45         1.60      0.00      0.40      0.40      0.40      0.00      0.00      0.00      0.00      0.00
05:06:50         1.60      0.00      0.40      0.40      0.40      0.00      0.00      0.00      0.00      0.00
05:06:55         4.00      0.00      1.00      1.00      1.00      0.00      0.00      0.00      0.00      0.00
05:07:00         2.40      0.00      0.60      0.60      0.60      0.00      0.00      0.00      0.00      0.00
05:07:05         2.40      0.00      0.60      0.60      0.60      0.00      0.00      0.00      0.00      0.00
05:07:10         3.20      0.00      0.80      0.80      0.80      0.00      0.00      0.00      0.00      0.00
05:07:15         3.20    550.40      0.80      0.80      4.60      0.00      0.00      0.00      0.00      0.00
05:07:20         2.40    156.80      0.60      0.60      1.40      0.00      0.00      0.00      0.00      0.00
05:07:25         3.20   7255.20      0.80      0.80     55.20      0.00      0.00      0.00      0.00      0.00
05:07:30         3.20   7335.20      0.80      0.80     56.20      0.00      0.00      0.00      0.00      0.00
05:07:35         2.40      0.00      0.60      0.60      0.60      0.00      0.00      0.00      0.00      0.00
05:07:40         3.20   7649.60      0.80      0.80     60.20      0.00      0.00      0.00      0.00      0.00
05:07:45         0.80   7507.20      0.20      0.20     58.60      0.00      0.00      0.00      0.00      0.00
05:07:50         3.20   1242.40      0.80      0.80      9.80      0.00      0.00      0.00      0.00      0.00
05:07:55         1.60    196.80      0.40      0.40      1.60      0.00      0.00      0.00      0.00      0.00
05:08:00         3.20    432.80      0.80      0.80      3.80      0.00      0.00      0.00      0.00      0.00
05:08:05         0.80    689.60      0.20      0.20      5.00      0.00      0.00      0.00      0.00      0.00
05:08:10         0.00    517.60      0.00      0.00      3.80      0.00      0.00      0.00      0.00      0.00
05:08:15         1.60      0.00      0.40      0.40      0.40      0.00      0.00      0.00      0.00      0.00
05:08:20         0.80      0.00      0.20      0.20      0.20      0.00      0.00      0.00      0.00      0.00
05:08:25         3.20      0.00      0.80      0.80      0.80      0.00      0.00      0.00      0.00      0.00
05:08:30         2.40      0.00      0.60      0.60      0.60      0.00      0.00      0.00      0.00      0.00
05:08:35         1.60    619.20      0.40      0.40      4.60      0.00      0.00      0.00      0.00      0.00
05:08:40         3.20   4698.40      0.80      0.80     36.00      0.00      0.00      0.00      0.00      0.00
05:08:45         3.20    545.60      0.80      0.80      4.20      0.00      0.00      0.00      0.00      0.00
05:08:50         3.20    869.60      0.80      0.80      6.60      0.00      0.00      0.00      0.00      0.00
05:08:55         2.40   1045.60      0.60      0.60      8.20      0.00      0.00      0.00      0.00      0.00
05:09:00         4.00    672.80      1.00      1.00      5.40      0.00      0.00      0.00      0.00      0.00
05:09:05         0.80      0.00      0.20      0.20      0.20      0.00      0.00      0.00      0.00      0.00
05:09:10         1.60      0.00      0.40      0.40      0.40      0.00      0.00      0.00      0.00      0.00
05:09:15         4.80      0.00      1.20      1.20      1.20      0.00      0.00      0.00      0.00      0.00
05:09:20    109671.06  92839.92  38959.68  27418.16  24907.78  70124.95  28378.44  49556.09      0.00      0.00
05:09:25     20117.60  43600.80   6872.20   5029.00   6744.00  28800.60   7680.40  13402.00      0.00      0.00
05:09:30         3.20      0.00      0.80      0.80      0.80      0.00      0.00      0.00      0.00      0.00
05:09:35         2.40      0.00      0.60      0.60      0.60      0.00      0.00      0.00      0.00      0.00
05:09:40         4.00      0.00      1.00      1.00      1.00      0.00      0.00      0.00      0.00      0.00
05:09:45         3.20      0.00      0.80      0.80      0.80      0.00      0.00      0.00      0.00      0.00
05:09:50         2.40      0.00      0.60      0.60      0.60      0.00      0.00      0.00      0.00      0.00
05:09:55     20829.60  12960.80  13195.80   5210.40   3434.20  40069.00  12690.40   6747.60      0.00      0.00
05:10:00     75542.40  78392.80  19224.00  18885.60  19632.20  35437.60   8742.80  39261.60      0.00      0.00
05:10:05         3.20      0.00      0.80      0.80      0.80      0.00      0.00      0.00      0.00      0.00
05:10:10         3.20      0.00      0.80      0.80      0.80      0.00      0.00      0.00      0.00      0.00
05:10:15         3.20      0.00      0.80      0.80      0.80      0.00      0.00      0.00      0.00      0.00
05:10:20         3.20      0.00      0.80      0.80      0.80      0.00      0.00      0.00      0.00      0.00
05:10:25         4.00      0.00      1.00      1.00      1.00      0.00      0.00      0.00      0.00      0.00
05:10:30         2.40      0.00      0.60      0.60      0.60      0.00      0.00      0.00      0.00      0.00
05:10:35         4.00      0.00      1.00      1.00      1.00      0.00      0.00      0.00      0.00      0.00
05:10:40         3.20      0.00      0.80      0.80      0.80      0.00      0.00      0.00      0.00      0.00
05:10:45         2.40      0.00      0.60      0.60      0.60      0.00      0.00      0.00      0.00      0.00
05:10:50         4.00      0.00      1.00      1.00      1.00      0.00      0.00      0.00      0.00      0.00
05:10:55         3.20      0.00      0.80      0.80      0.80      0.00      0.00      0.00      0.00      0.00
05:11:00         2.40      0.00      0.60      0.60      0.60      0.00      0.00      0.00      0.00      0.00
05:11:05         4.80      0.00      1.20      1.20      1.20      0.00      0.00      0.00      0.00      0.00
05:11:10     71103.20  72453.60  17812.20  17777.40  18131.20  22789.40   1635.00  36226.80      0.00      0.00
05:11:15         3.20      0.00      0.80      0.80      0.80      0.00      0.00      0.00      0.00      0.00
05:11:20         2.40      0.80      0.60      0.60      0.60      0.00      0.00      0.00      0.00      0.00
05:11:25         2.40      0.00      0.60      0.60      0.60      0.00      0.00      0.00      0.00      0.00
05:11:30         3.20      0.00      0.80      0.80      0.80      0.00      0.00      0.00      0.00      0.00
05:11:35         3.20      0.00      0.80      0.80      0.80      0.00      0.00      0.00      0.00      0.00
05:11:40         3.20      0.00      0.80      0.80      0.80      0.00      0.00      0.00      0.00      0.00
05:11:45         2.40      0.00      0.60      0.60      0.60      0.00      0.00      0.00      0.00      0.00
05:11:50         4.80      0.00      1.20      1.20      1.20      0.00      0.00      0.00      0.00      0.00
05:11:55         1.60      0.00      0.40      0.40      0.40      0.00      0.00      0.00      0.00      0.00
05:12:00         4.00      0.00      1.00      1.00      1.00      0.00      0.00      0.00      0.00      0.00
05:12:05         3.20      0.00      0.80      0.80      0.80      0.00      0.00      0.00      0.00      0.00
05:12:10         2.40      0.00      0.60      0.60      0.60      0.00      0.00      0.00      0.00      0.00
05:12:15         4.00      0.00      1.00      1.00      1.00      0.00      0.00      0.00      0.00      0.00
05:12:20         1.60  16216.00      0.40      0.40    100.40      0.00      0.00      0.00      0.00      0.00
05:12:25         3.20      0.00      0.80      0.80      0.80      0.00      0.00      0.00      0.00      0.00
05:12:30         3.20      0.00      0.80      0.80      0.80      0.00      0.00      0.00      0.00      0.00
05:12:35         3.20      0.00      0.80      0.80      0.80      0.00      0.00      0.00      0.00      0.00
05:12:40         3.20      0.00      0.80      0.80      0.80      0.00      0.00      0.00      0.00      0.00
05:12:45         3.20      0.00      0.80      0.80      0.80      0.00      0.00      0.00      0.00      0.00
05:12:50         1.60   6612.80      0.40      0.40     47.40      0.00      0.00      0.00      0.00      0.00
05:12:55         4.00    129.60      1.00      1.00      1.40      0.00      0.00      0.00      0.00      0.00
05:13:00         2.40     80.00      0.60      0.60      1.20      0.00      0.00      0.00      0.00      0.00
05:13:05         3.20      0.00      0.80      0.80      0.80      0.00      0.00      0.00      0.00      0.00
05:13:10         4.00      0.00      1.00      1.00      1.00      0.00      0.00      0.00      0.00      0.00
05:13:15         2.40      0.00      0.60      0.60      0.60      0.00      0.00      0.00      0.00      0.00
05:13:20         2.40      0.00      0.60      0.60      0.60      0.00      0.00      0.00      0.00      0.00
05:13:25         3.20      0.00      0.80      0.80      0.80      0.00      0.00      0.00      0.00      0.00
05:13:30         3.20      0.00      0.80      0.80      0.80      0.00      0.00      0.00      0.00      0.00
05:13:35         3.20    325.60      0.80      0.80      2.40      0.00      0.00      0.00      0.00      0.00
05:13:40         1.60   1324.00      0.40      0.40      9.60      0.00      0.00      0.00      0.00      0.00
05:13:45         2.40  26119.20      0.60      0.60    202.80      0.00      0.00      0.00      0.00      0.00
05:13:50         3.20      0.00      0.80      0.80      0.80      0.00      0.00      0.00      0.00      0.00
05:13:55         4.00    536.00      1.00      1.00      4.80      0.00      0.00      0.00      0.00      0.00
05:14:00         2.40  11684.80      0.60      0.60     90.80      0.00      0.00      0.00      0.00      0.00
05:14:05         2.40      0.00      0.60      0.60      0.60      0.00      0.00      0.00      0.00      0.00
05:14:10         3.20      0.00      0.80      0.80      0.80      0.00      0.00      0.00      0.00      0.00
05:14:15         2.40      0.00      0.60      0.60      0.60      0.00      0.00      0.00      0.00      0.00
05:14:20         1.60      0.00      0.40      0.40      0.40      0.00      0.00      0.00      0.00      0.00
05:14:25         3.20      0.00      0.80      0.80      0.80      0.00      0.00      0.00      0.00      0.00
05:14:30         1.60      0.00      0.40      0.40      0.40      0.00      0.00      0.00      0.00      0.00
05:14:35         1.60      0.00      0.40      0.40      0.40      0.00      0.00      0.00      0.00      0.00
05:14:40         3.20      0.00      0.80      0.80      0.80      0.00      0.00      0.00      0.00      0.00
05:14:45         1.60      0.00      0.40      0.40      0.40      0.00      0.00      0.00      0.00      0.00
05:14:50         2.40      0.00      0.60      0.60      0.60      0.00      0.00      0.00      0.00      0.00
05:14:55         4.00      0.00      1.00      1.00      1.00      0.00      0.00      0.00      0.00      0.00
05:15:00         2.40      0.00      0.60      0.60      0.60      0.00      0.00      0.00      0.00      0.00
05:15:05         3.20      0.00      0.80      0.80      0.80      0.00      0.00      0.00      0.00      0.00
05:15:10         2.40      0.00      0.60      0.60      0.60      0.00      0.00      0.00      0.00      0.00
05:15:15         1.60      0.00      0.40      0.40      0.40      0.00      0.00      0.00      0.00      0.00
05:15:20         0.80   6044.80      0.20      0.20     46.00      0.00      0.00      0.00      0.00      0.00
05:15:25    240019.20 253776.80  72718.00  60014.40  60953.60 122075.00  31783.60 121039.20      0.00      0.00
05:15:30         9.60   7184.00     17.40      2.80     55.60      0.00      0.00      0.00      0.00      0.00
05:15:35         4.00      0.00      1.00      1.00      1.00      0.00      0.00      0.00      0.00      0.00
05:15:40         3.20      0.00      0.80      0.80      0.80      0.00      0.00      0.00      0.00      0.00
05:15:45         3.20      0.00      0.80      0.80      0.80      0.00      0.00      0.00      0.00      0.00
05:15:50         4.00      0.00      1.00      1.00      1.00      0.00      0.00      0.00      0.00      0.00
05:15:55         3.20      0.00      0.80      0.80      0.80      0.00      0.00      0.00      0.00      0.00
05:16:00     53825.60  49363.20  24052.80  13456.60  12423.20  32595.60   8972.20  24681.60      0.00      0.00
05:16:05         4.00      0.00      1.00      1.00      1.00      0.00      0.00      0.00      0.00      0.00
05:16:10         2.40      0.00      0.60      0.60      0.60      0.00      0.00      0.00      0.00      0.00
05:16:15         3.20      0.00      0.80      0.80      0.80      0.00      0.00      0.00      0.00      0.00
05:16:20         3.20      0.00      0.80      0.80      0.80      0.00      0.00      0.00      0.00      0.00
05:16:25         2.40      0.00      0.60      0.60      0.60      0.00      0.00      0.00      0.00      0.00
05:16:30         0.80      0.00      0.20      0.20      0.20      0.00      0.00      0.00      0.00      0.00
05:16:35         3.20      0.00      0.80      0.80      0.80      0.00      0.00      0.00      0.00      0.00
05:16:40         2.40      0.00      0.60      0.60      0.60      0.00      0.00      0.00      0.00      0.00
05:16:45         2.40      0.00      0.60      0.60      0.60      0.00      0.00      0.00      0.00      0.00
05:16:50         4.80   6229.60      1.20      1.20     46.60      0.00      0.00      0.00      0.00      0.00
05:16:55         2.40      0.00      0.60      0.60      0.60      0.00      0.00      0.00      0.00      0.00
05:17:00         2.40      0.00      0.60      0.60      0.60      0.00      0.00      0.00      0.00      0.00
05:17:05         3.20      0.00      0.80      0.80      0.80      0.00      0.00      0.00      0.00      0.00
05:17:10    112350.50 114360.08  29274.65  28092.02  27266.27  81627.15  36288.22  54445.31      0.00      0.00
05:17:15     42052.80  46737.60  12395.80  10513.20  11694.80  12542.80    694.20  23394.60      0.00      0.00
05:17:20         2.40      0.00      0.60      0.60      0.60      0.00      0.00      0.00      0.00      0.00
05:17:25         3.20      0.00      0.80      0.80      0.80      0.00      0.00      0.00      0.00      0.00
05:17:30         3.20      0.00      0.80      0.80      0.80      0.00      0.00      0.00      0.00      0.00
05:17:35         3.20      0.00      0.80      0.80      0.80      0.00      0.00      0.00      0.00      0.00
05:17:40         2.40      0.00      0.60      0.60      0.60      0.00      0.00      0.00      0.00      0.00
05:17:45         4.00      0.00      1.00      1.00      1.00      0.00      0.00      0.00      0.00      0.00
05:17:50         2.40      0.00      0.60      0.60      0.60      0.00      0.00      0.00      0.00      0.00
05:17:55         3.20      0.00      0.80      0.80      0.80      0.00      0.00      0.00      0.00      0.00
05:18:00         3.20      0.00      0.80      0.80      0.80      0.00      0.00      0.00      0.00      0.00
05:18:05         3.20      0.00      0.80      0.80      0.80      0.00      0.00      0.00      0.00      0.00
05:18:10         2.40      0.00      0.60      0.60      0.60      0.00      0.00      0.00      0.00      0.00
05:18:15         2.40      0.00      0.60      0.60      0.60      0.00      0.00      0.00      0.00      0.00
05:18:20         1.60      0.00      0.40      0.40      0.40      0.00      0.00      0.00      0.00      0.00
05:18:25         2.40   9317.60      0.60      0.60     35.80      0.00      0.00      0.00      0.00      0.00
05:18:30         4.00      0.00      1.00      1.00      1.00      0.00      0.00      0.00      0.00      0.00
05:18:35         2.40      0.00      0.60      0.60      0.60      0.00      0.00      0.00      0.00      0.00
05:18:40         2.40      0.00      0.60      0.60      0.60      0.00      0.00      0.00      0.00      0.00
05:18:45         3.20      0.00      0.80      0.80      0.80      0.00      0.00      0.00      0.00      0.00
05:18:50         2.40   5341.60      0.60      0.60     40.00      0.00      0.00      0.00      0.00      0.00
05:18:55         3.20      0.00      0.80      0.80      0.80      0.00      0.00      0.00      0.00      0.00
05:19:00         3.20  14112.00      0.80      0.80    107.20      0.00      0.00      0.00      0.00      0.00
05:19:05         2.40      0.00      0.60      0.60      0.60      0.00      0.00      0.00      0.00      0.00
05:19:10         3.20      0.00      0.80      0.80      0.80      0.00      0.00      0.00      0.00      0.00
05:19:15         3.20      0.00      0.80      0.80      0.80      0.00      0.00      0.00      0.00      0.00
05:19:20         3.20      0.00      0.80      0.80      0.80      0.00      0.00      0.00      0.00      0.00
05:19:25         3.20      0.00      0.80      0.80      0.80      0.00      0.00      0.00      0.00      0.00
05:19:30         2.40      0.00      0.60      0.60      0.60      0.00      0.00      0.00      0.00      0.00
05:19:35         2.40      0.00      0.60      0.60      0.60      0.00      0.00      0.00      0.00      0.00
05:19:40         2.40     21.60      0.60      0.60      0.60      0.00      0.00      0.00      0.00      0.00
05:19:45         4.00   6983.20      1.00      1.00     53.00      0.00      0.00      0.00      0.00      0.00
05:19:50         2.40   7265.60      0.60      0.60     55.00      0.00      0.00      0.00      0.00      0.00
05:19:55         4.00     47.20      1.00      1.00      1.20      0.00      0.00      0.00      0.00      0.00
05:20:00         0.00      0.00      0.00      0.00      0.00      0.00      0.00      0.00      0.00      0.00
05:20:05         3.20      0.00      0.80      0.80      0.80      0.00      0.00      0.00      0.00      0.00
05:20:10         3.20      0.00      0.80      0.80      0.80      0.00      0.00      0.00      0.00      0.00
05:20:15         2.40      6.40      0.60      0.60      0.60      0.00      0.00      0.00      0.00      0.00
05:20:20         1.60     92.80      0.40      0.40      1.00      0.00      0.00      0.00      0.00      0.00
05:20:25         0.80    459.20      0.20      0.20      3.20      0.00      0.00      0.00      0.00      0.00
05:20:30         1.60   1852.80      0.40      0.40     14.20      0.00      0.00      0.00      0.00      0.00
05:20:35         3.20      0.00      0.80      0.80      0.80      0.00      0.00      0.00      0.00      0.00
05:20:40         0.80      0.00      0.20      0.20      0.20      0.00      0.00      0.00      0.00      0.00
05:20:45         1.60      0.00      0.40      0.40      0.40      0.00      0.00      0.00      0.00      0.00
05:20:50         4.00      0.00      1.00      1.00      1.00      0.00      0.00      0.00      0.00      0.00
05:20:55         2.40      0.00      0.60      0.60      0.60      0.00      0.00      0.00      0.00      0.00
05:21:00         2.40      0.00      0.60      0.60      0.60      0.00      0.00      0.00      0.00      0.00
05:21:05         3.20      0.00      0.80      0.80      0.80      0.00      0.00      0.00      0.00      0.00
05:21:10         3.20      0.00      0.80      0.80      0.80      0.00      0.00      0.00      0.00      0.00
05:21:15         2.40      0.00      0.60      0.60      0.60      0.00      0.00      0.00      0.00      0.00
05:21:20         4.00      0.00      1.00      1.00      1.00      0.00      0.00      0.00      0.00      0.00
05:21:25    185527.20 189978.40  54955.80  46386.60  46358.60  78416.80  10973.40  92452.40      0.00      0.00
05:21:30         2.40  22042.40      0.60      0.60    139.80      0.00      0.00      0.00      0.00      0.00
05:21:35         2.40      0.00      0.60      0.60      0.60      0.00      0.00      0.00      0.00      0.00
05:21:40         3.20      0.00      0.80      0.80      0.80      0.00      0.00      0.00      0.00      0.00
05:21:45         1.60      0.00      0.40      0.40      0.40      0.00      0.00      0.00      0.00      0.00
05:21:50         2.40      0.00      0.60      0.60      0.60      0.00      0.00      0.00      0.00      0.00
05:21:55         3.20      0.00      0.80      0.80      0.80      0.00      0.00      0.00      0.00      0.00
05:22:00    177993.60 155393.60  50654.80  44499.20  43469.60 103437.40  32682.20  86727.20      0.00      0.00
05:22:05      3523.20   9229.60    898.20    887.60   2327.20   3741.60     12.80   4659.60      0.00      0.00
05:22:10         3.20      0.00      0.80      0.80      0.80      0.00      0.00      0.00      0.00      0.00
05:22:15         2.40      0.80      0.60      0.60      0.60      0.00      0.00      0.00      0.00      0.00
05:22:20         3.20      0.00      0.80      0.80      0.80      0.00      0.00      0.00      0.00      0.00
05:22:25         4.00      0.00      1.00      1.00      1.00      0.00      0.00      0.00      0.00      0.00
05:22:30         2.40      0.00      0.60      0.60      0.60      0.00      0.00      0.00      0.00      0.00
05:22:35         3.20      0.00      0.80      0.80      0.80      0.00      0.00      0.00      0.00      0.00
05:22:40         3.20      0.00      0.80      0.80      0.80      0.00      0.00      0.00      0.00      0.00
05:22:45         3.20      0.00      0.80      0.80      0.80      0.00      0.00      0.00      0.00      0.00
05:22:50         2.40      0.00      0.60      0.60      0.60      0.00      0.00      0.00      0.00      0.00
05:22:55         2.40      0.00      0.60      0.60      0.60      0.00      0.00      0.00      0.00      0.00
05:23:00         4.00      0.00      1.00      1.00      1.00      0.00      0.00      0.00      0.00      0.00
05:23:05         2.40      0.00      0.60      0.60      0.60      0.00      0.00      0.00      0.00      0.00
05:23:10         2.40      0.00      0.60      0.60      0.60      0.00      0.00      0.00      0.00      0.00
05:23:15     73630.40  73632.80  18452.40  18407.80  18404.80  20447.40   1474.60  36805.60      0.00      0.00
05:23:20         4.00      0.00      1.00      1.00      1.00      0.00      0.00      0.00      0.00      0.00
05:23:25         3.20      0.00      0.80      0.80      0.80      0.00      0.00      0.00      0.00      0.00
05:23:30         2.40      0.00      0.60      0.60      0.60      0.00      0.00      0.00      0.00      0.00
05:23:35         4.00      0.00      1.00      1.00      1.00      0.00      0.00      0.00      0.00      0.00
05:23:40         3.20      0.00      0.80      0.80      0.80      0.00      0.00      0.00      0.00      0.00
05:23:45         2.40      0.00      0.60      0.60      0.60      0.00      0.00      0.00      0.00      0.00
05:23:50         4.80      0.00      1.20      1.20      1.20      0.00      0.00      0.00      0.00      0.00
05:23:55         1.60      0.00      0.40      0.40      0.40      0.00      0.00      0.00      0.00      0.00
05:24:00         3.20      0.00      0.80      0.80      0.80      0.00      0.00      0.00      0.00      0.00
05:24:05         2.40      0.00      0.60      0.60      0.60      0.00      0.00      0.00      0.00      0.00
05:24:10         2.40      0.00      0.60      0.60      0.60      0.00      0.00      0.00      0.00      0.00
05:24:15         4.00      0.00      1.00      1.00      1.00      0.00      0.00      0.00      0.00      0.00
05:24:20         2.40      0.00      0.60      0.60      0.60      0.00      0.00      0.00      0.00      0.00
05:24:25         3.20   1101.60      0.80      0.80      2.40      0.00      0.00      0.00      0.00      0.00
05:24:30         3.20      0.00      0.80      0.80      0.80      0.00      0.00      0.00      0.00      0.00
05:24:35         3.20      0.00      0.80      0.80      0.80      0.00      0.00      0.00      0.00      0.00
05:24:40         3.20      0.00      0.80      0.80      0.80      0.00      0.00      0.00      0.00      0.00
05:24:45         3.20      0.00      0.80      0.80      0.80      0.00      0.00      0.00      0.00      0.00
05:24:50         2.40      0.00      0.60      0.60      0.60      0.00      0.00      0.00      0.00      0.00
05:24:55         4.00      0.80      1.00      1.00      1.00      0.00      0.00      0.00      0.00      0.00
05:25:00         2.40   2270.40      0.60      0.60      4.40      0.00      0.00      0.00      0.00      0.00
05:25:05         2.40   3439.20      0.60      0.60     21.40      0.00      0.00      0.00      0.00      0.00
05:25:10         4.00   3876.80      1.00      1.00     29.40      0.00      0.00      0.00      0.00      0.00
05:25:15         0.80     36.80      0.20      0.20      0.20      0.00      0.00      0.00      0.00      0.00
05:25:20         1.60     84.80      0.40      0.40      0.80      0.00      0.00      0.00      0.00      0.00
05:25:25         4.00    268.80      1.00      1.00      2.60      0.00      0.00      0.00      0.00      0.00
05:25:30         2.40      0.00      0.60      0.60      0.60      0.00      0.00      0.00      0.00      0.00
05:25:35         1.60      0.80      0.40      0.40      0.40      0.00      0.00      0.00      0.00      0.00
05:25:40         3.20    508.80      0.80      0.80      4.00      0.00      0.00      0.00      0.00      0.00
05:25:45         3.20   1363.20      0.80      0.80      9.00      0.00      0.00      0.00      0.00      0.00
05:25:50         3.20  15270.40      0.80      0.80    119.60      0.00      0.00      0.00      0.00      0.00
05:25:55         2.40   7580.80      0.60      0.60     59.40      0.00      0.00      0.00      0.00      0.00
05:26:00         1.60    583.20      0.40      0.40      4.40      0.00      0.00      0.00      0.00      0.00
05:26:05         3.20      0.00      0.80      0.80      0.80      0.00      0.00      0.00      0.00      0.00
05:26:10         2.40    115.20      0.60      0.60      1.20      0.00      0.00      0.00      0.00      0.00
05:26:15         3.20    124.80      1.20      0.80      1.40      0.00      0.00      0.00      0.00      0.00
05:26:20         3.20   1099.20      0.80      0.80      8.40      0.00      0.00      0.00      0.00      0.00
05:26:25         0.00    226.40      0.00      0.00      1.60      0.00      0.00      0.00      0.00      0.00
05:26:30         4.00      0.00      1.00      1.00      1.00      0.00      0.00      0.00      0.00      0.00
05:26:35         2.40      0.00      0.60      0.60      0.60      0.00      0.00      0.00      0.00      0.00
05:26:40         2.40      0.00      0.60      0.60      0.60      0.00      0.00      0.00      0.00      0.00
05:26:45         4.00      0.00      1.00      1.00      1.00      0.00      0.00      0.00      0.00      0.00
05:26:50         2.40      0.00      0.60      0.60      0.60      0.00      0.00      0.00      0.00      0.00
05:26:55         3.20      0.00      0.80      0.80      0.80      0.00      0.00      0.00      0.00      0.00
05:27:00         4.00      0.00      1.00      1.00      1.00      0.00      0.00      0.00      0.00      0.00
05:27:05         2.40      0.00      0.60      0.60      0.60      0.00      0.00      0.00      0.00      0.00
05:27:10         3.20      0.00      0.80      0.80      0.80      0.00      0.00      0.00      0.00      0.00
05:27:15         3.20      0.00      0.80      0.80      0.80      0.00      0.00      0.00      0.00      0.00
05:27:20         3.20      0.00      0.80      0.80      0.80      0.00      0.00      0.00      0.00      0.00
05:27:25    109594.40  91363.20  31450.80  27398.80  25955.00  65838.00  22361.80  51408.00      0.00      0.00
05:27:30     40601.60  43996.00  11265.20  10157.80  11114.60  16634.40   5899.60  22210.40      0.00      0.00
05:27:35         2.40      0.00      8.40      1.20      0.80      0.00      0.00      0.00      0.00      0.00
05:27:40         4.00      0.00      1.00      1.00      1.00      0.00      0.00      0.00      0.00      0.00
05:27:45         0.00      0.00      0.00      0.00      0.00      0.00      0.00      0.00      0.00      0.00
05:27:50         1.60      0.00      0.40      0.40      0.40      0.00      0.00      0.00      0.00      0.00
05:27:55         4.00      0.00      1.00      1.00      1.00      0.00      0.00      0.00      0.00      0.00
05:28:00     10839.20   6918.40   4285.20   2710.00   1744.40   4724.80    411.80   3447.20      0.00      0.00
05:28:05     78277.84  85772.46  21412.18  19578.64  21632.53  31434.93   7081.04  43210.38      0.00      0.00
05:28:10         3.20      0.00     17.00      1.20      0.80      0.00      0.00      0.00      0.00      0.00
05:28:15         2.40      0.00      0.60      0.60      0.60      0.00      0.00      0.00      0.00      0.00
05:28:20         2.40      0.00      0.80      0.60      0.60      0.00      0.00      0.00      0.00      0.00
05:28:25         3.20      0.00      0.80      0.80      0.80      0.00      0.00      0.00      0.00      0.00
05:28:30         3.20      0.00      0.80      0.80      0.80      0.00      0.00      0.00      0.00      0.00
05:28:35         3.20      0.00      0.80      0.80      0.80      0.00      0.00      0.00      0.00      0.00
05:28:40         2.40      0.00      0.60      0.60      0.60      0.00      0.00      0.00      0.00      0.00
05:28:45         2.40      0.00      0.60      0.60      0.60      0.00      0.00      0.00      0.00      0.00
05:28:50         3.20      0.00      0.80      0.80      0.80      0.00      0.00      0.00      0.00      0.00
05:28:55         2.40      0.00      0.60      0.60      0.60      0.00      0.00      0.00      0.00      0.00
05:29:00         3.20      0.00      0.80      0.80      0.80      0.00      0.00      0.00      0.00      0.00
05:29:05         2.40      0.00      0.60      0.60      0.60      0.00      0.00      0.00      0.00      0.00
05:29:10         3.20      0.00      0.80      0.80      0.80      0.00      0.00      0.00      0.00      0.00
05:29:15     21724.00  17371.20   5468.00   5431.20   4392.20   5662.00     37.20   8772.00      0.00      0.00
05:29:20         3.20      0.00      0.80      0.80      0.80      0.00      0.00      0.00      0.00      0.00
05:29:25         3.20      0.00      0.80      0.80      0.80      0.00      0.00      0.00      0.00      0.00
05:29:30         1.60      0.00      0.40      0.40      0.40      0.00      0.00      0.00      0.00      0.00
05:29:35         4.00      0.00      1.00      1.00      1.00      0.00      0.00      0.00      0.00      0.00
05:29:40         3.20      0.00      0.80      0.80      0.80      0.00      0.00      0.00      0.00      0.00
05:29:45         2.40      0.00      0.60      0.60      0.60      0.00      0.00      0.00      0.00      0.00
05:29:50         3.20      0.00      0.80      0.80      0.80      0.00      0.00      0.00      0.00      0.00
05:29:55         4.00      0.00      1.00      1.00      1.00      0.00      0.00      0.00      0.00      0.00
05:30:00         1.60      0.00      0.40      0.40      0.40      0.00      0.00      0.00      0.00      0.00
05:30:05         2.40      0.00      0.60      0.60      0.60      0.00      0.00      0.00      0.00      0.00
05:30:10         4.00      0.00      1.00      1.00      1.00      0.00      0.00      0.00      0.00      0.00
05:30:15         2.40      0.00      0.60      0.60      0.60      0.00      0.00      0.00      0.00      0.00
05:30:20         2.40      0.00      0.60      0.60      0.60      0.00      0.00      0.00      0.00      0.00
05:30:25         3.20   9636.00      0.80      0.80     53.40      0.00      0.00      0.00      0.00      0.00
05:30:30         3.20   7384.80      0.80      0.80     56.20      0.00      0.00      0.00      0.00      0.00
05:30:35         2.40      0.00      0.60      0.60      0.60      0.00      0.00      0.00      0.00      0.00
05:30:40         4.00      0.00      1.00      1.00      1.00      0.00      0.00      0.00      0.00      0.00
05:30:45         2.40      0.00      0.60      0.60      0.60      0.00      0.00      0.00      0.00      0.00
05:30:50         3.20      0.00      0.80      0.80      0.80      0.00      0.00      0.00      0.00      0.00
05:30:55         4.00      0.00      1.00      1.00      1.00      0.00      0.00      0.00      0.00      0.00
05:31:00         3.20      0.00      0.80      0.80      0.80      0.00      0.00      0.00      0.00      0.00
05:31:05         3.20      0.00      0.80      0.80      0.80      0.00      0.00      0.00      0.00      0.00
05:31:10         1.60      0.00      0.40      0.40      0.40      0.00      0.00      0.00      0.00      0.00
05:31:15         4.00      0.00      1.00      1.00      1.00      0.00      0.00      0.00      0.00      0.00
05:31:20         2.40      0.00      0.60      0.60      0.60      0.00      0.00      0.00      0.00      0.00
05:31:25         3.20      0.00      0.80      0.80      0.80      0.00      0.00      0.00      0.00      0.00
05:31:30         4.00      0.00      1.00      1.00      1.00      0.00      0.00      0.00      0.00      0.00
05:31:35         3.20      0.00      0.80      0.80      0.80      0.00      0.00      0.00      0.00      0.00
05:31:40         2.40    715.20      0.60      0.60      5.20      0.00      0.00      0.00      0.00      0.00
05:31:45         3.20     80.00      0.80      0.80      1.00      0.00      0.00      0.00      0.00      0.00
05:31:50         1.60  22640.80      0.40      0.40    175.00      0.00      0.00      0.00      0.00      0.00
05:31:55         1.60      0.00      0.40      0.40      0.40      0.00      0.00      0.00      0.00      0.00
05:32:00         1.60      0.00      0.40      0.40      0.40      0.00      0.00      0.00      0.00      0.00
05:32:05         1.60      0.00      0.40      0.40      0.40      0.00      0.00      0.00      0.00      0.00
05:32:10         3.20      0.00      0.80      0.80      0.80      0.00      0.00      0.00      0.00      0.00
05:32:15         3.20      0.00      0.80      0.80      0.80      0.00      0.00      0.00      0.00      0.00
05:32:20         2.40      0.00      0.60      0.60      0.60      0.00      0.00      0.00      0.00      0.00
05:32:25         3.20      0.00      0.80      0.80      0.80      0.00      0.00      0.00      0.00      0.00
05:32:30         4.00      0.00      1.00      1.00      1.00      0.00      0.00      0.00      0.00      0.00
05:32:35         2.40      0.00      0.60      0.60      0.60      0.00      0.00      0.00      0.00      0.00
05:32:40         3.20   7915.20      0.80      0.80     59.80      0.00      0.00      0.00      0.00      0.00
05:32:45         2.40   2550.40      0.60      0.60     19.80      0.00      0.00      0.00      0.00      0.00
05:32:50         2.40     44.00      0.60      0.60      0.80      0.00      0.00      0.00      0.00      0.00
05:32:55         0.80    225.60      0.20      0.20      1.60      0.00      0.00      0.00      0.00      0.00
05:33:00         2.40    228.80      0.60      0.60      2.00      0.00      0.00      0.00      0.00      0.00
05:33:05         4.00    128.80      1.40      1.00      1.40      0.00      0.00      0.00      0.00      0.00
05:33:10         1.60    158.40      0.40      0.40      1.00      0.00      0.00      0.00      0.00      0.00
05:33:15         2.40      0.00      0.60      0.60      0.60      0.00      0.00      0.00      0.00      0.00
05:33:20         4.00      0.00      1.00      1.00      1.00      0.00      0.00      0.00      0.00      0.00
05:33:25         3.20      0.00      0.80      0.80      0.80      0.00      0.00      0.00      0.00      0.00
05:33:30    279812.00 266551.20  76660.60  69961.80  69875.60 175049.00  62562.20 139232.80      0.00      0.00
05:33:35         5.60   7075.20     13.80      1.20     42.00      0.00      0.00      0.00      0.00      0.00
05:33:40         2.40      0.00      0.60      0.60      0.60      0.00      0.00      0.00      0.00      0.00
05:33:45         2.40      0.00      0.60      0.60      0.60      0.00      0.00      0.00      0.00      0.00
05:33:50         4.00      0.00      1.00      1.00      1.00      0.00      0.00      0.00      0.00      0.00
05:33:55         3.20      0.00      0.80      0.80      0.80      0.00      0.00      0.00      0.00      0.00
05:34:00         0.80      0.00      0.20      0.20      0.20      0.00      0.00      0.00      0.00      0.00
05:34:05     97721.60  96193.60  29801.40  24435.80  24257.80  40811.80   3571.80  48393.60      0.00      0.00
05:34:10         3.20      0.00     14.00      1.40      1.00      0.00      0.00      0.00      0.00      0.00
05:34:15         2.40      0.00      0.60      0.60      0.60      0.00      0.00      0.00      0.00      0.00
05:34:20         3.20      0.00      0.80      0.80      0.80      0.00      0.00      0.00      0.00      0.00
05:34:25         3.20      0.00      0.80      0.80      0.80      0.00      0.00      0.00      0.00      0.00
05:34:30         2.40      0.00      0.60      0.60      0.60      0.00      0.00      0.00      0.00      0.00
05:34:35         2.40      0.00      0.60      0.60      0.60      0.00      0.00      0.00      0.00      0.00
05:34:40         4.00      0.00      1.00      1.00      1.00      0.00      0.00      0.00      0.00      0.00
05:34:45         2.40      0.00      0.60      0.60      0.60      0.00      0.00      0.00      0.00      0.00
05:34:50         2.40      0.00      0.60      0.60      0.60      0.00      0.00      0.00      0.00      0.00
05:34:55         3.20      0.00      0.80      0.80      0.80      0.00      0.00      0.00      0.00      0.00
05:35:00         4.00      0.00      1.00      1.00      1.00      0.00      0.00      0.00      0.00      0.00
05:35:05         2.40      0.00      0.60      0.60      0.60      0.00      0.00      0.00      0.00      0.00
05:35:10         3.20      0.00      0.80      0.80      0.80      0.00      0.00      0.00      0.00      0.00
05:35:15    109080.80 114501.60  29023.40  27276.00  26901.20  74949.20  30417.00  53709.60      0.00      0.00
05:35:20     13204.80  17605.60   3426.00   3301.20   4402.40   6409.80   1517.00   8835.20      0.00      0.00
05:35:25         2.40      0.00      0.60      0.60      0.60      0.00      0.00      0.00      0.00      0.00
05:35:30         2.40      0.00      0.60      0.60      0.60      0.00      0.00      0.00      0.00      0.00
05:35:35         2.40      0.00      0.60      0.60      0.60      0.00      0.00      0.00      0.00      0.00
05:35:40         4.00      0.00      1.00      1.00      1.00      0.00      0.00      0.00      0.00      0.00
05:35:45         2.40      0.00      0.60      0.60      0.60      0.00      0.00      0.00      0.00      0.00
05:35:50         3.20      0.00      0.80      0.80      0.80      0.00      0.00      0.00      0.00      0.00
05:35:55         2.40      0.80      0.60      0.60      0.60      0.00      0.00      0.00      0.00      0.00
05:36:00         3.20      0.00      0.80      0.80      0.80      0.00      0.00      0.00      0.00      0.00
05:36:05         3.20      0.00      0.80      0.80      0.80      0.00      0.00      0.00      0.00      0.00
05:36:10         3.20      0.00      0.80      0.80      0.80      0.00      0.00      0.00      0.00      0.00
05:36:15         3.20      0.00      0.80      0.80      0.80      0.00      0.00      0.00      0.00      0.00
05:36:20         1.60      0.00      0.40      0.40      0.40      0.00      0.00      0.00      0.00      0.00
05:36:25         4.00      0.00      1.00      1.00      1.00      0.00      0.00      0.00      0.00      0.00
05:36:30         2.40   6879.20      0.60      0.60     23.40      0.00      0.00      0.00      0.00      0.00
05:36:35         3.20      0.00      0.80      0.80      0.80      0.00      0.00      0.00      0.00      0.00
05:36:40         3.20      0.00      0.80      0.80      0.80      0.00      0.00      0.00      0.00      0.00
05:36:45         3.20      0.00      0.80      0.80      0.80      0.00      0.00      0.00      0.00      0.00
05:36:50         2.40      0.00      0.60      0.60      0.60      0.00      0.00      0.00      0.00      0.00
05:36:55         2.40      0.00      0.60      0.60      0.60      0.00      0.00      0.00      0.00      0.00
05:37:00         3.20      0.00      0.80      0.80      0.80      0.00      0.00      0.00      0.00      0.00
05:37:05         2.40      0.00      0.60      0.60      0.60      0.00      0.00      0.00      0.00      0.00
05:37:10         3.20      0.00      0.80      0.80      0.80      0.00      0.00      0.00      0.00      0.00
05:37:15         3.20      0.00      0.80      0.80      0.80      0.00      0.00      0.00      0.00      0.00
05:37:20         2.40      0.00      0.60      0.60      0.60      0.00      0.00      0.00      0.00      0.00
05:37:25         4.00      0.00      1.00      1.00      1.00      0.00      0.00      0.00      0.00      0.00
05:37:30         2.40      0.00      0.60      0.60      0.60      0.00      0.00      0.00      0.00      0.00
05:37:35         3.20   7524.00      0.80      0.80     59.00      0.00      0.00      0.00      0.00      0.00
05:37:40         2.40      0.00      0.60      0.60      0.60      0.00      0.00      0.00      0.00      0.00
05:37:45         0.80   7128.00      0.20      0.20     54.20      0.00      0.00      0.00      0.00      0.00
05:37:50         3.20   7529.60      0.80      0.80     59.20      0.00      0.00      0.00      0.00      0.00
05:37:55         3.20   7441.60      0.80      0.80     58.40      0.00      0.00      0.00      0.00      0.00
05:38:00         1.60      0.00      0.40      0.40      0.40      0.00      0.00      0.00      0.00      0.00
05:38:05         0.80      0.00      0.20      0.20      0.20      0.00      0.00      0.00      0.00      0.00
05:38:10         1.60      0.00      0.40      0.40      0.40      0.00      0.00      0.00      0.00      0.00
05:38:15         1.60      0.00      0.40      0.40      0.40      0.00      0.00      0.00      0.00      0.00
05:38:20         4.00   5054.40      1.00      1.00     38.00      0.00      0.00      0.00      0.00      0.00
05:38:25         3.20    724.80      0.80      0.80      6.00      0.00      0.00      0.00      0.00      0.00
05:38:30         1.60     57.60      0.40      0.40      0.80      0.00      0.00      0.00      0.00      0.00
05:38:35         3.20    755.20      0.80      0.80      6.20      0.00      0.00      0.00      0.00      0.00
05:38:40         2.40      0.00      0.60      0.60      0.60      0.00      0.00      0.00      0.00      0.00
05:38:45         4.00      0.00      1.00      1.00      1.00      0.00      0.00      0.00      0.00      0.00
05:38:50         2.40    284.80      0.60      0.60      2.20      0.00      0.00      0.00      0.00      0.00
05:38:55         3.20   1681.60      0.80      0.80     13.00      0.00      0.00      0.00      0.00      0.00
05:39:00         3.20    134.40      1.20      0.80      1.80      0.00      0.00      0.00      0.00      0.00
05:39:05         3.19    371.26      0.80      0.80      3.19      0.00      0.00      0.00      0.00      0.00

Average:      6099.92   6960.83   2887.87   1525.16   1564.63   3146.49   1130.59   3108.93      0.00      0.00
