Linux 7.2.0-rc5-virtme (virtme-ng) 	08/01/26 	_x86_64_	(12 CPU)

04:39:10     %smem-10  %smem-60 %smem-300     %smem  %fmem-10  %fmem-60 %fmem-300     %fmem
04:39:15         0.00      0.00      0.00      0.00      0.00      0.00      0.00      0.00
04:39:20         0.00      0.00      0.00      0.00      0.00      0.00      0.00      0.00
04:39:25         0.00      0.00      0.00      0.00      0.00      0.00      0.00      0.00
04:39:30         0.00      0.00      0.00      0.00      0.00      0.00      0.00      0.00
04:39:35         0.00      0.00      0.00      0.00      0.00      0.00      0.00      0.00
04:39:40         0.00      0.00      0.00      0.00      0.00      0.00      0.00      0.00
04:39:45         0.00      0.00      0.00      0.00      0.00      0.00      0.00      0.00
04:39:50         0.00      0.00      0.00      0.00      0.00      0.00      0.00      0.00
04:39:55         0.00      0.00      0.00      0.00      0.00      0.00      0.00      0.00
04:40:00         0.00      0.00      0.00      0.00      0.00      0.00      0.00      0.00
04:40:05         0.00      0.00      0.00      0.00      0.00      0.00      0.00      0.00
04:40:10         0.00      0.00      0.00      0.00      0.00      0.00      0.00      0.00
04:40:15         0.00      0.00      0.00      0.00      0.00      0.00      0.00      0.00
04:40:20         0.00      0.00      0.00      0.00      0.00      0.00      0.00      0.00
04:40:25         0.00      0.00      0.00      0.00      0.00      0.00      0.00      0.00
04:40:30         0.00      0.00      0.00      0.00      0.00      0.00      0.00      0.00
04:40:35         0.00      0.00      0.00      0.00      0.00      0.00      0.00      0.00
04:40:40         0.00      0.00      0.00      0.00      0.00      0.00      0.00      0.00
04:40:45         0.00      0.00      0.00      0.00      0.00      0.00      0.00      0.00
04:40:50         0.00      0.00      0.00      0.00      0.00      0.00      0.00      0.00
04:40:55         0.00      0.00      0.00      0.00      0.00      0.00      0.00      0.00
04:41:00         0.00      0.00      0.00      0.00      0.00      0.00      0.00      0.00
04:41:05         6.67      1.42      0.30     18.66      6.67      1.42      0.30     18.64
04:41:10         4.47      1.33      0.30      0.01      4.47      1.33      0.30      0.00
04:41:15         2.45      1.20      0.29      0.00      2.45      1.20      0.29      0.00
04:41:20         1.64      1.12      0.28      0.00      1.64      1.12      0.28      0.00
04:41:25         0.90      1.01      0.28      0.00      0.90      1.01      0.28      0.00
04:41:30         0.60      0.95      0.27      0.00      0.60      0.95      0.27      0.00
04:41:35         0.33      0.86      0.27      0.00      0.33      0.86      0.27      0.00
04:41:40         0.22      0.80      0.26      0.00      0.22      0.80      0.26      0.00
04:41:45         0.12      0.72      0.26      0.00      0.12      0.72      0.26      0.00
04:41:50         0.08      0.68      0.25      0.00      0.08      0.68      0.25      0.00
04:41:55         0.04      0.61      0.25      0.00      0.04      0.61      0.25      0.00
04:42:00         0.02      0.57      0.24      0.00      0.02      0.57      0.24      0.00
04:42:05         0.01      0.52      0.24      0.00      0.01      0.52      0.24      0.00
04:42:10         0.00      0.48      0.23      0.00      0.00      0.48      0.23      0.00
04:42:15         0.00      0.43      0.23      0.00      0.00      0.43      0.23      0.00
04:42:20         0.00      0.41      0.22      0.00      0.00      0.41      0.22      0.00
04:42:25         0.00      0.37      0.22      0.00      0.00      0.37      0.22      0.00
04:42:30         0.00      0.34      0.21      0.00      0.00      0.34      0.21      0.00
04:42:35         0.00      0.31      0.21      0.00      0.00      0.31      0.21      0.00
04:42:40         0.00      0.29      0.21      0.00      0.00      0.29      0.21      0.00
04:42:45         0.00      0.26      0.20      0.00      0.00      0.26      0.20      0.00
04:42:50         0.00      0.24      0.20      0.00      0.00      0.24      0.20      0.00
04:42:55         0.00      0.22      0.19      0.00      0.00      0.22      0.19      0.00
04:43:00         0.00      0.20      0.19      0.00      0.00      0.20      0.19      0.00
04:43:05         0.00      0.18      0.19      0.00      0.00      0.18      0.19      0.00
04:43:10         0.00      0.17      0.18      0.00      0.00      0.17      0.18      0.00
04:43:15         0.00      0.15      0.18      0.00      0.00      0.15      0.18      0.00
04:43:20         0.00      0.14      0.18      0.00      0.00      0.14      0.18      0.00
04:43:25         0.00      0.13      0.17      0.00      0.00      0.13      0.17      0.00
04:43:30         0.00      0.12      0.17      0.00      0.00      0.12      0.17      0.00
04:43:35         0.00      0.11      0.16      0.00      0.00      0.11      0.16      0.00
04:43:40         0.00      0.10      0.16      0.00      0.00      0.10      0.16      0.00
04:43:45         0.00      0.09      0.16      0.00      0.00      0.09      0.16      0.00
04:43:50         0.00      0.08      0.15      0.00      0.00      0.08      0.15      0.00
04:43:55         0.00      0.07      0.15      0.00      0.00      0.07      0.15      0.00
04:44:00         0.00      0.07      0.15      0.00      0.00      0.07      0.15      0.00
04:44:05         0.00      0.06      0.14      0.00      0.00      0.06      0.14      0.00
04:44:10         0.00      0.05      0.14      0.00      0.00      0.05      0.14      0.00
04:44:15         0.00      0.05      0.14      0.00      0.00      0.05      0.14      0.00
04:44:20         0.00      0.04      0.13      0.00      0.00      0.04      0.13      0.00
04:44:25         0.00      0.04      0.13      0.00      0.00      0.04      0.13      0.00
04:44:30         0.00      0.04      0.13      0.00      0.00      0.04      0.13      0.00
04:44:35         0.00      0.03      0.13      0.00      0.00      0.03      0.13      0.00
04:44:40         0.00      0.03      0.12      0.00      0.00      0.03      0.12      0.00
04:44:45         0.00      0.02      0.12      0.00      0.00      0.02      0.12      0.00
04:44:50         0.00      0.02      0.12      0.00      0.00      0.02      0.12      0.00
04:44:55         0.00      0.02      0.12      0.00      0.00      0.02      0.12      0.00
04:45:00         0.00      0.02      0.11      0.00      0.00      0.02      0.11      0.00
04:45:05         0.00      0.01      0.11      0.00      0.00      0.01      0.11      0.00
04:45:10         0.00      0.01      0.11      0.00      0.00      0.01      0.11      0.00
04:45:15         1.92      0.42      0.20      5.65      1.92      0.42      0.20      5.65
04:45:20         1.29      0.39      0.19      0.00      1.29      0.39      0.19      0.00
04:45:25         0.70      0.36      0.19      0.00      0.70      0.36      0.19      0.00
04:45:30         0.47      0.33      0.18      0.00      0.47      0.33      0.18      0.00
04:45:35         0.25      0.30      0.18      0.00      0.25      0.30      0.18      0.00
04:45:40         0.17      0.28      0.18      0.00      0.17      0.28      0.18      0.00
04:45:45         0.09      0.25      0.17      0.00      0.09      0.25      0.17      0.00
04:45:50         2.96      0.76      0.28     19.21      2.96      0.76      0.28     19.21
04:45:55        16.14      4.05      1.01     30.81     16.14      4.05      1.01     30.81
04:46:00        10.82      3.78      0.99      0.00     10.82      3.78      0.99      0.00
04:46:05         5.94      3.42      0.97      0.00      5.94      3.42      0.97      0.00
04:46:10         3.98      3.20      0.96      0.00      3.98      3.20      0.96      0.00
04:46:15         2.18      2.90      0.94      0.00      2.18      2.90      0.94      0.00
04:46:20         1.46      2.71      0.92      0.00      1.46      2.71      0.92      0.00
04:46:25         0.80      2.45      0.90      0.00      0.80      2.45      0.90      0.00
04:46:30         0.53      2.29      0.89      0.00      0.53      2.29      0.89      0.00
04:46:35         0.29      2.07      0.87      0.00      0.29      2.07      0.87      0.00
04:46:40         0.19      1.94      0.86      0.00      0.19      1.94      0.86      0.00
04:46:45         0.10      1.75      0.84      0.00      0.10      1.75      0.84      0.00
04:46:50         0.07      1.64      0.83      0.00      0.07      1.64      0.83      0.00
04:46:55         0.03      1.48      0.81      0.00      0.03      1.48      0.81      0.00
04:47:00         0.02      1.39      0.80      0.00      0.02      1.39      0.80      0.00
04:47:05         4.93      2.35      1.02     14.43      4.93      2.35      1.02     14.43
04:47:10         3.31      2.20      1.01      0.00      3.31      2.20      1.01      0.00
04:47:15         1.81      1.99      0.98      0.00      1.81      1.99      0.98      0.00
04:47:20         1.21      1.86      0.97      0.00      1.21      1.86      0.97      0.00
04:47:25         0.66      1.68      0.95      0.00      0.66      1.68      0.95      0.00
04:47:30         0.44      1.57      0.94      0.00      0.44      1.57      0.94      0.00
04:47:35         0.24      1.42      0.92      0.00      0.24      1.42      0.92      0.00
04:47:40         0.16      1.33      0.90      0.00      0.16      1.33      0.90      0.00
04:47:45         0.08      1.20      0.88      0.00      0.08      1.20      0.88      0.00
04:47:50         0.05      1.13      0.87      0.00      0.05      1.13      0.87      0.00
04:47:55         0.03      1.02      0.85      0.00      0.03      1.02      0.85      0.00
04:48:00         0.02      0.95      0.84      0.00      0.02      0.95      0.84      0.00
04:48:05         0.01      0.86      0.82      0.00      0.01      0.86      0.82      0.00
04:48:10         0.00      0.80      0.81      0.00      0.00      0.80      0.81      0.00
04:48:15         0.00      0.73      0.79      0.00      0.00      0.73      0.79      0.00
04:48:20         0.00      0.68      0.78      0.00      0.00      0.68      0.78      0.00
04:48:25         0.00      0.61      0.77      0.00      0.00      0.61      0.77      0.00
04:48:30         0.00      0.57      0.75      0.00      0.00      0.57      0.75      0.00
04:48:35         0.00      0.52      0.74      0.00      0.00      0.52      0.74      0.00
04:48:40         0.00      0.48      0.73      0.00      0.00      0.48      0.73      0.00
04:48:45         0.00      0.44      0.71      0.00      0.00      0.44      0.71      0.00
04:48:50         0.00      0.41      0.70      0.00      0.00      0.41      0.70      0.00
04:48:55         0.00      0.37      0.69      0.00      0.00      0.37      0.69      0.00
04:49:00         0.00      0.34      0.68      0.00      0.00      0.34      0.68      0.00
04:49:05         0.00      0.31      0.66      0.00      0.00      0.31      0.66      0.00
04:49:10         0.00      0.29      0.65      0.00      0.00      0.29      0.65      0.00
04:49:15         0.00      0.26      0.64      0.00      0.00      0.26      0.64      0.00
04:49:20         0.00      0.24      0.63      0.00      0.00      0.24      0.63      0.00
04:49:25         0.00      0.22      0.62      0.00      0.00      0.22      0.62      0.00
04:49:30         0.00      0.20      0.61      0.00      0.00      0.20      0.61      0.00
04:49:35         0.00      0.18      0.59      0.00      0.00      0.18      0.59      0.00
04:49:40         0.00      0.17      0.58      0.00      0.00      0.17      0.58      0.00
04:49:45         0.00      0.15      0.57      0.00      0.00      0.15      0.57      0.00
04:49:50         0.00      0.14      0.56      0.00      0.00      0.14      0.56      0.00
04:49:55         0.00      0.13      0.55      0.00      0.00      0.13      0.55      0.00
04:50:00         0.00      0.12      0.54      0.00      0.00      0.12      0.54      0.00
04:50:05         0.00      0.11      0.53      0.00      0.00      0.11      0.53      0.00
04:50:10         0.00      0.10      0.52      0.00      0.00      0.10      0.52      0.00
04:50:15         0.00      0.09      0.51      0.00      0.00      0.09      0.51      0.00
04:50:20         0.00      0.08      0.50      0.00      0.00      0.08      0.50      0.00
04:50:25         0.00      0.07      0.49      0.00      0.00      0.07      0.49      0.00
04:50:30         0.00      0.07      0.49      0.00      0.00      0.07      0.49      0.00
04:50:35         0.00      0.06      0.48      0.00      0.00      0.06      0.48      0.00
04:50:40         0.00      0.05      0.47      0.00      0.00      0.05      0.47      0.00
04:50:45         0.00      0.05      0.46      0.00      0.00      0.05      0.46      0.00
04:50:50         0.00      0.04      0.45      0.00      0.00      0.04      0.45      0.00
04:50:55         0.00      0.04      0.44      0.00      0.00      0.04      0.44      0.00
04:51:00         0.00      0.04      0.43      0.00      0.00      0.04      0.43      0.00
04:51:05         0.00      0.03      0.42      0.00      0.00      0.03      0.42      0.00
04:51:10         0.00      0.03      0.42      0.00      0.00      0.03      0.42      0.00
04:51:15         1.81      0.35      0.48      4.27      1.81      0.35      0.48      4.27
04:51:20         1.21      0.33      0.47      0.00      1.21      0.33      0.47      0.00
04:51:25         0.66      0.30      0.46      0.00      0.66      0.30      0.46      0.00
04:51:30         0.44      0.28      0.45      0.00      0.44      0.28      0.45      0.00
04:51:35         0.24      0.25      0.44      0.00      0.24      0.25      0.44      0.00
04:51:40         0.16      0.23      0.44      0.00      0.16      0.23      0.44      0.00
04:51:45         0.08      0.21      0.43      0.00      0.08      0.21      0.43      0.00
04:51:50         0.05      0.19      0.42      5.63      0.05      0.19      0.42      5.62
04:51:55        12.75      3.13      1.06     33.10     12.75      3.13      1.06     33.10
04:52:00         8.55      2.93      1.04      0.00      8.55      2.93      1.04      0.00
04:52:05         4.69      2.65      1.02      0.00      4.69      2.65      1.02      0.00
04:52:10         3.14      2.48      1.00      0.00      3.14      2.48      1.00      0.00
04:52:15         1.72      2.24      0.98      0.00      1.72      2.24      0.98      0.00
04:52:20         1.15      2.10      0.97      0.00      1.15      2.10      0.97      0.00
04:52:25         0.63      1.90      0.95      0.00      0.63      1.90      0.95      0.00
04:52:30         0.42      1.77      0.93      0.00      0.42      1.77      0.93      0.00
04:52:35         0.23      1.60      0.91      0.00      0.23      1.60      0.91      0.00
04:52:40         0.15      1.50      0.90      0.00      0.15      1.50      0.90      0.00
04:52:45         0.08      1.35      0.88      0.00      0.08      1.35      0.88      0.00
04:52:50         0.05      1.27      0.87      0.00      0.05      1.27      0.87      0.00
04:52:55         0.03      1.14      0.85      0.00      0.03      1.14      0.85      0.00
04:53:00         0.02      1.07      0.84      0.00      0.02      1.07      0.84      0.00
04:53:05         5.05      2.04      1.05     13.77      5.05      2.04      1.05     13.77
04:53:10         3.38      1.91      1.04      0.00      3.38      1.91      1.04      0.00
04:53:15         1.85      1.73      1.02      0.00      1.85      1.73      1.02      0.00
04:53:20         1.24      1.62      1.00      0.00      1.24      1.62      1.00      0.00
04:53:25         0.68      1.46      0.98      0.00      0.68      1.46      0.98      0.00
04:53:30         0.45      1.37      0.97      0.00      0.45      1.37      0.97      0.00
04:53:35         0.25      1.24      0.95      0.00      0.25      1.24      0.95      0.00
04:53:40         0.16      1.16      0.93      0.00      0.16      1.16      0.93      0.00
04:53:45         0.09      1.04      0.91      0.00      0.09      1.04      0.91      0.00
04:53:50         0.06      0.98      0.90      0.00      0.06      0.98      0.90      0.00
04:53:55         0.03      0.88      0.88      0.00      0.03      0.88      0.88      0.00
04:54:00         0.02      0.83      0.87      0.00      0.02      0.83      0.87      0.00
04:54:05         0.01      0.75      0.85      0.00      0.01      0.75      0.85      0.00
04:54:10         0.00      0.70      0.84      0.00      0.00      0.70      0.84      0.00
04:54:15         0.00      0.63      0.82      0.00      0.00      0.63      0.82      0.00
04:54:20         0.00      0.59      0.81      0.00      0.00      0.59      0.81      0.00
04:54:25         0.00      0.53      0.79      0.00      0.00      0.53      0.79      0.00
04:54:30         0.00      0.50      0.78      0.00      0.00      0.50      0.78      0.00
04:54:35         0.00      0.45      0.76      0.00      0.00      0.45      0.76      0.00
04:54:40         0.00      0.42      0.75      0.00      0.00      0.42      0.75      0.00
04:54:45         0.00      0.38      0.74      0.00      0.00      0.38      0.74      0.00
04:54:50         0.00      0.35      0.73      0.00      0.00      0.35      0.73      0.00
04:54:55         0.00      0.32      0.71      0.00      0.00      0.32      0.71      0.00
04:55:00         0.00      0.30      0.70      0.00      0.00      0.30      0.70      0.00
04:55:05         0.00      0.27      0.68      0.00      0.00      0.27      0.68      0.00
04:55:10         0.00      0.25      0.67      0.00      0.00      0.25      0.67      0.00
04:55:15         0.00      0.22      0.66      0.00      0.00      0.22      0.66      0.00
04:55:20         0.00      0.21      0.65      0.00      0.00      0.21      0.65      0.00
04:55:25         0.00      0.19      0.64      0.00      0.00      0.19      0.64      0.00
04:55:30         0.00      0.18      0.63      0.00      0.00      0.18      0.63      0.00
04:55:35         0.00      0.16      0.62      0.00      0.00      0.16      0.62      0.00
04:55:40         0.00      0.15      0.60      0.00      0.00      0.15      0.60      0.00
04:55:45         0.00      0.14      0.60      0.00      0.00      0.14      0.60      0.00
04:55:50         0.00      0.12      0.58      0.00      0.00      0.12      0.58      0.00
04:55:55         0.00      0.11      0.57      0.00      0.00      0.11      0.57      0.00
04:56:00         0.00      0.10      0.56      0.01      0.00      0.10      0.56      0.01
04:56:05         0.00      0.09      0.55      0.00      0.00      0.09      0.55      0.00
04:56:10         0.00      0.08      0.54      0.00      0.00      0.08      0.54      0.00
04:56:15         0.00      0.08      0.53      0.00      0.00      0.08      0.53      0.00
04:56:20         0.00      0.07      0.52      0.00      0.00      0.07      0.52      0.00
04:56:25         0.00      0.06      0.51      0.00      0.00      0.06      0.51      0.00
04:56:30         0.00      0.06      0.50      0.00      0.00      0.06      0.50      0.00
04:56:35         0.00      0.05      0.50      0.00      0.00      0.05      0.50      0.00
04:56:40         0.00      0.05      0.48      0.00      0.00      0.05      0.48      0.00
04:56:45         0.00      0.04      0.48      0.00      0.00      0.04      0.48      0.00
04:56:50         0.00      0.04      0.47      0.00      0.00      0.04      0.47      0.00
04:56:55         0.00      0.03      0.46      0.00      0.00      0.03      0.46      0.00
04:57:00         0.00      0.03      0.45      0.00      0.00      0.03      0.45      0.00
04:57:05         0.00      0.03      0.44      0.00      0.00      0.03      0.44      0.00
04:57:10         0.00      0.02      0.43      0.00      0.00      0.02      0.43      0.00
04:57:15         0.00      0.02      0.43      0.00      0.00      0.02      0.43      0.00
04:57:20        17.01      3.34      1.12     51.34     17.01      3.34      1.12     51.34
04:57:25        21.01      5.12      1.53     15.29     21.01      5.12      1.53     15.29
04:57:30        11.53      4.64      1.50      0.00     11.53      4.64      1.50      0.00
04:57:35         7.73      4.34      1.48      0.00      7.73      4.34      1.48      0.00
04:57:40         4.24      3.92      1.45      0.00      4.24      3.92      1.45      0.00
04:57:45         2.84      3.67      1.43      0.00      2.84      3.67      1.43      0.00
04:57:50         1.56      3.32      1.40      0.00      1.56      3.32      1.40      0.00
04:57:55         9.92      4.71      1.72     26.45      9.92      4.71      1.72     26.44
04:58:00         7.27      4.72      1.78      0.01      7.27      4.72      1.78      0.01
04:58:05         4.87      4.42      1.76      0.00      4.87      4.42      1.76      0.00
04:58:10         2.67      3.99      1.72      0.00      2.67      3.99      1.72      0.00
04:58:15         1.79      3.74      1.70      0.00      1.79      3.74      1.70      0.00
04:58:20         0.98      3.38      1.66      0.00      0.98      3.38      1.66      0.00
04:58:25         0.65      3.16      1.64      0.00      0.65      3.16      1.64      0.00
04:58:30         0.36      2.86      1.60      0.00      0.36      2.86      1.60      0.00
04:58:35         0.24      2.68      1.58      0.00      0.24      2.68      1.58      0.00
04:58:40         0.13      2.42      1.55      0.00      0.13      2.42      1.55      0.00
04:58:45         0.08      2.26      1.53      0.00      0.08      2.26      1.53      0.00
04:58:50         0.04      2.05      1.49      0.00      0.04      2.05      1.49      0.00
04:58:55         0.03      1.91      1.47      0.00      0.03      1.91      1.47      0.00
04:59:00         0.01      1.73      1.44      0.00      0.01      1.73      1.44      0.00
04:59:05         0.01      1.62      1.42     17.45      0.01      1.62      1.42     17.45
04:59:10        24.19      6.62      2.50     48.68     24.19      6.62      2.50     48.67
04:59:15        16.22      6.19      2.47      0.00     16.22      6.19      2.47      0.00
04:59:20         8.90      5.60      2.41      0.00      8.90      5.60      2.41      0.00
04:59:25         5.97      5.24      2.38      0.00      5.97      5.24      2.38      0.00
04:59:30         3.27      4.74      2.33      0.00      3.27      4.74      2.33      0.00
04:59:35         2.19      4.44      2.30      0.00      2.19      4.44      2.30      0.00
04:59:40         1.20      4.01      2.25      0.00      1.20      4.01      2.25      0.00
04:59:45         0.80      3.75      2.22      0.00      0.80      3.75      2.22      0.00
04:59:50         0.44      3.40      2.17      0.00      0.44      3.40      2.17      0.00
04:59:55         0.29      3.18      2.14      0.00      0.29      3.18      2.14      0.00
05:00:00         0.16      2.87      2.10      0.00      0.16      2.87      2.10      0.00
05:00:05         0.10      2.69      2.07      0.00      0.10      2.69      2.07      0.00
05:00:10         0.05      2.43      2.03      0.00      0.05      2.43      2.03      0.00
05:00:15         0.03      2.27      2.00      0.00      0.03      2.27      2.00      0.00
05:00:20         0.02      2.06      1.96      0.00      0.02      2.06      1.96      0.00
05:00:25         0.01      1.92      1.93      0.00      0.01      1.92      1.93      0.00
05:00:30         0.00      1.74      1.89      0.00      0.00      1.74      1.89      0.00
05:00:35         0.00      1.63      1.86      0.00      0.00      1.63      1.86      0.00
05:00:40         0.00      1.47      1.83      0.00      0.00      1.47      1.83      0.00
05:00:45         0.00      1.38      1.80      0.00      0.00      1.38      1.80      0.00
05:00:50         0.00      1.25      1.76      0.00      0.00      1.25      1.76      0.00
05:00:55         0.00      1.16      1.74      0.00      0.00      1.16      1.74      0.00
05:01:00         0.00      1.05      1.70      0.00      0.00      1.05      1.70      0.00
05:01:05         0.00      0.98      1.68      0.00      0.00      0.98      1.68      0.00
05:01:10         0.00      0.89      1.64      0.00      0.00      0.89      1.64      0.00
05:01:15         0.00      0.83      1.62      0.00      0.00      0.83      1.62      0.00
05:01:20         0.00      0.75      1.59      0.00      0.00      0.75      1.59      0.00
05:01:25         0.00      0.70      1.56      0.00      0.00      0.70      1.56      0.00
05:01:30         0.00      0.63      1.53      0.00      0.00      0.63      1.53      0.00
05:01:35         0.00      0.59      1.51      0.00      0.00      0.59      1.51      0.00
05:01:40         0.00      0.54      1.48      0.00      0.00      0.54      1.48      0.00
05:01:45         0.00      0.50      1.46      0.00      0.00      0.50      1.46      0.00
05:01:50         0.00      0.45      1.43      0.00      0.00      0.45      1.43      0.00
05:01:55         0.00      0.42      1.41      0.00      0.00      0.42      1.41      0.00
05:02:00         0.00      0.38      1.38      0.00      0.00      0.38      1.38      0.00
05:02:05         0.00      0.36      1.36      0.00      0.00      0.36      1.36      0.00
05:02:10         0.00      0.32      1.33      0.00      0.00      0.32      1.33      0.00
05:02:15         0.00      0.30      1.31      0.00      0.00      0.30      1.31      0.00
05:02:20         0.00      0.27      1.28      0.00      0.00      0.27      1.28      0.00
05:02:25         0.00      0.25      1.27      0.00      0.00      0.25      1.27      0.00
05:02:30         0.00      0.23      1.24      0.00      0.00      0.23      1.24      0.00
05:02:35         0.00      0.21      1.22      0.00      0.00      0.21      1.22      0.00
05:02:40         0.00      0.19      1.20      0.00      0.00      0.19      1.20      0.00
05:02:45         0.00      0.18      1.18      0.00      0.00      0.18      1.18      0.00
05:02:50         0.00      0.16      1.15      0.00      0.00      0.16      1.15      0.00
05:02:55         0.00      0.15      1.14      0.00      0.00      0.15      1.14      0.00
05:03:00         0.00      0.13      1.11      0.00      0.00      0.13      1.11      0.00
05:03:05         0.00      0.12      1.10      0.00      0.00      0.12      1.10      0.00
05:03:10         0.00      0.11      1.08      0.00      0.00      0.11      1.08      0.00
05:03:15         0.00      0.10      1.06      0.00      0.00      0.10      1.06      0.00
05:03:20         0.14      0.12      1.04      0.56      0.14      0.12      1.04      0.56
05:03:25         0.09      0.12      1.03      0.00      0.09      0.12      1.03      0.00
05:03:30         0.05      0.10      1.01      0.00      0.05      0.10      1.01      0.00
05:03:35         0.03      0.10      0.99      0.00      0.03      0.10      0.99      0.00
05:03:40         0.01      0.09      0.97      0.00      0.01      0.09      0.97      0.00
05:03:45         0.01      0.08      0.96      0.00      0.01      0.08      0.96      0.00
05:03:50         0.00      0.07      0.94      0.00      0.00      0.07      0.94      0.00
05:03:55         0.36      0.13      0.94     25.31      0.36      0.13      0.94     25.31
05:04:00         8.33      2.17      1.37      2.49      8.33      2.17      1.37      2.49
05:04:05         5.59      2.03      1.35      0.00      5.59      2.03      1.35      0.00
05:04:10         3.06      1.83      1.32      0.00      3.06      1.83      1.32      0.00
05:04:15         2.05      1.72      1.31      0.00      2.05      1.72      1.31      0.00
05:04:20         1.12      1.55      1.28      0.00      1.12      1.55      1.28      0.00
05:04:25         0.75      1.45      1.26      0.00      0.75      1.45      1.26      0.00
05:04:30         0.41      1.31      1.23      0.00      0.41      1.31      1.23      0.00
05:04:35         0.27      1.23      1.22      0.00      0.27      1.23      1.22      0.00
05:04:40         0.15      1.11      1.19      0.00      0.15      1.11      1.19      0.00
05:04:45         0.10      1.04      1.17      0.00      0.10      1.04      1.17      0.00
05:04:50         0.05      0.94      1.15      0.00      0.05      0.94      1.15      0.00
05:04:55         0.03      0.88      1.13      0.00      0.03      0.88      1.13      0.00
05:05:00         0.01      0.79      1.11      0.00      0.01      0.79      1.11      0.00
05:05:05         0.01      0.74      1.09      0.00      0.01      0.74      1.09      0.00
05:05:10         0.00      0.67      1.07      0.29      0.00      0.67      1.07      0.29
05:05:15         0.00      0.62      1.05      0.00      0.00      0.62      1.05      0.00
05:05:20         0.00      0.56      1.03      0.00      0.00      0.56      1.03      0.00
05:05:25         0.00      0.53      1.02      0.00      0.00      0.53      1.02      0.00
05:05:30         0.00      0.47      1.00      0.00      0.00      0.47      1.00      0.00
05:05:35         0.00      0.44      0.98      0.00      0.00      0.44      0.98      0.00
05:05:40         0.00      0.40      0.96      0.00      0.00      0.40      0.96      0.00
05:05:45         0.00      0.37      0.95      0.00      0.00      0.37      0.95      0.00
05:05:50         0.00      0.34      0.93      0.00      0.00      0.34      0.93      0.00
05:05:55         0.00      0.31      0.91      0.00      0.00      0.31      0.91      0.00
05:06:00         0.00      0.28      0.89      0.00      0.00      0.28      0.89      0.00
05:06:05         0.00      0.26      0.88      0.00      0.00      0.26      0.88      0.00
05:06:10         0.00      0.24      0.86      0.00      0.00      0.24      0.86      0.00
05:06:15         0.00      0.22      0.85      0.00      0.00      0.22      0.85      0.00
05:06:20         0.00      0.20      0.83      0.00      0.00      0.20      0.83      0.00
05:06:25         0.00      0.19      0.82      0.00      0.00      0.19      0.82      0.00
05:06:30         0.00      0.17      0.80      0.00      0.00      0.17      0.80      0.00
05:06:35         0.00      0.16      0.79      0.00      0.00      0.16      0.79      0.00
05:06:40         0.00      0.14      0.77      0.00      0.00      0.14      0.77      0.00
05:06:45         0.00      0.13      0.76      0.00      0.00      0.13      0.76      0.00
05:06:50         0.00      0.12      0.75      0.00      0.00      0.12      0.75      0.00
05:06:55         0.00      0.11      0.74      0.00      0.00      0.11      0.74      0.00
05:07:00         0.00      0.10      0.72      0.00      0.00      0.10      0.72      0.00
05:07:05         0.00      0.09      0.71      0.00      0.00      0.09      0.71      0.00
05:07:10         0.00      0.08      0.70      0.00      0.00      0.08      0.70      0.00
05:07:15         0.00      0.07      0.69      0.00      0.00      0.07      0.69      0.00
05:07:20         0.00      0.07      0.67      0.00      0.00      0.07      0.67      0.00
05:07:25         0.00      0.06      0.66      0.00      0.00      0.06      0.66      0.00
05:07:30         0.00      0.05      0.65      0.00      0.00      0.05      0.65      0.00
05:07:35         0.00      0.05      0.64      0.00      0.00      0.05      0.64      0.00
05:07:40         0.00      0.04      0.62      0.00      0.00      0.04      0.62      0.00
05:07:45         0.00      0.04      0.61      0.00      0.00      0.04      0.61      0.00
05:07:50         0.00      0.04      0.60      0.00      0.00      0.04      0.60      0.00
05:07:55         0.00      0.03      0.59      0.00      0.00      0.03      0.59      0.00
05:08:00         0.00      0.03      0.58      0.00      0.00      0.03      0.58      0.00
05:08:05         0.00      0.02      0.57      0.00      0.00      0.02      0.57      0.00
05:08:10         0.00      0.02      0.56      0.00      0.00      0.02      0.56      0.00
05:08:15         0.00      0.02      0.55      0.00      0.00      0.02      0.55      0.00
05:08:20         0.00      0.02      0.54      0.00      0.00      0.02      0.54      0.00
05:08:25         0.00      0.02      0.53      0.00      0.00      0.02      0.53      0.00
05:08:30         0.00      0.01      0.52      0.00      0.00      0.01      0.52      0.00
05:08:35         0.00      0.01      0.51      0.00      0.00      0.01      0.51      0.00
05:08:40         0.00      0.01      0.50      0.00      0.00      0.01      0.50      0.00
05:08:45         0.00      0.01      0.49      0.00      0.00      0.01      0.49      0.00
05:08:50         0.00      0.01      0.48      0.00      0.00      0.01      0.48      0.00
05:08:55         0.00      0.00      0.47      0.00      0.00      0.00      0.47      0.00
05:09:00         0.00      0.00      0.46      0.00      0.00      0.00      0.46      0.00
05:09:05         0.00      0.00      0.46      0.00      0.00      0.00      0.46      0.00
05:09:10         0.00      0.00      0.45      0.00      0.00      0.00      0.45      0.00
05:09:15         0.00      0.00      0.44      0.00      0.00      0.00      0.44      0.00
05:09:20         3.98      0.72      0.58     16.75      3.98      0.72      0.58     16.75
05:09:25         6.52      1.50      0.75      2.59      6.52      1.50      0.75      2.59
05:09:30         3.58      1.35      0.73      0.00      3.58      1.35      0.73      0.00
05:09:35         2.40      1.26      0.72      0.00      2.40      1.26      0.72      0.00
05:09:40         1.31      1.14      0.71      0.00      1.31      1.14      0.71      0.00
05:09:45         0.88      1.07      0.70      0.00      0.88      1.07      0.70      0.00
05:09:50         0.48      0.97      0.68      0.00      0.48      0.97      0.68      0.00
05:09:55         0.32      0.90      0.67      2.85      0.32      0.90      0.67      2.85
05:10:00         3.22      1.56      0.82      7.28      3.22      1.56      0.82      7.28
05:10:05         2.16      1.46      0.81      0.00      2.16      1.46      0.81      0.00
05:10:10         1.18      1.32      0.79      0.00      1.18      1.32      0.79      0.00
05:10:15         0.79      1.23      0.78      0.00      0.79      1.23      0.78      0.00
05:10:20         0.43      1.11      0.76      0.00      0.43      1.11      0.76      0.00
05:10:25         0.29      1.04      0.75      0.00      0.29      1.04      0.75      0.00
05:10:30         0.16      0.94      0.74      0.00      0.16      0.94      0.74      0.00
05:10:35         0.10      0.88      0.73      0.00      0.10      0.88      0.73      0.00
05:10:40         0.05      0.79      0.71      0.00      0.05      0.79      0.71      0.00
05:10:45         0.03      0.74      0.70      0.00      0.03      0.74      0.70      0.00
05:10:50         0.02      0.67      0.69      0.00      0.02      0.67      0.69      0.00
05:10:55         0.01      0.63      0.68      0.00      0.01      0.63      0.68      0.00
05:11:00         0.00      0.57      0.66      0.00      0.00      0.57      0.66      0.00
05:11:05         0.00      0.53      0.65      0.00      0.00      0.53      0.65      0.00
05:11:10         1.13      0.70      0.69      2.90      1.13      0.70      0.69      2.90
05:11:15         0.76      0.66      0.68      0.00      0.76      0.66      0.68      0.00
05:11:20         0.41      0.59      0.66      0.00      0.41      0.59      0.66      0.00
05:11:25         0.28      0.55      0.65      0.00      0.28      0.55      0.65      0.00
05:11:30         0.15      0.50      0.64      0.00      0.15      0.50      0.64      0.00
05:11:35         0.10      0.47      0.63      0.00      0.10      0.47      0.63      0.00
05:11:40         0.05      0.42      0.61      0.00      0.05      0.42      0.61      0.00
05:11:45         0.03      0.39      0.61      0.00      0.03      0.39      0.61      0.00
05:11:50         0.01      0.36      0.59      0.00      0.01      0.36      0.59      0.00
05:11:55         0.01      0.33      0.58      0.00      0.01      0.33      0.58      0.00
05:12:00         0.00      0.30      0.57      0.00      0.00      0.30      0.57      0.00
05:12:05         0.00      0.28      0.56      0.00      0.00      0.28      0.56      0.00
05:12:10         0.00      0.25      0.55      0.00      0.00      0.25      0.55      0.00
05:12:15         0.00      0.23      0.54      0.00      0.00      0.23      0.54      0.00
05:12:20         0.00      0.21      0.53      0.00      0.00      0.21      0.53      0.00
05:12:25         0.00      0.20      0.52      0.00      0.00      0.20      0.52      0.00
05:12:30         0.00      0.18      0.51      0.00      0.00      0.18      0.51      0.00
05:12:35         0.00      0.16      0.50      0.00      0.00      0.16      0.50      0.00
05:12:40         0.00      0.15      0.49      0.00      0.00      0.15      0.49      0.00
05:12:45         0.00      0.14      0.49      0.00      0.00      0.14      0.49      0.00
05:12:50         0.00      0.12      0.47      0.00      0.00      0.12      0.47      0.00
05:12:55         0.00      0.11      0.47      0.00      0.00      0.11      0.47      0.00
05:13:00         0.00      0.10      0.46      0.00      0.00      0.10      0.46      0.00
05:13:05         0.00      0.10      0.45      0.00      0.00      0.10      0.45      0.00
05:13:10         0.00      0.08      0.44      0.00      0.00      0.08      0.44      0.00
05:13:15         0.00      0.08      0.43      0.00      0.00      0.08      0.43      0.00
05:13:20         0.00      0.07      0.42      0.00      0.00      0.07      0.42      0.00
05:13:25         0.00      0.06      0.42      0.00      0.00      0.06      0.42      0.00
05:13:30         0.00      0.06      0.41      0.00      0.00      0.06      0.41      0.00
05:13:35         0.00      0.05      0.40      0.00      0.00      0.05      0.40      0.00
05:13:40         0.00      0.05      0.39      0.00      0.00      0.05      0.39      0.00
05:13:45         0.00      0.04      0.39      0.00      0.00      0.04      0.39      0.00
05:13:50         0.00      0.04      0.38      0.00      0.00      0.04      0.38      0.00
05:13:55         0.00      0.03      0.37      0.00      0.00      0.03      0.37      0.00
05:14:00         0.00      0.03      0.36      0.00      0.00      0.03      0.36      0.00
05:14:05         0.00      0.03      0.36      0.00      0.00      0.03      0.36      0.00
05:14:10         0.00      0.02      0.35      0.00      0.00      0.02      0.35      0.00
05:14:15         0.00      0.02      0.35      0.00      0.00      0.02      0.35      0.00
05:14:20         0.00      0.02      0.34      0.00      0.00      0.02      0.34      0.00
05:14:25         0.00      0.02      0.33      0.00      0.00      0.02      0.33      0.00
05:14:30         0.00      0.01      0.33      0.00      0.00      0.01      0.33      0.00
05:14:35         0.00      0.01      0.32      0.00      0.00      0.01      0.32      0.00
05:14:40         0.00      0.01      0.31      0.00      0.00      0.01      0.31      0.00
05:14:45         0.00      0.01      0.31      0.00      0.00      0.01      0.31      0.00
05:14:50         0.00      0.01      0.30      0.00      0.00      0.01      0.30      0.00
05:14:55         0.00      0.01      0.30      0.00      0.00      0.01      0.30      0.00
05:15:00         0.00      0.00      0.29      0.00      0.00      0.00      0.29      0.00
05:15:05         0.00      0.00      0.28      0.00      0.00      0.00      0.28      0.00
05:15:10         0.00      0.00      0.28      0.00      0.00      0.00      0.28      0.00
05:15:15         0.00      0.00      0.27      0.00      0.00      0.00      0.27      0.00
05:15:20         0.00      0.00      0.27      0.00      0.00      0.00      0.27      0.00
05:15:25        14.51      2.81      0.86     34.88     14.51      2.81      0.86     34.88
05:15:30         7.96      2.54      0.84      0.00      7.96      2.54      0.84      0.00
05:15:35         5.34      2.37      0.83      0.00      5.34      2.37      0.83      0.00
05:15:40         2.93      2.15      0.81      0.00      2.93      2.15      0.81      0.00
05:15:45         1.96      2.01      0.80      0.00      1.96      2.01      0.80      0.00
05:15:50         1.07      1.81      0.78      0.00      1.07      1.81      0.78      0.00
05:15:55         0.72      1.70      0.77      0.00      0.72      1.70      0.77      0.00
05:16:00         2.02      1.88      0.83      4.56      2.02      1.88      0.83      4.56
05:16:05         1.35      1.76      0.82      0.00      1.35      1.76      0.82      0.00
05:16:10         0.74      1.59      0.80      0.00      0.74      1.59      0.80      0.00
05:16:15         0.49      1.49      0.79      0.00      0.49      1.49      0.79      0.00
05:16:20         0.27      1.35      0.77      0.00      0.27      1.35      0.77      0.00
05:16:25         0.18      1.26      0.76      0.00      0.18      1.26      0.76      0.00
05:16:30         0.10      1.14      0.74      0.00      0.10      1.14      0.74      0.00
05:16:35         0.06      1.06      0.73      0.00      0.06      1.06      0.73      0.00
05:16:40         0.03      0.96      0.72      0.00      0.03      0.96      0.72      0.00
05:16:45         0.02      0.90      0.71      0.00      0.02      0.90      0.71      0.00
05:16:50         0.01      0.81      0.69      0.00      0.01      0.81      0.69      0.00
05:16:55         0.00      0.76      0.68      0.00      0.00      0.76      0.68      0.00
05:17:00         0.00      0.69      0.67      0.00      0.00      0.69      0.67      0.00
05:17:05         0.00      0.64      0.66      0.00      0.00      0.64      0.66      0.00
05:17:10         4.89      1.46      0.83     14.97      4.89      1.46      0.83     14.97
05:17:15         5.65      1.88      0.93      2.30      5.65      1.88      0.93      2.30
05:17:20         3.10      1.70      0.91      0.00      3.10      1.70      0.91      0.00
05:17:25         2.08      1.59      0.89      0.00      2.08      1.59      0.89      0.00
05:17:30         1.14      1.43      0.87      0.00      1.14      1.43      0.87      0.00
05:17:35         0.76      1.34      0.86      0.00      0.76      1.34      0.86      0.00
05:17:40         0.41      1.21      0.84      0.00      0.41      1.21      0.84      0.00
05:17:45         0.28      1.13      0.83      0.00      0.28      1.13      0.83      0.00
05:17:50         0.15      1.02      0.81      0.00      0.15      1.02      0.81      0.00
05:17:55         0.10      0.96      0.80      0.00      0.10      0.96      0.80      0.00
05:18:00         0.05      0.87      0.78      0.00      0.05      0.87      0.78      0.00
05:18:05         0.03      0.81      0.77      0.00      0.03      0.81      0.77      0.00
05:18:10         0.01      0.73      0.76      0.00      0.01      0.73      0.76      0.00
05:18:15         0.01      0.68      0.75      0.00      0.01      0.68      0.75      0.00
05:18:20         0.00      0.62      0.73      0.00      0.00      0.62      0.73      0.00
05:18:25         0.00      0.58      0.72      0.00      0.00      0.58      0.72      0.00
05:18:30         0.00      0.52      0.70      0.00      0.00      0.52      0.70      0.00
05:18:35         0.00      0.49      0.69      0.00      0.00      0.49      0.69      0.00
05:18:40         0.00      0.44      0.68      0.00      0.00      0.44      0.68      0.00
05:18:45         0.00      0.41      0.67      0.00      0.00      0.41      0.67      0.00
05:18:50         0.00      0.37      0.65      0.00      0.00      0.37      0.65      0.00
05:18:55         0.00      0.35      0.64      0.00      0.00      0.35      0.64      0.00
05:19:00         0.00      0.31      0.63      0.00      0.00      0.31      0.63      0.00
05:19:05         0.00      0.29      0.62      0.00      0.00      0.29      0.62      0.00
05:19:10         0.00      0.26      0.61      0.00      0.00      0.26      0.61      0.00
05:19:15         0.00      0.24      0.60      0.00      0.00      0.24      0.60      0.00
05:19:20         0.00      0.22      0.59      0.00      0.00      0.22      0.59      0.00
05:19:25         0.00      0.20      0.58      0.00      0.00      0.20      0.58      0.00
05:19:30         0.00      0.18      0.56      0.00      0.00      0.18      0.56      0.00
05:19:35         0.00      0.17      0.56      0.00      0.00      0.17      0.56      0.00
05:19:40         0.00      0.15      0.55      0.00      0.00      0.15      0.55      0.00
05:19:45         0.00      0.14      0.54      0.00      0.00      0.14      0.54      0.00
05:19:50         0.00      0.13      0.53      0.00      0.00      0.13      0.53      0.00
05:19:55         0.00      0.12      0.52      0.00      0.00      0.12      0.52      0.00
05:20:00         0.00      0.11      0.51      0.00      0.00      0.11      0.51      0.00
05:20:05         0.00      0.10      0.50      0.00      0.00      0.10      0.50      0.00
05:20:10         0.00      0.09      0.49      0.00      0.00      0.09      0.49      0.00
05:20:15         0.00      0.08      0.48      0.00      0.00      0.08      0.48      0.00
05:20:20         0.00      0.07      0.47      0.00      0.00      0.07      0.47      0.00
05:20:25         0.00      0.07      0.46      0.00      0.00      0.07      0.46      0.00
05:20:30         0.00      0.06      0.45      0.00      0.00      0.06      0.45      0.00
05:20:35         0.00      0.06      0.45      0.00      0.00      0.06      0.45      0.00
05:20:40         0.00      0.05      0.44      0.00      0.00      0.05      0.44      0.00
05:20:45         0.00      0.04      0.43      0.00      0.00      0.04      0.43      0.00
05:20:50         0.00      0.04      0.42      0.00      0.00      0.04      0.42      0.00
05:20:55         0.00      0.04      0.41      0.00      0.00      0.04      0.41      0.00
05:21:00         0.00      0.03      0.41      0.00      0.00      0.03      0.41      0.00
05:21:05         0.00      0.03      0.40      0.00      0.00      0.03      0.40      0.00
05:21:10         0.00      0.02      0.39      0.00      0.00      0.02      0.39      0.00
05:21:15         0.00      0.02      0.38      0.00      0.00      0.02      0.38      0.00
05:21:20         0.00      0.02      0.38      0.00      0.00      0.02      0.38      0.00
05:21:25         9.05      1.65      0.71     20.09      9.05      1.65      0.71     20.09
05:21:30         4.97      1.50      0.70      0.00      4.97      1.50      0.70      0.00
05:21:35         3.33      1.40      0.69      0.00      3.33      1.40      0.69      0.00
05:21:40         1.83      1.26      0.67      0.00      1.83      1.26      0.67      0.00
05:21:45         1.22      1.18      0.66      0.00      1.22      1.18      0.66      0.00
05:21:50         0.67      1.07      0.65      0.00      0.67      1.07      0.65      0.00
05:21:55         0.45      1.00      0.64      0.00      0.45      1.00      0.64      0.00
05:22:00         8.76      2.44      0.95     21.74      8.76      2.44      0.95     21.74
05:22:05         6.61      2.44      0.97      0.20      6.61      2.44      0.97      0.20
05:22:10         3.63      2.21      0.95      0.00      3.63      2.21      0.95      0.00
05:22:15         2.43      2.07      0.93      0.00      2.43      2.07      0.93      0.00
05:22:20         1.33      1.87      0.91      0.00      1.33      1.87      0.91      0.00
05:22:25         0.89      1.75      0.90      0.00      0.89      1.75      0.90      0.00
05:22:30         0.49      1.58      0.88      0.00      0.49      1.58      0.88      0.00
05:22:35         0.32      1.48      0.87      0.00      0.32      1.48      0.87      0.00
05:22:40         0.18      1.34      0.85      0.00      0.18      1.34      0.85      0.00
05:22:45         0.12      1.25      0.84      0.00      0.12      1.25      0.84      0.00
05:22:50         0.06      1.13      0.82      0.00      0.06      1.13      0.82      0.00
05:22:55         0.04      1.06      0.81      0.00      0.04      1.06      0.81      0.00
05:23:00         0.02      0.95      0.79      0.00      0.02      0.95      0.79      0.00
05:23:05         0.01      0.89      0.78      0.00      0.01      0.89      0.78      0.00
05:23:10         0.00      0.81      0.76      0.00      0.00      0.81      0.76      0.00
05:23:15         1.63      1.10      0.83      4.59      1.63      1.10      0.83      4.59
05:23:20         0.89      1.00      0.81      0.00      0.89      1.00      0.81      0.00
05:23:25         0.60      0.93      0.80      0.00      0.60      0.93      0.80      0.00
05:23:30         0.32      0.84      0.78      0.00      0.32      0.84      0.78      0.00
05:23:35         0.22      0.79      0.77      0.00      0.22      0.79      0.77      0.00
05:23:40         0.12      0.71      0.75      0.00      0.12      0.71      0.75      0.00
05:23:45         0.08      0.66      0.74      0.00      0.08      0.66      0.74      0.00
05:23:50         0.04      0.60      0.73      0.00      0.04      0.60      0.73      0.00
05:23:55         0.02      0.56      0.72      0.00      0.02      0.56      0.72      0.00
05:24:00         0.01      0.51      0.70      0.00      0.01      0.51      0.70      0.00
05:24:05         0.00      0.47      0.69      0.00      0.00      0.47      0.69      0.00
05:24:10         0.00      0.43      0.68      0.00      0.00      0.43      0.68      0.00
05:24:15         0.00      0.40      0.67      0.00      0.00      0.40      0.67      0.00
05:24:20         0.00      0.36      0.65      0.00      0.00      0.36      0.65      0.00
05:24:25         0.00      0.34      0.64      0.00      0.00      0.34      0.64      0.00
05:24:30         0.00      0.30      0.63      0.00      0.00      0.30      0.63      0.00
05:24:35         0.00      0.28      0.62      0.00      0.00      0.28      0.62      0.00
05:24:40         0.00      0.25      0.61      0.00      0.00      0.25      0.61      0.00
05:24:45         0.00      0.24      0.60      0.00      0.00      0.24      0.60      0.00
05:24:50         0.00      0.21      0.58      0.00      0.00      0.21      0.58      0.00
05:24:55         0.00      0.20      0.58      0.00      0.00      0.20      0.58      0.00
05:25:00         0.00      0.18      0.56      0.00      0.00      0.18      0.56      0.00
05:25:05         0.00      0.17      0.55      0.00      0.00      0.17      0.55      0.00
05:25:10         0.00      0.15      0.54      0.00      0.00      0.15      0.54      0.00
05:25:15         0.00      0.14      0.54      0.00      0.00      0.14      0.54      0.00
05:25:20         0.00      0.12      0.52      0.00      0.00      0.12      0.52      0.00
05:25:25         0.00      0.12      0.52      0.00      0.00      0.12      0.52      0.00
05:25:30         0.00      0.10      0.50      0.00      0.00      0.10      0.50      0.00
05:25:35         0.00      0.10      0.50      0.00      0.00      0.10      0.50      0.00
05:25:40         0.00      0.09      0.49      0.00      0.00      0.09      0.49      0.00
05:25:45         0.00      0.08      0.48      0.00      0.00      0.08      0.48      0.00
05:25:50         0.00      0.07      0.47      0.00      0.00      0.07      0.47      0.00
05:25:55         0.00      0.07      0.46      0.00      0.00      0.07      0.46      0.00
05:26:00         0.00      0.06      0.45      0.00      0.00      0.06      0.45      0.00
05:26:05         0.00      0.05      0.44      0.00      0.00      0.05      0.44      0.00
05:26:10         0.00      0.05      0.43      0.00      0.00      0.05      0.43      0.00
05:26:15         0.00      0.04      0.43      0.00      0.00      0.04      0.43      0.00
05:26:20         0.00      0.04      0.42      0.00      0.00      0.04      0.42      0.00
05:26:25         0.00      0.04      0.41      0.00      0.00      0.04      0.41      0.00
05:26:30         0.00      0.03      0.40      0.00      0.00      0.03      0.40      0.00
05:26:35         0.00      0.03      0.40      0.00      0.00      0.03      0.40      0.00
05:26:40         0.00      0.02      0.39      0.00      0.00      0.02      0.39      0.00
05:26:45         0.00      0.02      0.38      0.00      0.00      0.02      0.38      0.00
05:26:50         0.00      0.02      0.37      0.00      0.00      0.02      0.37      0.00
05:26:55         0.00      0.02      0.37      0.00      0.00      0.02      0.37      0.00
05:27:00         0.00      0.01      0.36      0.00      0.00      0.01      0.36      0.00
05:27:05         0.00      0.01      0.35      0.00      0.00      0.01      0.35      0.00
05:27:10         0.00      0.01      0.35      0.00      0.00      0.01      0.35      0.00
05:27:15         0.00      0.01      0.34      0.00      0.00      0.01      0.34      0.00
05:27:20         0.00      0.01      0.33      0.00      0.00      0.01      0.33      0.00
05:27:25         2.35      0.43      0.42     17.95      2.35      0.43      0.42     17.95
05:27:30         7.85      2.04      0.77      9.06      7.85      2.04      0.77      9.06
05:27:35         5.26      1.91      0.76      0.00      5.26      1.91      0.76      0.00
05:27:40         2.88      1.73      0.75      0.00      2.88      1.73      0.75      0.00
05:27:45         1.93      1.62      0.74      0.00      1.93      1.62      0.74      0.00
05:27:50         1.06      1.46      0.72      0.00      1.06      1.46      0.72      0.00
05:27:55         0.71      1.37      0.71      0.00      0.71      1.37      0.71      0.00
05:28:00         1.47      1.43      0.74      3.98      1.47      1.43      0.74      3.98
05:28:05        11.52      3.59      1.21     27.37     11.52      3.59      1.21     27.37
05:28:10         6.32      3.25      1.18      0.00      6.32      3.25      1.18      0.00
05:28:15         4.24      3.04      1.17      0.00      4.24      3.04      1.17      0.00
05:28:20         2.32      2.75      1.14      0.00      2.32      2.75      1.14      0.00
05:28:25         1.56      2.57      1.12      0.00      1.56      2.57      1.12      0.00
05:28:30         0.85      2.32      1.10      0.00      0.85      2.32      1.10      0.00
05:28:35         0.57      2.17      1.09      0.00      0.57      2.17      1.09      0.00
05:28:40         0.31      1.97      1.06      0.00      0.31      1.97      1.06      0.00
05:28:45         0.21      1.84      1.05      0.00      0.21      1.84      1.05      0.00
05:28:50         0.11      1.66      1.03      0.00      0.11      1.66      1.03      0.00
05:28:55         0.07      1.55      1.01      0.00      0.07      1.55      1.01      0.00
05:29:00         0.04      1.41      0.99      0.00      0.04      1.41      0.99      0.00
05:29:05         0.02      1.31      0.97      0.00      0.02      1.31      0.97      0.00
05:29:10         0.01      1.19      0.95      0.00      0.01      1.19      0.95      0.00
05:29:15         0.00      1.11      0.94      0.26      0.00      1.11      0.94      0.26
05:29:20         0.00      1.00      0.92      0.00      0.00      1.00      0.92      0.00
05:29:25         0.00      0.94      0.91      0.00      0.00      0.94      0.91      0.00
05:29:30         0.00      0.85      0.89      0.00      0.00      0.85      0.89      0.00
05:29:35         0.00      0.79      0.88      0.00      0.00      0.79      0.88      0.00
05:29:40         0.00      0.72      0.86      0.00      0.00      0.72      0.86      0.00
05:29:45         0.00      0.67      0.84      0.00      0.00      0.67      0.84      0.00
05:29:50         0.00      0.60      0.83      0.00      0.00      0.60      0.83      0.00
05:29:55         0.00      0.57      0.82      0.00      0.00      0.57      0.82      0.00
05:30:00         0.00      0.51      0.80      0.00      0.00      0.51      0.80      0.00
05:30:05         0.00      0.48      0.79      0.00      0.00      0.48      0.79      0.00
05:30:10         0.00      0.43      0.77      0.00      0.00      0.43      0.77      0.00
05:30:15         0.00      0.40      0.76      0.00      0.00      0.40      0.76      0.00
05:30:20         0.00      0.36      0.74      0.00      0.00      0.36      0.74      0.00
05:30:25         0.00      0.34      0.73      0.00      0.00      0.34      0.73      0.00
05:30:30         0.00      0.30      0.72      0.00      0.00      0.30      0.72      0.00
05:30:35         0.00      0.28      0.70      0.00      0.00      0.28      0.70      0.00
05:30:40         0.00      0.26      0.69      0.00      0.00      0.26      0.69      0.00
05:30:45         0.00      0.24      0.68      0.00      0.00      0.24      0.68      0.00
05:30:50         0.00      0.21      0.67      0.00      0.00      0.21      0.67      0.00
05:30:55         0.00      0.20      0.66      0.00      0.00      0.20      0.66      0.00
05:31:00         0.00      0.18      0.64      0.00      0.00      0.18      0.64      0.00
05:31:05         0.00      0.17      0.63      0.00      0.00      0.17      0.63      0.00
05:31:10         0.00      0.15      0.62      0.00      0.00      0.15      0.62      0.00
05:31:15         0.00      0.14      0.61      0.00      0.00      0.14      0.61      0.00
05:31:20         0.00      0.13      0.60      0.00      0.00      0.13      0.60      0.00
05:31:25         0.00      0.12      0.59      0.00      0.00      0.12      0.59      0.00
05:31:30         0.00      0.10      0.58      0.00      0.00      0.10      0.58      0.00
05:31:35         0.00      0.10      0.57      0.00      0.00      0.10      0.57      0.00
05:31:40         0.00      0.09      0.55      0.00      0.00      0.09      0.55      0.00
05:31:45         0.00      0.08      0.55      0.00      0.00      0.08      0.55      0.00
05:31:50         0.00      0.07      0.54      0.00      0.00      0.07      0.54      0.00
05:31:55         0.00      0.07      0.53      0.00      0.00      0.07      0.53      0.00
05:32:00         0.00      0.06      0.52      0.00      0.00      0.06      0.52      0.00
05:32:05         0.00      0.05      0.51      0.00      0.00      0.05      0.51      0.00
05:32:10         0.00      0.05      0.50      0.00      0.00      0.05      0.50      0.00
05:32:15         0.00      0.04      0.49      0.00      0.00      0.04      0.49      0.00
05:32:20         0.00      0.04      0.48      0.00      0.00      0.04      0.48      0.00
05:32:25         0.00      0.04      0.47      0.00      0.00      0.04      0.47      0.00
05:32:30         0.00      0.03      0.46      0.00      0.00      0.03      0.46      0.00
05:32:35         0.00      0.03      0.45      0.00      0.00      0.03      0.45      0.00
05:32:40         0.00      0.02      0.45      0.00      0.00      0.02      0.45      0.00
05:32:45         0.00      0.02      0.44      0.00      0.00      0.02      0.44      0.00
05:32:50         0.00      0.02      0.43      0.00      0.00      0.02      0.43      0.00
05:32:55         0.00      0.02      0.42      0.00      0.00      0.02      0.42      0.00
05:33:00         0.00      0.02      0.41      0.00      0.00      0.02      0.41      0.00
05:33:05         0.00      0.01      0.41      0.00      0.00      0.01      0.41      0.00
05:33:10         0.00      0.01      0.40      0.00      0.00      0.01      0.40      0.00
05:33:15         0.00      0.01      0.39      0.00      0.00      0.01      0.39      0.00
05:33:20         0.00      0.01      0.39      0.00      0.00      0.01      0.39      0.00
05:33:25         0.00      0.01      0.38      0.00      0.00      0.01      0.38      0.00
05:33:30        13.70      2.60      0.92     35.10     13.70      2.60      0.92     35.10
05:33:35         8.37      2.56      0.95      0.00      8.37      2.56      0.95      0.00
05:33:40         5.61      2.40      0.93      0.00      5.61      2.40      0.93      0.00
05:33:45         3.08      2.17      0.91      0.00      3.08      2.17      0.91      0.00
05:33:50         2.06      2.03      0.90      0.00      2.06      2.03      0.90      0.00
05:33:55         1.13      1.84      0.88      0.00      1.13      1.84      0.88      0.00
05:34:00         0.75      1.72      0.87      0.00      0.75      1.72      0.87      0.00
05:34:05         6.97      2.79      1.11     15.56      6.97      2.79      1.11     15.56
05:34:10         4.67      2.61      1.09      0.00      4.67      2.61      1.09      0.00
05:34:15         2.56      2.36      1.07      0.00      2.56      2.36      1.07      0.00
05:34:20         1.72      2.20      1.05      0.00      1.72      2.20      1.05      0.00
05:34:25         0.94      1.99      1.03      0.00      0.94      1.99      1.03      0.00
05:34:30         0.63      1.86      1.02      0.00      0.63      1.86      1.02      0.00
05:34:35         0.34      1.69      1.00      0.00      0.34      1.69      1.00      0.00
05:34:40         0.23      1.58      0.98      0.00      0.23      1.58      0.98      0.00
05:34:45         0.12      1.43      0.96      0.00      0.12      1.43      0.96      0.00
05:34:50         0.08      1.33      0.95      0.00      0.08      1.33      0.95      0.00
05:34:55         0.04      1.21      0.93      0.00      0.04      1.21      0.93      0.00
05:35:00         0.03      1.13      0.91      0.00      0.03      1.13      0.91      0.00
05:35:05         0.01      1.02      0.89      0.00      0.01      1.02      0.89      0.00
05:35:10         0.01      0.95      0.88      0.00      0.01      0.95      0.88      0.00
05:35:15         1.27      1.09      0.91     14.49      1.27      1.09      0.91     14.49
05:35:20         5.45      2.00      1.11      0.95      5.45      2.00      1.11      0.95
05:35:25         2.99      1.81      1.09      0.00      2.99      1.81      1.09      0.00
05:35:30         2.00      1.69      1.07      0.00      2.00      1.69      1.07      0.00
05:35:35         1.10      1.53      1.05      0.00      1.10      1.53      1.05      0.00
05:35:40         0.73      1.43      1.03      0.00      0.73      1.43      1.03      0.00
05:35:45         0.40      1.29      1.01      0.00      0.40      1.29      1.01      0.00
05:35:50         0.27      1.21      1.00      0.00      0.27      1.21      1.00      0.00
05:35:55         0.14      1.09      0.98      0.00      0.14      1.09      0.98      0.00
05:36:00         0.09      1.02      0.96      0.00      0.09      1.02      0.96      0.00
05:36:05         0.05      0.92      0.94      0.00      0.05      0.92      0.94      0.00
05:36:10         0.03      0.86      0.93      0.00      0.03      0.86      0.93      0.00
05:36:15         0.01      0.78      0.91      0.00      0.01      0.78      0.91      0.00
05:36:20         0.01      0.73      0.90      0.00      0.01      0.73      0.90      0.00
05:36:25         0.00      0.66      0.88      0.00      0.00      0.66      0.88      0.00
05:36:30         0.00      0.62      0.86      0.00      0.00      0.62      0.86      0.00
05:36:35         0.00      0.56      0.85      0.00      0.00      0.56      0.85      0.00
05:36:40         0.00      0.52      0.83      0.00      0.00      0.52      0.83      0.00
05:36:45         0.00      0.47      0.82      0.00      0.00      0.47      0.82      0.00
05:36:50         0.00      0.44      0.80      0.00      0.00      0.44      0.80      0.00
05:36:55         0.00      0.40      0.79      0.00      0.00      0.40      0.79      0.00
05:37:00         0.00      0.37      0.78      0.00      0.00      0.37      0.78      0.00
05:37:05         0.00      0.33      0.76      0.00      0.00      0.33      0.76      0.00
05:37:10         0.00      0.31      0.75      0.00      0.00      0.31      0.75      0.00
05:37:15         0.00      0.28      0.73      0.00      0.00      0.28      0.73      0.00
05:37:20         0.00      0.26      0.72      0.00      0.00      0.26      0.72      0.00
05:37:25         0.00      0.24      0.71      0.00      0.00      0.24      0.71      0.00
05:37:30         0.00      0.22      0.70      0.00      0.00      0.22      0.70      0.00
05:37:35         0.00      0.20      0.68      0.00      0.00      0.20      0.68      0.00
05:37:40         0.00      0.18      0.67      0.00      0.00      0.18      0.67      0.00
05:37:45         0.00      0.16      0.66      0.00      0.00      0.16      0.66      0.00
05:37:50         0.00      0.15      0.65      0.00      0.00      0.15      0.65      0.00
05:37:55         0.00      0.14      0.63      0.00      0.00      0.14      0.63      0.00
05:38:00         0.00      0.13      0.62      0.00      0.00      0.13      0.62      0.00
05:38:05         0.00      0.12      0.61      0.00      0.00      0.12      0.61      0.00
05:38:10         0.00      0.11      0.60      0.00      0.00      0.11      0.60      0.00
05:38:15         0.00      0.10      0.59      0.00      0.00      0.10      0.59      0.00
05:38:20         0.00      0.09      0.58      0.00      0.00      0.09      0.58      0.00
05:38:25         0.00      0.08      0.57      0.00      0.00      0.08      0.57      0.00
05:38:30         0.00      0.07      0.56      0.00      0.00      0.07      0.56      0.00
05:38:35         0.00      0.06      0.55      0.00      0.00      0.06      0.55      0.00
05:38:40         0.00      0.06      0.54      0.00      0.00      0.06      0.54      0.00
05:38:45         0.00      0.05      0.53      0.00      0.00      0.05      0.53      0.00
05:38:50         0.00      0.05      0.52      0.00      0.00      0.05      0.52      0.00
05:38:55         0.00      0.04      0.51      0.00      0.00      0.04      0.51      0.00
05:39:00         0.00      0.04      0.50      0.00      0.00      0.04      0.50      0.00
05:39:05         0.00      0.03      0.49      0.00      0.00      0.03      0.49      0.00

Average:         0.80      0.80      0.73      0.83      0.80      0.80      0.73      0.83
