Linux 7.2.0-rc5-virtme (virtme-ng) 	08/01/26 	_x86_64_	(12 CPU)

04:39:10    kbmemfree   kbavail kbmemused  %memused kbbuffers  kbcached  kbcommit   %commit  kbactive   kbinact   kbdirty   kbshmem
04:39:15      5000380   4961144   3180544     39.06         4     40416   8414760     68.21   3007636     39972         0       252
04:39:20      3790664   3751548   4390140     53.92         4     40592   8414760     68.21   4209400     40092         0       252
04:39:25      3790664   3751548   4390140     53.92         4     40592   8414760     68.21   4209400     40092         0       252
04:39:30      3790584   3751468   4390220     53.92         4     40592   8414760     68.21   4209400     40092         0       252
04:39:35      3794372   3755256   4386432     53.88         4     40592   8414760     68.21   4209400     40092         0       252
04:39:40      3797256   3758140   4383548     53.84         4     40592   8414760     68.21   4209400     40092         0       252
04:39:45      3799084   3759968   4381720     53.82         4     40592   8414760     68.21   4209400     40092         0       252
04:39:50      1526132   1487016   6654672     81.74         4     40592   8414760     68.21   6456592     40092         0       252
04:39:55      1252748   1213632   6928056     85.09         4     40592   8414760     68.21   6725980     40092         0       252
04:40:00      1260176   1221060   6920628     85.00         4     40592   8414760     68.21   6725980     40092         0       252
04:40:05      1270236   1231120   6910568     84.88         4     40592   8414760     68.21   6725980     40092         0       252
04:40:10      1275400   1236284   6905404     84.82         4     40592   8414760     68.21   6725980     40092         0       252
04:40:15      1278144   1239028   6902660     84.78         4     40592   8414760     68.21   6725980     40092         0       252
04:40:20      1279988   1240872   6900816     84.76         4     40592   8414760     68.21   6725980     40092         0       252
04:40:25      1280248   1241132   6900556     84.76         4     40592   8414760     68.21   6725980     40092         0       252
04:40:30      1280388   1241272   6900416     84.75         4     40592   8414760     68.21   6725980     40092         0       252
04:40:35      1280388   1241272   6900416     84.75         4     40592   8414760     68.21   6725980     40092         0       252
04:40:40      1280388   1241272   6900416     84.75         4     40592   8414760     68.21   6725980     40092         0       252
04:40:45      1280388   1241272   6900416     84.75         4     40592   8414760     68.21   6725980     40092         0       252
04:40:50      1280388   1241272   6900416     84.75         4     40592   8414760     68.21   6725980     40092         0       252
04:40:55      1280388   1241272   6900416     84.75         4     40592   8414760     68.21   6725980     40092         0       252
04:41:00       429416    390300   7751388     95.21         4     40592   8414760     68.21   7556128     40092         0       252
04:41:05        95060     36492   8105196     99.55         0      3044   8414644     68.21    526856   7420056         0         4
04:41:10        94988     36704   8104984     99.55         0      3412   8414644     68.21    527920   7420352         0         4
04:41:15        94988     36704   8104984     99.55         0      3412   8414644     68.21    527920   7420352         0         4
04:41:20        94988     36704   8104984     99.55         0      3412   8414644     68.21    527920   7420352         0         4
04:41:25        94988     36704   8104984     99.55         0      3412   8414644     68.21    527920   7420352         0         4
04:41:30        94988     36704   8104984     99.55         0      3412   8414644     68.21    527920   7420352         0         4
04:41:35        94988     36704   8104984     99.55         0      3412   8414644     68.21    527920   7420352         0         4
04:41:40        94988     36704   8104984     99.55         0      3412   8414644     68.21    527920   7420352         0         4
04:41:45        94988     36704   8104984     99.55         0      3416   8414644     68.21    527920   7420352         0         4
04:41:50        94988     36704   8104984     99.55         0      3416   8414644     68.21    527920   7420352         0         4
04:41:55        94748     36464   8105224     99.55         0      3416   8414644     68.21    528044   7420352         0         4
04:42:00        94748     36464   8105224     99.55         0      3416   8414644     68.21    528044   7420352         0         4
04:42:05        94748     36464   8105224     99.55         0      3416   8414644     68.21    528044   7420352         0         4
04:42:10        94748     36464   8105224     99.55         0      3420   8414644     68.21    528044   7420352         0         4
04:42:15        94748     36464   8105224     99.55         0      3420   8414644     68.21    528044   7420352         0         4
04:42:20        94748     36464   8105224     99.55         0      3420   8414644     68.21    528044   7420352         0         4
04:42:25        94748     36464   8105224     99.55         0      3420   8414644     68.21    528168   7420352         0         4
04:42:30        94748     36464   8105224     99.55         0      3420   8414644     68.21    528168   7420352         0         4
04:42:35        94748     36464   8105224     99.55         0      3420   8414644     68.21    528168   7420352         0         4
04:42:40        94748     36464   8105224     99.55         0      3420   8414644     68.21    528168   7420352         0         4
04:42:45        94748     36464   8105224     99.55         0      3420   8414644     68.21    528168   7420352         0         4
04:42:50        94748     36464   8105224     99.55         0      3428   8414644     68.21    528168   7420352         0         4
04:42:55        94748     36468   8105220     99.55         0      3420   8414644     68.21    528172   7420356         0         4
04:43:00        94748     36468   8105220     99.55         0      3420   8414644     68.21    528172   7420356         0         4
04:43:05        94748     36468   8105220     99.55         0      3420   8414644     68.21    528172   7420356         0         4
04:43:10        94748     36468   8105220     99.55         0      3420   8414644     68.21    528296   7420356         0         4
04:43:15        94748     36468   8105220     99.55         0      3420   8414644     68.21    528296   7420356         0         4
04:43:20        94748     36468   8105220     99.55         0      3420   8414644     68.21    528296   7420356         0         4
04:43:25        94748     36468   8105220     99.55         0      3420   8414644     68.21    528296   7420356         0         4
04:43:30        94272     35992   8105696     99.56         0      3420   8414644     68.21    528296   7419212         0         4
04:43:35        94288     36008   8105680     99.56         0      3420   8414644     68.21    528140   7419244         0         4
04:43:40        94288     36008   8105680     99.56         0      3420   8414644     68.21    528140   7419244         0         4
04:43:45        94288     36008   8105680     99.56         0      3420   8414644     68.21    528264   7419244         0         4
04:43:50        94288     36008   8105680     99.56         0      3420   8414644     68.21    528264   7419244         0         4
04:43:55        94288     36008   8105680     99.56         0      3420   8414644     68.21    528264   7419304         0         4
04:44:00        94540     36260   8105428     99.55         0      3420   8414644     68.21    528264   7418952         0         4
04:44:05        94792     36512   8105176     99.55         0      3420   8414644     68.21    528204   7418612         0         4
04:44:10        95044     36764   8104924     99.55         0      3416   8414644     68.21    528160   7418096         0         4
04:44:15        95044     36764   8104924     99.55         0      3416   8414644     68.21    528160   7418096         0         4
04:44:20        95044     36764   8104924     99.55         0      3420   8414644     68.21    528160   7418096         0         4
04:44:25        95044     36764   8104924     99.55         0      3420   8414644     68.21    528284   7418096         0         4
04:44:30        95044     36764   8104924     99.55         0      3420   8414644     68.21    528284   7418096         0         4
04:44:35        95044     36764   8104924     99.55         0      3420   8414644     68.21    528284   7418096         0         4
04:44:40        95044     36764   8104924     99.55         0      3420   8414644     68.21    528284   7418096         0         4
04:44:45        95044     36764   8104924     99.55         0      3420   8414644     68.21    528284   7418096         0         4
04:44:50        95044     36764   8104924     99.55         0      3420   8414644     68.21    528284   7418096         0         4
04:44:55        95044     36764   8104924     99.55         0      3420   8414644     68.21    528408   7418096         0         4
04:45:00        95044     36764   8104924     99.55         0      3420   8414644     68.21    528408   7418096         0         4
04:45:05        95044     36764   8104924     99.55         0      3420   8414644     68.21    528408   7418096         0         4
04:45:10        95044     36764   8104924     99.55         0      3420   8414644     68.21    528408   7418096         0         4
04:45:15        62732      4276   8137412     99.95         0      3072   8414644     68.21    875220   7101976         0         4
04:45:20        62776      4320   8137368     99.95         0      3080   8414644     68.21    875220   7101316         0         4
04:45:25        62776      4320   8137368     99.95         0      3080   8414644     68.21    875220   7101372         0         4
04:45:30        62776      4320   8137368     99.95         0      3080   8414644     68.21    875220   7101372         0         4
04:45:35        62776      4320   8137368     99.95         0      3080   8414644     68.21    875220   7101372         0         4
04:45:40        62776      4320   8137368     99.95         0      3084   8414644     68.21    875220   7101372         0         4
04:45:45        62776      4320   8137368     99.95         0      3084   8414644     68.21    875340   7101376         0         4
04:45:50        48980     48980   8092708     99.40         0      1716   8414644     68.21   1916088   6076400         0         4
04:45:55        60128       824   8140864     99.99         0      1412   8414644     68.21   5138800   2835516         0         0
04:46:00        62364      3060   8138628     99.96         0      1412   8414644     68.21   5138820   2835516         0         0
04:46:05        65040      5736   8135952     99.93         0      1412   8414644     68.21   5138820   2835516         0         0
04:46:10        66400      7096   8134592     99.91         0      1412   8414644     68.21   5138820   2835516         0         0
04:46:15        66860      7556   8134132     99.91         0      1412   8414644     68.21   5138820   2835516         0         0
04:46:20        66860      7572   8134116     99.91         0      1412   8414644     68.21   5138940   2835520         0         0
04:46:25        66860      7572   8134116     99.91         0      1412   8414644     68.21   5138940   2835520         0         0
04:46:30        66860      7572   8134116     99.91         0      1412   8414644     68.21   5138940   2835520         0         0
04:46:35        66356      7068   8134620     99.91         0      1420   8414644     68.21   5138940   2835520         0         0
04:46:40        66356      7068   8134620     99.91         0      1420   8414644     68.21   5138940   2835520         0         0
04:46:45        66356      7068   8134620     99.91         0      1420   8414644     68.21   5138940   2835520         0         0
04:46:50        66356      7068   8134620     99.91         0      1420   8414644     68.21   5138940   2835520         0         0
04:46:55        66104      6816   8134872     99.92         0      1424   8414644     68.21   5138940   2835520         0         0
04:47:00        66104      6816   8134872     99.92         0      1424   8414644     68.21   5139060   2835524         0         0
04:47:05        60704      1152   8140536     99.99         0       888   8414644     68.21   1371940   6601124         0         0
04:47:10        60592      1104   8140584     99.99         0      1140   8414644     68.21   1372024   6601164         0         0
04:47:15        63404      3916   8137772     99.95         0      1140   8414644     68.21   1372024   6601164         0         0
04:47:20        64772      5284   8136404     99.94         0      1140   8414644     68.21   1372024   6601164         0         0
04:47:25        65368      5880   8135808     99.93         0      1140   8414644     68.21   1372024   6601164         0         0
04:47:30        65368      5880   8135808     99.93         0      1140   8414644     68.21   1372024   6601164         0         0
04:47:35        65368      5880   8135808     99.93         0      1140   8414644     68.21   1372024   6601164         0         0
04:47:40        65368      5880   8135808     99.93         0      1140   8414644     68.21   1372024   6601164         0         0
04:47:45        65368      5880   8135808     99.93         0      1140   8414644     68.21   1372024   6601164         0         0
04:47:50        65368      5880   8135808     99.93         0      1140   8414644     68.21   1372144   6601168         0         0
04:47:55        65368      5880   8135808     99.93         0      1140   8414644     68.21   1372144   6601168         0         0
04:48:00        65368      5880   8135808     99.93         0      1140   8414644     68.21   1372144   6601168         0         0
04:48:05        65368      5880   8135808     99.93         0      1140   8414644     68.21   1372144   6601168         0         0
04:48:10        65368      5880   8135808     99.93         0      1140   8414644     68.21   1372144   6601168         0         0
04:48:15        65372      5884   8135804     99.93         0      1140   8414644     68.21   1371760   6599876         0         0
04:48:20        65372      5884   8135804     99.93         0      1144   8414644     68.21   1371760   6599880         0         0
04:48:25        65372      5884   8135804     99.93         0      1144   8414644     68.21   1371760   6599880         0         0
04:48:30        65372      5884   8135804     99.93         0      1144   8414644     68.21   1371880   6599884         0         0
04:48:35        65600      6112   8135576     99.92         0      1144   8414644     68.21   1371880   6599884         0         0
04:48:40        66388      6900   8134788     99.92         0      1144   8414644     68.21   1371856   6599656         0         0
04:48:45        66876      7388   8134300     99.91         0      1144   8414644     68.21   1371848   6598876         0         0
04:48:50        66896      7408   8134280     99.91         0      1144   8414644     68.21   1371716   6599016         0         0
04:48:55        66896      7408   8134280     99.91         0      1144   8414644     68.21   1371716   6599016         0         0
04:49:00        66896      7408   8134280     99.91         0      1144   8414644     68.21   1371716   6599016         0         0
04:49:05        66896      7408   8134280     99.91         0      1144   8414644     68.21   1371836   6599020         0         0
04:49:10        66896      7408   8134280     99.91         0      1144   8414644     68.21   1371836   6599020         0         0
04:49:15        66896      7408   8134280     99.91         0      1144   8414644     68.21   1371836   6599020         0         0
04:49:20        66896      7408   8134280     99.91         0      1144   8414644     68.21   1371836   6599020         0         0
04:49:25        66896      7408   8134280     99.91         0      1144   8414644     68.21   1371836   6598792         0         0
04:49:30        66896      7408   8134280     99.91         0      1148   8414644     68.21   1371832   6598816         0         0
04:49:35        66896      7408   8134280     99.91         0      1148   8414644     68.21   1371744   6598508         0         0
04:49:40        66928      7440   8134248     99.91         0      1148   8414644     68.21   1364232   6604508         0         0
04:49:45        66928      7440   8134248     99.91         0      1148   8414644     68.21   1364232   6604508         0         0
04:49:50        66928      7440   8134248     99.91         0      1148   8414644     68.21   1364352   6604512         0         0
04:49:55        66928      7440   8134248     99.91         0      1148   8414644     68.21   1364352   6604512         0         0
04:50:00        66928      7440   8134248     99.91         0      1148   8414644     68.21   1364352   6604512         0         0
04:50:05        66928      7440   8134248     99.91         0      1148   8414644     68.21   1364352   6604512         0         0
04:50:10        66928      7440   8134248     99.91         0      1148   8414644     68.21   1364352   6604512         0         0
04:50:15        67748      8260   8133428     99.90         0      1156   8414644     68.21   1352500   6615080         0         0
04:50:20        67580      8092   8133596     99.90         0      1156   8414644     68.21   1350200   6617424         0         0
04:50:25        67956      8460   8133228     99.90         0      1156   8414644     68.21   1341680   6625884         0         0
04:50:30        68208      8712   8132976     99.89         0      1156   8414644     68.21   1340312   6626924         0         0
04:50:35        68208      8712   8132976     99.89         0      1156   8414644     68.21   1340304   6626988         0         0
04:50:40        68208      8712   8132976     99.89         0      1156   8414644     68.21   1340304   6626760         0         0
04:50:45        68208      8712   8132976     99.89         0      1156   8414644     68.21   1338988   6627912         0         0
04:50:50        68460      8964   8132724     99.89         0      1156   8414644     68.21   1337116   6629464         0         0
04:50:55        68460      8964   8132724     99.89         0      1156   8414644     68.21   1336196   6630136         0         0
04:51:00        68460      8964   8132724     99.89         0      1156   8414644     68.21   1336196   6630136         0         0
04:51:05        68460      8964   8132724     99.89         0      1156   8414644     68.21   1336196   6630136         0         0
04:51:10        68460      8964   8132724     99.89         0      1156   8414644     68.21   1336196   6630136         0         0
04:51:15        52148     52148   8089540     99.36         0      1148   8414644     68.21   1806660   6180164         0         0
04:51:20        51896     51896   8089792     99.36         0      1156   8414644     68.21   1805188   6180728         0         0
04:51:25        51896     51896   8089792     99.36         0      1156   8414644     68.21   1805188   6180728         0         0
04:51:30        52152     52152   8089536     99.36         0      1156   8414644     68.21   1805188   6180728         0         0
04:51:35        52152     52152   8089536     99.36         0      1156   8414644     68.21   1805308   6180732         0         0
04:51:40        52152     52152   8089536     99.36         0      1156   8414644     68.21   1805308   6180732         0         0
04:51:45        52152     52152   8089536     99.36         0      1156   8414644     68.21   1805308   6180732         0         0
04:51:50        45488     45488   8096200     99.44         0      1156   8414644     68.21   2914844   5079476         0         0
04:51:55        71256     11676   8130012     99.86         0       984   8414644     68.21   1482844   6482828         0         0
04:52:00        70192     10628   8131060     99.87         0      1060   8414644     68.21   1482952   6482844         0         0
04:52:05        70388     10824   8130864     99.87         0      1064   8414644     68.21   1482952   6482844         0         0
04:52:10        72044     12480   8129208     99.85         0      1064   8414644     68.21   1483072   6482848         0         0
04:52:15        71668     12104   8129584     99.85         0      1068   8414644     68.21   1483072   6482848         0         0
04:52:20        71668     12104   8129584     99.85         0      1068   8414644     68.21   1483072   6482848         0         0
04:52:25        71668     12104   8129584     99.85         0      1068   8414644     68.21   1483072   6482848         0         0
04:52:30        71668     12104   8129584     99.85         0      1068   8414644     68.21   1483072   6482848         0         0
04:52:35        71668     12104   8129584     99.85         0      1068   8414644     68.21   1483072   6482848         0         0
04:52:40        71668     12104   8129584     99.85         0      1068   8414644     68.21   1483072   6482848         0         0
04:52:45        71668     12104   8129584     99.85         0      1068   8414644     68.21   1483072   6482848         0         0
04:52:50        71668     12104   8129584     99.85         0      1068   8414644     68.21   1483072   6482848         0         0
04:52:55        71668     12104   8129584     99.85         0      1068   8414644     68.21   1483132   6482848         0         0
04:53:00        71668     12104   8129584     99.85         0      1068   8414644     68.21   1483132   6482848         0         0
04:53:05        83460     23860   8117828     99.71         0       972   8414644     68.21   2778700   5178120         0         0
04:53:10        83208     23608   8118080     99.71         0       976   8414644     68.21   2778700   5178120         0         0
04:53:15        83208     23608   8118080     99.71         0       976   8414644     68.21   2778700   5178120         0         0
04:53:20        83208     23608   8118080     99.71         0       976   8414644     68.21   2778700   5178120         0         0
04:53:25        83208     23608   8118080     99.71         0       976   8414644     68.21   2778700   5178120         0         0
04:53:30        83208     23608   8118080     99.71         0       976   8414644     68.21   2778700   5178120         0         0
04:53:35        83208     23608   8118080     99.71         0       976   8414644     68.21   2778700   5178120         0         0
04:53:40        83208     23608   8118080     99.71         0       976   8414644     68.21   2778820   5178124         0         0
04:53:45        83208     23608   8118080     99.71         0       976   8414644     68.21   2778820   5178124         0         0
04:53:50        83208     23608   8118080     99.71         0       976   8414644     68.21   2778820   5178124         0         0
04:53:55        83208     23608   8118080     99.71         0       976   8414644     68.21   2778820   5178124         0         0
04:54:00        82704     23108   8118580     99.72         0       984   8414644     68.21   2778940   5178128         0         0
04:54:05        82704     23108   8118580     99.72         0       984   8414644     68.21   2778940   5178128         0         0
04:54:10        82704     23108   8118580     99.72         0       984   8414644     68.21   2778940   5178128         0         0
04:54:15        82704     23108   8118580     99.72         0       984   8414644     68.21   2778412   5176992         0         0
04:54:20        83596     24000   8117688     99.71         0       984   8414644     68.21   2778332   5175620         0         0
04:54:25        83596     24000   8117688     99.71         0       988   8414644     68.21   2778452   5175624         0         0
04:54:30        83596     24000   8117688     99.71         0       988   8414644     68.21   2778452   5175624         0         0
04:54:35        83596     24000   8117688     99.71         0       988   8414644     68.21   2778452   5175624         0         0
04:54:40        83596     24000   8117688     99.71         0       992   8414644     68.21   2778452   5175624         0         0
04:54:45        83596     24000   8117688     99.71         0       992   8414644     68.21   2778452   5175624         0         0
04:54:50        83596     24000   8117688     99.71         0       992   8414644     68.21   2778452   5175624         0         0
04:54:55        83848     24252   8117436     99.70         0       992   8414644     68.21   2778448   5175532         0         0
04:55:00        84100     24504   8117184     99.70         0       992   8414644     68.21   2778408   5174776         0         0
04:55:05        84100     24504   8117184     99.70         0       992   8414644     68.21   2778528   5174780         0         0
04:55:10        84100     24504   8117184     99.70         0       992   8414644     68.21   2778528   5174780         0         0
04:55:15        84352     24756   8116932     99.70         0       992   8414644     68.21   2778520   5174700         0         0
04:55:20        84352     24756   8116932     99.70         0       992   8414644     68.21   2778516   5174480         0         0
04:55:25        84352     24756   8116932     99.70         0       992   8414644     68.21   2778516   5174328         0         0
04:55:30        84352     24756   8116932     99.70         0       992   8414644     68.21   2778496   5174260         0         0
04:55:35        84604     25008   8116680     99.69         0       992   8414644     68.21   2778256   5174228         0         0
04:55:40        84884     25288   8116400     99.69         0       992   8414644     68.21   2747192   5204344         0         0
04:55:45        86396     26800   8114888     99.67         0       992   8414644     68.21   2741024   5209220         0         0
04:55:50        86648     27052   8114636     99.67         0       992   8414644     68.21   2698632   5250228         0         0
04:55:55        87208     27612   8114076     99.66         0       992   8414644     68.21   2696872   5251752         0         0
04:56:00        87256     27652   8114036     99.66         0      1032   8414644     68.21   2688096   5260204         0         0
04:56:05        87508     27904   8113784     99.66         0      1032   8414644     68.21   2686148   5262056         0         0
04:56:10        87508     27904   8113784     99.66         0      1032   8414644     68.21   2677712   5270012         0         0
04:56:15        87508     27904   8113784     99.66         0      1032   8414644     68.21   2677712   5270012         0         0
04:56:20        87508     27904   8113784     99.66         0      1032   8414644     68.21   2677712   5270012         0         0
04:56:25        87508     27932   8113756     99.66         0      1032   8414644     68.21   2677804   5270044         0         0
04:56:30        87508     27932   8113756     99.66         0      1032   8414644     68.21   2677804   5270044         0         0
04:56:35        87508     27932   8113756     99.66         0      1032   8414644     68.21   2677804   5270044         0         0
04:56:40        87508     27932   8113756     99.66         0      1032   8414644     68.21   2677804   5270044         0         0
04:56:45        87508     27932   8113756     99.66         0      1032   8414644     68.21   2676352   5271456         0         0
04:56:50        87508     27932   8113756     99.66         0      1032   8414644     68.21   2674464   5273252         0         0
04:56:55        88264     28688   8113000     99.65         0      1032   8414644     68.21   2673288   5274040         0         0
04:57:00        88264     28688   8113000     99.65         0      1032   8414644     68.21   2671176   5276088         0         0
04:57:05        88264     28688   8113000     99.65         0      1032   8414644     68.21   2671176   5276088         0         0
04:57:10        88264     28688   8113000     99.65         0      1032   8414644     68.21   2671176   5276088         0         0
04:57:15        88264     28688   8113000     99.65         0      1036   8414644     68.21   2671296   5276092         0         0
04:57:20        47632     47632   8094056     99.41         0      1024   8414644     68.21   5464780   2527468         0         0
04:57:25        58896     58896   8082792     99.28         0       912   8414644     68.21   2972100   5004800         0         0
04:57:30        56824     56824   8084864     99.30         0       980   8414644     68.21   2972220   5004804         0         0
04:57:35        56824     56824   8084864     99.30         0       980   8414644     68.21   2972220   5004804         0         0
04:57:40        57648     57648   8084040     99.29         0       988   8414644     68.21   2972220   5004804         0         0
04:57:45        58200     58200   8083488     99.29         0       988   8414644     68.21   2972220   5004804         0         0
04:57:50        58444     58444   8083244     99.28         0       988   8414644     68.21   2972220   5004804         0         0
04:57:55        78700     19072   8122616     99.77         0       948   8414644     68.21   5879136   2081748         0         0
04:58:00        73408     13880   8127808     99.83         0      1132   8414644     68.21   5879248   2081884         0         0
04:58:05        73408     13880   8127808     99.83         0      1132   8414644     68.21   5879248   2081884         0         0
04:58:10        73816     14288   8127400     99.82         0      1132   8414644     68.21   5879248   2081884         0         0
04:58:15        74660     15132   8126556     99.81         0      1132   8414644     68.21   5879248   2081884         0         0
04:58:20        74664     15136   8126552     99.81         0      1132   8414644     68.21   5879248   2081884         0         0
04:58:25        75008     15480   8126208     99.81         0      1132   8414644     68.21   5879248   2081884         0         0
04:58:30        75312     15784   8125904     99.81         0      1132   8414644     68.21   5879248   2081884         0         0
04:58:35        75576     16048   8125640     99.80         0      1132   8414644     68.21   5879368   2081888         0         0
04:58:40        75808     16280   8125408     99.80         0      1132   8414644     68.21   5879368   2081888         0         0
04:58:45        75760     16232   8125456     99.80         0      1132   8414644     68.21   5879368   2081888         0         0
04:58:50        73920     14392   8127296     99.82         0      1136   8414644     68.21   5879368   2081888         0         0
04:58:55        74076     14548   8127140     99.82         0      1136   8414644     68.21   5879368   2081888         0         0
04:59:00        74164     14636   8127052     99.82         0      1136   8414644     68.21   5879368   2081888         0         0
04:59:05        46780     46780   8094908     99.43         0      1768   8414644     68.21    271400   7719320         0         0
04:59:10        77260     18576   8123112     99.77         0      2940   8414644     68.21   1051544   6907320         0         0
04:59:15        77044     18496   8123192     99.77         0      3180   8414644     68.21   1051764   6907596         0         0
04:59:20        77044     18496   8123192     99.77         0      3180   8414644     68.21   1051764   6907596         0         0
04:59:25        77044     18496   8123192     99.77         0      3180   8414644     68.21   1051764   6907596         0         0
04:59:30        77044     18496   8123192     99.77         0      3180   8414644     68.21   1051764   6907596         0         0
04:59:35        77044     18496   8123192     99.77         0      3180   8414644     68.21   1051764   6907596         0         0
04:59:40        77044     18496   8123192     99.77         0      3180   8414644     68.21   1051764   6907596         0         0
04:59:45        77044     18500   8123188     99.77         0      3180   8414644     68.21   1051880   6907604         0         0
04:59:50        77044     18500   8123188     99.77         0      3184   8414644     68.21   1051880   6907604         0         0
04:59:55        77044     18500   8123188     99.77         0      3184   8414644     68.21   1051880   6907604         0         0
05:00:00        77044     18500   8123188     99.77         0      3184   8414644     68.21   1051880   6907604         0         0
05:00:05        77044     18500   8123188     99.77         0      3184   8414644     68.21   1051880   6907604         0         0
05:00:10        77044     18500   8123188     99.77         0      3184   8414644     68.21   1051880   6907604         0         0
05:00:15        77044     18500   8123188     99.77         0      3184   8414644     68.21   1051880   6907604         0         0
05:00:20        77548     19024   8122664     99.77         0      3184   8414644     68.21   1051900   6904588         0         0
05:00:25        77548     19024   8122664     99.77         0      3184   8414644     68.21   1051900   6904704         0         0
05:00:30        77548     19024   8122664     99.77         0      3188   8414644     68.21   1052020   6904708         0         0
05:00:35        77548     19024   8122664     99.77         0      3188   8414644     68.21   1052020   6904708         0         0
05:00:40        77548     19024   8122664     99.77         0      3188   8414644     68.21   1052020   6904708         0         0
05:00:45        77548     19024   8122664     99.77         0      3188   8414644     68.21   1052020   6904708         0         0
05:00:50        77548     19024   8122664     99.77         0      3188   8414644     68.21   1052020   6904708         0         0
05:00:55        77548     19024   8122664     99.77         0      3188   8414644     68.21   1052020   6904708         0         0
05:01:00        77776     19252   8122436     99.76         0      3188   8414644     68.21   1052020   6904420         0         0
05:01:05        77800     19276   8122412     99.76         0      3188   8414644     68.21   1052020   6904412         0         0
05:01:10        78808     20284   8121404     99.75         0      3188   8414644     68.21   1052140   6903512         0         0
05:01:15        78808     20284   8121404     99.75         0      3188   8414644     68.21   1052140   6903512         0         0
05:01:20        78808     20284   8121404     99.75         0      3188   8414644     68.21   1052140   6903512         0         0
05:01:25        78808     20284   8121404     99.75         0      3196   8414644     68.21   1052140   6903512         0         0
05:01:30        78808     20284   8121404     99.75         0      3196   8414644     68.21   1052140   6903600         0         0
05:01:35        78808     20284   8121404     99.75         0      3196   8414644     68.21   1052140   6903556         0         0
05:01:40        80320     21796   8119892     99.73         0      3196   8414644     68.21   1052140   6901976         0         0
05:01:45        80572     22048   8119640     99.73         0      3196   8414644     68.21   1052140   6901272         0         0
05:01:50        80572     22048   8119640     99.73         0      3196   8414644     68.21   1052260   6901164         0         0
05:01:55        80572     22048   8119640     99.73         0      3196   8414644     68.21   1052260   6901140         0         0
05:02:00        80572     22048   8119640     99.73         0      3196   8414644     68.21   1052260   6901140         0         0
05:02:05        80572     22048   8119640     99.73         0      3196   8414644     68.21   1052260   6901140         0         0
05:02:10        80572     22048   8119640     99.73         0      3196   8414644     68.21   1052260   6901140         0         0
05:02:15        80572     22048   8119640     99.73         0      3196   8414644     68.21   1052260   6901140         0         0
05:02:20        80572     22048   8119640     99.73         0      3196   8414644     68.21   1052260   6901140         0         0
05:02:25        80572     22048   8119640     99.73         0      3200   8414644     68.21   1052260   6901104         0         0
05:02:30        80572     22048   8119640     99.73         0      3200   8414644     68.21   1052260   6901048         0         0
05:02:35        80824     22300   8119388     99.73         0      3200   8414644     68.21   1052372   6900796         0         0
05:02:40        80824     22300   8119388     99.73         0      3200   8414644     68.21   1052372   6900616         0         0
05:02:45        81580     23056   8118632     99.72         0      3200   8414644     68.21   1052372   6899648         0         0
05:02:50        81580     23056   8118632     99.72         0      3200   8414644     68.21   1052372   6899504         0         0
05:02:55        81580     23056   8118632     99.72         0      3200   8414644     68.21   1052372   6899360         0         0
05:03:00        81580     23056   8118632     99.72         0      3200   8414644     68.21   1052372   6899224         0         0
05:03:05        82420     23896   8117792     99.71         0      3200   8414644     68.21   1052372   6898860         0         0
05:03:10        82588     24064   8117624     99.70         0      3200   8414644     68.21   1052372   6898928         0         0
05:03:15        82588     24064   8117624     99.70         0      3200   8414644     68.21   1052372   6898928         0         0
05:03:20        69592     11100   8130588     99.86         0      3264   8414644     68.21   1266768   6697412         0         0
05:03:25        69616     11124   8130564     99.86         0      3264   8414644     68.21   1266888   6697416         0         0
05:03:30        70180     11688   8130000     99.86         0      3268   8414644     68.21   1266888   6697416         0         0
05:03:35        70180     11688   8130000     99.86         0      3268   8414644     68.21   1266888   6697416         0         0
05:03:40        70180     11688   8130000     99.86         0      3268   8414644     68.21   1266888   6697416         0         0
05:03:45        70180     11688   8130000     99.86         0      3268   8414644     68.21   1266888   6697416         0         0
05:03:50        70180     11688   8130000     99.86         0      3268   8414644     68.21   1266888   6697416         0         0
05:03:55        51648     51648   8090040     99.37         0       696   8414644     68.21   3251852   4735264         0         0
05:04:00        60124      1608   8140080     99.98         0      3272   8414644     68.21   3428592   4547004         0         0
05:04:05        62008      3492   8138196     99.96         0      3272   8414644     68.21   3428592   4547004         0         0
05:04:10        62360      3844   8137844     99.95         0      3272   8414644     68.21   3428592   4547004         0         0
05:04:15        62360      3844   8137844     99.95         0      3272   8414644     68.21   3428592   4547004         0         0
05:04:20        62360      3844   8137844     99.95         0      3272   8414644     68.21   3428712   4547008         0         0
05:04:25        62360      3844   8137844     99.95         0      3272   8414644     68.21   3428712   4547008         0         0
05:04:30        62360      3844   8137844     99.95         0      3272   8414644     68.21   3428712   4547008         0         0
05:04:35        62360      3844   8137844     99.95         0      3272   8414644     68.21   3428712   4547008         0         0
05:04:40        62360      3844   8137844     99.95         0      3272   8414644     68.21   3428712   4547008         0         0
05:04:45        62360      3844   8137844     99.95         0      3272   8414644     68.21   3428712   4547008         0         0
05:04:50        62360      3844   8137844     99.95         0      3272   8414644     68.21   3428712   4547008         0         0
05:04:55        62360      3844   8137844     99.95         0      3272   8414644     68.21   3428712   4547008         0         0
05:05:00        62108      3592   8138096     99.96         0      3276   8414644     68.21   3428712   4547008         0         0
05:05:05        61856      3340   8138348     99.96         0      3284   8414644     68.21   3428832   4547012         0         0
05:05:10        93080     34596   8107092     99.58         0      3348   8414644     68.21   3531828   4413844         0         0
05:05:15        93080     34596   8107092     99.58         0      3348   8414644     68.21   3531828   4413844         0         0
05:05:20        92828     34344   8107344     99.58         0      3352   8414644     68.21   3531852   4413844         0         0
05:05:25        92828     34344   8107344     99.58         0      3352   8414644     68.21   3531852   4413844         0         0
05:05:30        92576     34092   8107596     99.58         0      3352   8414644     68.21   3531852   4413844         0         0
05:05:35        92576     34092   8107596     99.58         0      3352   8414644     68.21   3531852   4413844         0         0
05:05:40        92576     34092   8107596     99.58         0      3352   8414644     68.21   3531852   4413844         0         0
05:05:45        92576     34092   8107596     99.58         0      3352   8414644     68.21   3531852   4413844         0         0
05:05:50        92576     34092   8107596     99.58         0      3352   8414644     68.21   3531852   4413844         0         0
05:05:55        92576     34092   8107596     99.58         0      3352   8414644     68.21   3531972   4413848         0         0
05:06:00        92576     34092   8107596     99.58         0      3352   8414644     68.21   3531972   4413848         0         0
05:06:05        92576     34092   8107596     99.58         0      3352   8414644     68.21   3531972   4413848         0         0
05:06:10        92576     34092   8107596     99.58         0      3352   8414644     68.21   3531972   4413848         0         0
05:06:15        92576     34092   8107596     99.58         0      3352   8414644     68.21   3531972   4413848         0         0
05:06:20        94088     35604   8106084     99.56         0      3352   8414644     68.21   3440724   4501580         0         0
05:06:25        94088     35604   8106084     99.56         0      3352   8414644     68.21   3440724   4501580         0         0
05:06:30        94088     35604   8106084     99.56         0      3352   8414644     68.21   3440724   4501580         0         0
05:06:35        93836     35352   8106336     99.57         0      3356   8414644     68.21   3440844   4501584         0         0
05:06:40        93836     35352   8106336     99.57         0      3356   8414644     68.21   3440844   4501584         0         0
05:06:45        93836     35352   8106336     99.57         0      3356   8414644     68.21   3440844   4501584         0         0
05:06:50        93836     35352   8106336     99.57         0      3356   8414644     68.21   3440844   4501584         0         0
05:06:55        93836     35352   8106336     99.57         0      3356   8414644     68.21   3440844   4501584         0         0
05:07:00        93836     35352   8106336     99.57         0      3356   8414644     68.21   3440844   4501584         0         0
05:07:05        93836     35352   8106336     99.57         0      3356   8414644     68.21   3440844   4501584         0         0
05:07:10        93836     35352   8106336     99.57         0      3356   8414644     68.21   3440844   4501584         0         0
05:07:15        93836     35352   8106336     99.57         0      3356   8414644     68.21   3438108   4504092         0         0
05:07:20        93836     35352   8106336     99.57         0      3356   8414644     68.21   3437308   4505024         0         0
05:07:25        94592     36108   8105580     99.56         0      3356   8414644     68.21   3405092   4536276         0         0
05:07:30        95276     36792   8104896     99.55         0      3356   8414644     68.21   3369752   4570476         0         0
05:07:35        95348     36864   8104824     99.55         0      3360   8414644     68.21   3369676   4570632         0         0
05:07:40        96356     37872   8103816     99.53         0      3360   8414644     68.21   3345964   4593068         0         0
05:07:45        97112     38628   8103060     99.53         0      3360   8414644     68.21   3315884   4622068         0         0
05:07:50        97112     38628   8103060     99.53         0      3360   8414644     68.21   3312048   4625724         0         0
05:07:55        97112     38628   8103060     99.53         0      3360   8414644     68.21   3311136   4626636         0         0
05:08:00        97112     38628   8103060     99.53         0      3360   8414644     68.21   3308996   4628672         0         0
05:08:05        97112     38628   8103060     99.53         0      3360   8414644     68.21   3308056   4629368         0         0
05:08:10        97112     38628   8103060     99.53         0      3360   8414644     68.21   3306032   4631468         0         0
05:08:15        97112     38628   8103060     99.53         0      3360   8414644     68.21   3306032   4631468         0         0
05:08:20        97112     38628   8103060     99.53         0      3360   8414644     68.21   3306032   4631468         0         0
05:08:25        97112     38628   8103060     99.53         0      3360   8414644     68.21   3306152   4631472         0         0
05:08:30        97112     38628   8103060     99.53         0      3360   8414644     68.21   3306152   4631472         0         0
05:08:35        97112     38628   8103060     99.53         0      3360   8414644     68.21   3306152   4631472         0         0
05:08:40        98120     39636   8102052     99.51         0      3360   8414644     68.21   3285088   4651664         0         0
05:08:45        98120     39636   8102052     99.51         0      3360   8414644     68.21   3284332   4652464         0         0
05:08:50        98120     39636   8102052     99.51         0      3368   8414644     68.21   3283056   4653504         0         0
05:08:55        98120     39636   8102052     99.51         0      3368   8414644     68.21   3281664   4654764         0         0
05:09:00        98120     39636   8102052     99.51         0      3368   8414644     68.21   3280348   4656024         0         0
05:09:05        98120     39636   8102052     99.51         0      3368   8414644     68.21   3280348   4656024         0         0
05:09:10        98120     39636   8102052     99.51         0      3368   8414644     68.21   3280468   4656028         0         0
05:09:15        98120     39636   8102052     99.51         0      3368   8414644     68.21   3280468   4656028         0         0
05:09:20        51240     51240   8090448     99.37         0      2416   8414644     68.21   5070252   2917924         0         0
05:09:25        75956     17104   8124584     99.79         0      2416   8414644     68.21   6373588   1580820         0         0
05:09:30        75956     17104   8124584     99.79         0      2416   8414644     68.21   6373588   1580820         0         0
05:09:35        78716     19864   8121824     99.76         0      2416   8414644     68.21   6373588   1580820         0         0
05:09:40        81184     22332   8119356     99.73         0      2420   8414644     68.21   6373588   1580820         0         0
05:09:45        81988     23136   8118552     99.72         0      2420   8414644     68.21   6373588   1580820         0         0
05:09:50        82464     23612   8118076     99.71         0      2420   8414644     68.21   6373588   1580820         0         0
05:09:55        48032     48032   8093656     99.41         0       368   8414644     68.21    951432   7038596         0         0
05:10:00        56220     56220   8085468     99.31         0      1076   8414644     68.21   4719048   3257716         0         0
05:10:05        56400     56400   8085288     99.31         0      1076   8414644     68.21   4719048   3257716         0         0
05:10:10        58196     58196   8083492     99.29         0      1080   8414644     68.21   4719168   3257720         0         0
05:10:15        59804       212   8141476    100.00         0      1080   8414644     68.21   4719168   3257720         0         0
05:10:20        60588       996   8140692     99.99         0      1080   8414644     68.21   4719168   3257720         0         0
05:10:25        60692      1100   8140588     99.99         0      1080   8414644     68.21   4719168   3257720         0         0
05:10:30        60692      1100   8140588     99.99         0      1080   8414644     68.21   4719168   3257720         0         0
05:10:35        60692      1100   8140588     99.99         0      1080   8414644     68.21   4719168   3257720         0         0
05:10:40        60692      1100   8140588     99.99         0      1080   8414644     68.21   4719168   3257720         0         0
05:10:45        60692      1100   8140588     99.99         0      1080   8414644     68.21   4719288   3257724         0         0
05:10:50        60692      1100   8140588     99.99         0      1080   8414644     68.21   4719288   3257724         0         0
05:10:55        60692      1100   8140588     99.99         0      1080   8414644     68.21   4719288   3257724         0         0
05:11:00        60692      1100   8140588     99.99         0      1080   8414644     68.21   4719288   3257724         0         0
05:11:05        60692      1100   8140588     99.99         0      1080   8414644     68.21   4719288   3257724         0         0
05:11:10        68752      9552   8132136     99.88         0      1920   8414644     68.21   5566220   2404808         0         0
05:11:15        68752      9552   8132136     99.88         0      1920   8414644     68.21   5566220   2404808         0         0
05:11:20        68752      9552   8132136     99.88         0      1920   8414644     68.21   5566340   2404808         0         0
05:11:25        68752      9552   8132136     99.88         0      1920   8414644     68.21   5566340   2404808         0         0
05:11:30        68752      9552   8132136     99.88         0      1920   8414644     68.21   5566340   2404808         0         0
05:11:35        68752      9552   8132136     99.88         0      1920   8414644     68.21   5566340   2404808         0         0
05:11:40        68752      9552   8132136     99.88         0      1920   8414644     68.21   5566340   2404808         0         0
05:11:45        68752      9552   8132136     99.88         0      1920   8414644     68.21   5566340   2404808         0         0
05:11:50        68752      9552   8132136     99.88         0      1920   8414644     68.21   5566340   2404808         0         0
05:11:55        67744      8544   8133144     99.90         0      1924   8414644     68.21   5566340   2404808         0         0
05:12:00        67744      8544   8133144     99.90         0      1924   8414644     68.21   5566460   2404812         0         0
05:12:05        67744      8544   8133144     99.90         0      1924   8414644     68.21   5566460   2404812         0         0
05:12:10        67744      8544   8133144     99.90         0      1924   8414644     68.21   5566460   2404812         0         0
05:12:15        67744      8544   8133144     99.90         0      1924   8414644     68.21   5566460   2404812         0         0
05:12:20        67868      8668   8133020     99.89         0      1924   8414644     68.21   5486468   2482696         0         0
05:12:25        67964      8764   8132924     99.89         0      1924   8414644     68.21   5486468   2482696         0         0
05:12:30        67208      8008   8133680     99.90         0      1932   8414644     68.21   5486468   2482696         0         0
05:12:35        67208      8008   8133680     99.90         0      1932   8414644     68.21   5486468   2482696         0         0
05:12:40        66704      7504   8134184     99.91         0      1936   8414644     68.21   5486588   2482700         0         0
05:12:45        66704      7504   8134184     99.91         0      1940   8414644     68.21   5486588   2482812         0         0
05:12:50        67208      8008   8133680     99.90         0      1940   8414644     68.21   5466144   2502316         0         0
05:12:55        67208      8008   8133680     99.90         0      1940   8414644     68.21   5466060   2502384         0         0
05:13:00        67208      8008   8133680     99.90         0      1940   8414644     68.21   5465660   2502764         0         0
05:13:05        67208      8008   8133680     99.90         0      1940   8414644     68.21   5465660   2502764         0         0
05:13:10        67208      8008   8133680     99.90         0      1940   8414644     68.21   5465660   2502764         0         0
05:13:15        67208      8008   8133680     99.90         0      1940   8414644     68.21   5465660   2502764         0         0
05:13:20        67208      8008   8133680     99.90         0      1940   8414644     68.21   5465660   2502764         0         0
05:13:25        67208      8008   8133680     99.90         0      1940   8414644     68.21   5465780   2502768         0         0
05:13:30        67208      8008   8133680     99.90         0      1940   8414644     68.21   5465780   2502768         0         0
05:13:35        67208      8008   8133680     99.90         0      1940   8414644     68.21   5464308   2504132         0         0
05:13:40        67460      8260   8133428     99.90         0      1940   8414644     68.21   5459188   2509052         0         0
05:13:45        70232     11032   8130656     99.86         0      1940   8414644     68.21   5388516   2575708         0         0
05:13:50        70232     11032   8130656     99.86         0      1940   8414644     68.21   5388376   2575928         0         0
05:13:55        70232     11032   8130656     99.86         0      1940   8414644     68.21   5385696   2578532         0         0
05:14:00        71240     12040   8129648     99.85         0      1940   8414644     68.21   5368732   2593644         0         0
05:14:05        71316     12116   8129572     99.85         0      1940   8414644     68.21   5368852   2593648         0         0
05:14:10        71316     12116   8129572     99.85         0      1940   8414644     68.21   5368852   2593648         0         0
05:14:15        71316     12116   8129572     99.85         0      1940   8414644     68.21   5368852   2593648         0         0
05:14:20        71316     12116   8129572     99.85         0      1940   8414644     68.21   5368852   2593648         0         0
05:14:25        71316     12116   8129572     99.85         0      1940   8414644     68.21   5368852   2593648         0         0
05:14:30        71316     12116   8129572     99.85         0      1940   8414644     68.21   5368852   2593648         0         0
05:14:35        71316     12116   8129572     99.85         0      1940   8414644     68.21   5368852   2593648         0         0
05:14:40        71316     12116   8129572     99.85         0      1940   8414644     68.21   5368852   2593648         0         0
05:14:45        71316     12116   8129572     99.85         0      1940   8414644     68.21   5368852   2593648         0         0
05:14:50        71316     12116   8129572     99.85         0      1940   8414644     68.21   5368852   2593648         0         0
05:14:55        71316     12116   8129572     99.85         0      1940   8414644     68.21   5368852   2593648         0         0
05:15:00        71316     12116   8129572     99.85         0      1940   8414644     68.21   5368972   2593652         0         0
05:15:05        71316     12116   8129572     99.85         0      1940   8414644     68.21   5368972   2593652         0         0
05:15:10        71316     12116   8129572     99.85         0      1940   8414644     68.21   5368972   2593652         0         0
05:15:15        71316     12116   8129572     99.85         0      1940   8414644     68.21   5368972   2593652         0         0
05:15:20        72324     13124   8128564     99.84         0      1944   8414644     68.21   5364380   2597368         0         0
05:15:25        81232     22576   8119112     99.72         0      3080   8414644     68.21   4305724   3646460         0         0
05:15:30        81724     23184   8118504     99.72         0      3288   8414644     68.21   4294928   3656612         0         0
05:15:35        81724     23184   8118504     99.72         0      3288   8414644     68.21   4294928   3656612         0         0
05:15:40        81724     23184   8118504     99.72         0      3288   8414644     68.21   4294928   3656612         0         0
05:15:45        81908     23368   8118320     99.71         0      3292   8414644     68.21   4294928   3656612         0         0
05:15:50        82128     23588   8118100     99.71         0      3292   8414644     68.21   4294928   3656612         0         0
05:15:55        82320     23780   8117908     99.71         0      3292   8414644     68.21   4294928   3656612         0         0
05:16:00        65280      6772   8134916     99.92         0      3356   8414644     68.21   6295180   1678756         0         0
05:16:05        65280      6772   8134916     99.92         0      3356   8414644     68.21   6295180   1678756         0         0
05:16:10        65280      6772   8134916     99.92         0      3356   8414644     68.21   6295180   1678756         0         0
05:16:15        64776      6268   8135420     99.92         0      3364   8414644     68.21   6295180   1678756         0         0
05:16:20        64776      6268   8135420     99.92         0      3364   8414644     68.21   6295300   1678760         0         0
05:16:25        64776      6268   8135420     99.92         0      3364   8414644     68.21   6295300   1678760         0         0
05:16:30        64776      6268   8135420     99.92         0      3364   8414644     68.21   6295300   1678760         0         0
05:16:35        64776      6268   8135420     99.92         0      3364   8414644     68.21   6295300   1678760         0         0
05:16:40        64776      6268   8135420     99.92         0      3364   8414644     68.21   6295300   1678760         0         0
05:16:45        64776      6268   8135420     99.92         0      3364   8414644     68.21   6295300   1678760         0         0
05:16:50        64776      6268   8135420     99.92         0      3364   8414644     68.21   6279528   1693628         0         0
05:16:55        64776      6268   8135420     99.92         0      3364   8414644     68.21   6279528   1693628         0         0
05:17:00        64776      6268   8135420     99.92         0      3364   8414644     68.21   6279528   1693628         0         0
05:17:05        64776      6268   8135420     99.92         0      3364   8414644     68.21   6279528   1693628         0         0
05:17:10        48372     48372   8093316     99.41         0      1768   8414644     68.21   3959176   4031116         0         0
05:17:15        66516      7176   8134512     99.91         0      1620   8414644     68.21   4263372   3704380         0         0
05:17:20        67372      8032   8133656     99.90         0      1620   8414644     68.21   4263372   3704380         0         0
05:17:25        69628     10288   8131400     99.87         0      1620   8414644     68.21   4263372   3704380         0         0
05:17:30        71032     11692   8129996     99.86         0      1620   8414644     68.21   4263372   3704380         0         0
05:17:35        71472     12132   8129556     99.85         0      1620   8414644     68.21   4263372   3704380         0         0
05:17:40        71472     12132   8129556     99.85         0      1620   8414644     68.21   4263372   3704380         0         0
05:17:45        71472     12132   8129556     99.85         0      1620   8414644     68.21   4263372   3704380         0         0
05:17:50        71472     12132   8129556     99.85         0      1620   8414644     68.21   4263492   3704384         0         0
05:17:55        71220     11880   8129808     99.85         0      1624   8414644     68.21   4263512   3704384         0         0
05:18:00        71220     11880   8129808     99.85         0      1624   8414644     68.21   4263512   3704384         0         0
05:18:05        71220     11880   8129808     99.85         0      1624   8414644     68.21   4263512   3704384         0         0
05:18:10        71220     11880   8129808     99.85         0      1624   8414644     68.21   4263512   3704384         0         0
05:18:15        71220     11880   8129808     99.85         0      1624   8414644     68.21   4263512   3704384         0         0
05:18:20        71220     11880   8129808     99.85         0      1624   8414644     68.21   4263512   3704384         0         0
05:18:25        71220     11880   8129808     99.85         0      1624   8414644     68.21   4260096   3707012         0         0
05:18:30        70968     11628   8130060     99.86         0      1628   8414644     68.21   4260096   3707012         0         0
05:18:35        70968     11628   8130060     99.86         0      1628   8414644     68.21   4260216   3707016         0         0
05:18:40        70968     11628   8130060     99.86         0      1628   8414644     68.21   4260216   3707016         0         0
05:18:45        70464     11124   8130564     99.86         0      1632   8414644     68.21   4260216   3707016         0         0
05:18:50        70716     11376   8130312     99.86         0      1632   8414644     68.21   4243464   3723060         0         0
05:18:55        70716     11376   8130312     99.86         0      1632   8414644     68.21   4243464   3723064         0         0
05:19:00        72228     12888   8128800     99.84         0      1632   8414644     68.21   4228272   3736080         0         0
05:19:05        72228     12888   8128800     99.84         0      1632   8414644     68.21   4228272   3736080         0         0
05:19:10        72228     12888   8128800     99.84         0      1632   8414644     68.21   4228272   3736080         0         0
05:19:15        72228     12888   8128800     99.84         0      1632   8414644     68.21   4228392   3736084         0         0
05:19:20        72228     12888   8128800     99.84         0      1632   8414644     68.21   4228392   3736084         0         0
05:19:25        72228     12888   8128800     99.84         0      1632   8414644     68.21   4228392   3736084         0         0
05:19:30        72228     12888   8128800     99.84         0      1632   8414644     68.21   4228392   3736084         0         0
05:19:35        72228     12888   8128800     99.84         0      1632   8414644     68.21   4228392   3736132         0         0
05:19:40        72228     12888   8128800     99.84         0      1632   8414644     68.21   4228392   3736132         0         0
05:19:45        72984     13644   8128044     99.83         0      1632   8414644     68.21   4225532   3737924         0         0
05:19:50        73740     14400   8127288     99.82         0      1632   8414644     68.21   4224420   3737976         0         0
05:19:55        73740     14400   8127288     99.82         0      1632   8414644     68.21   4224420   3737892         0         0
05:20:00        73488     14148   8127540     99.83         0      1640   8414644     68.21   4224540   3737896         0         0
05:20:05        73488     14148   8127540     99.83         0      1640   8414644     68.21   4224540   3737896         0         0
05:20:10        73488     14148   8127540     99.83         0      1640   8414644     68.21   4224540   3737896         0         0
05:20:15        73488     14148   8127540     99.83         0      1640   8414644     68.21   4224540   3737944         0         0
05:20:20        73488     14148   8127540     99.83         0      1640   8414644     68.21   4224528   3737972         0         0
05:20:25        73488     14148   8127540     99.83         0      1640   8414644     68.21   4223836   3738564         0         0
05:20:30        73488     14148   8127540     99.83         0      1644   8414644     68.21   4220276   3741752         0         0
05:20:35        73488     14148   8127540     99.83         0      1644   8414644     68.21   4220260   3741836         0         0
05:20:40        73488     14148   8127540     99.83         0      1644   8414644     68.21   4220260   3741836         0         0
05:20:45        73488     14148   8127540     99.83         0      1644   8414644     68.21   4220260   3741836         0         0
05:20:50        73488     14148   8127540     99.83         0      1644   8414644     68.21   4220260   3741836         0         0
05:20:55        73488     14148   8127540     99.83         0      1644   8414644     68.21   4220380   3741840         0         0
05:21:00        73488     14148   8127540     99.83         0      1644   8414644     68.21   4220380   3741840         0         0
05:21:05        73488     14148   8127540     99.83         0      1644   8414644     68.21   4220380   3741840         0         0
05:21:10        73488     14148   8127540     99.83         0      1644   8414644     68.21   4220380   3741840         0         0
05:21:15        73488     14148   8127540     99.83         0      1644   8414644     68.21   4220380   3741840         0         0
05:21:20        73488     14148   8127540     99.83         0      1644   8414644     68.21   4220380   3741840         0         0
05:21:25        66992      8460   8133228     99.90         0      3288   8414644     68.21   6994704    970832         0         0
05:21:30        67748      9216   8132472     99.89         0      3288   8414644     68.21   6919116   1044892         0         0
05:21:35        67748      9216   8132472     99.89         0      3288   8414644     68.21   6919116   1044892         0         0
05:21:40        68924     10392   8131296     99.87         0      3288   8414644     68.21   6919116   1044892         0         0
05:21:45        70816     12284   8129404     99.85         0      3288   8414644     68.21   6919116   1044892         0         0
05:21:50        71176     12644   8129044     99.84         0      3292   8414644     68.21   6919116   1044892         0         0
05:21:55        71316     12784   8128904     99.84         0      3292   8414644     68.21   6919116   1044892         0         0
05:22:00        51136     51136   8090552     99.37         0      1344   8414644     68.21   2079200   5906780         0         0
05:22:05        72960     14360   8127328     99.82         0      3184   8414644     68.21   2218088   5741736         0         0
05:22:10        72960     14360   8127328     99.82         0      3184   8414644     68.21   2218088   5741736         0         0
05:22:15        75064     16464   8125224     99.80         0      3184   8414644     68.21   2218156   5741732         0         0
05:22:20        76652     18052   8123636     99.78         0      3184   8414644     68.21   2218156   5741732         0         0
05:22:25        77336     18736   8122952     99.77         0      3184   8414644     68.21   2218156   5741732         0         0
05:22:30        77336     18736   8122952     99.77         0      3184   8414644     68.21   2218276   5741736         0         0
05:22:35        77336     18736   8122952     99.77         0      3184   8414644     68.21   2218276   5741736         0         0
05:22:40        77336     18736   8122952     99.77         0      3184   8414644     68.21   2218276   5741736         0         0
05:22:45        77336     18736   8122952     99.77         0      3184   8414644     68.21   2218276   5741736         0         0
05:22:50        77336     18736   8122952     99.77         0      3184   8414644     68.21   2218276   5741736         0         0
05:22:55        77336     18736   8122952     99.77         0      3184   8414644     68.21   2218276   5741740         0         0
05:23:00        77336     18736   8122952     99.77         0      3184   8414644     68.21   2218276   5741740         0         0
05:23:05        77336     18736   8122952     99.77         0      3184   8414644     68.21   2218276   5741740         0         0
05:23:10        77336     18736   8122952     99.77         0      3188   8414644     68.21   2218276   5741740         0         0
05:23:15        79772     21180   8120508     99.74         0      3200   8414644     68.21   3753784   4206564         0         0
05:23:20        79772     21180   8120508     99.74         0      3200   8414644     68.21   3753784   4206564         0         0
05:23:25        79772     21180   8120508     99.74         0      3200   8414644     68.21   3753784   4206564         0         0
05:23:30        79772     21180   8120508     99.74         0      3200   8414644     68.21   3753784   4206564         0         0
05:23:35        79772     21180   8120508     99.74         0      3200   8414644     68.21   3753784   4206564         0         0
05:23:40        78764     20172   8121516     99.75         0      3208   8414644     68.21   3753784   4206564         0         0
05:23:45        78764     20172   8121516     99.75         0      3208   8414644     68.21   3753784   4206564         0         0
05:23:50        78764     20172   8121516     99.75         0      3208   8414644     68.21   3753784   4206564         0         0
05:23:55        78764     20172   8121516     99.75         0      3208   8414644     68.21   3753904   4206568         0         0
05:24:00        78764     20172   8121516     99.75         0      3208   8414644     68.21   3753904   4206568         0         0
05:24:05        78764     20172   8121516     99.75         0      3208   8414644     68.21   3753904   4206568         0         0
05:24:10        78764     20172   8121516     99.75         0      3208   8414644     68.21   3753904   4206568         0         0
05:24:15        78764     20172   8121516     99.75         0      3208   8414644     68.21   3753904   4206568         0         0
05:24:20        78764     20172   8121516     99.75         0      3208   8414644     68.21   3753904   4206568         0         0
05:24:25        78512     19920   8121768     99.76         0      3208   8414644     68.21   3752696   4207724         0         0
05:24:30        78512     19920   8121768     99.76         0      3208   8414644     68.21   3752696   4207724         0         0
05:24:35        78512     19920   8121768     99.76         0      3208   8414644     68.21   3752816   4207728         0         0
05:24:40        78512     19920   8121768     99.76         0      3208   8414644     68.21   3752816   4207728         0         0
05:24:45        78512     19920   8121768     99.76         0      3208   8414644     68.21   3752816   4207728         0         0
05:24:50        78260     19668   8122020     99.76         0      3212   8414644     68.21   3752816   4207728         0         0
05:24:55        78260     19668   8122020     99.76         0      3212   8414644     68.21   3752816   4207744         0         0
05:25:00        78260     19668   8122020     99.76         0      3212   8414644     68.21   3749788   4210632         0         0
05:25:05        78008     19416   8122272     99.76         0      3216   8414644     68.21   3747288   4212744         0         0
05:25:10        78008     19416   8122272     99.76         0      3216   8414644     68.21   3743284   4216220         0         0
05:25:15        78008     19416   8122272     99.76         0      3216   8414644     68.21   3743236   4216220         0         0
05:25:20        78008     19416   8122272     99.76         0      3216   8414644     68.21   3743188   4216248         0         0
05:25:25        78008     19416   8122272     99.76         0      3216   8414644     68.21   3743168   4216376         0         0
05:25:30        78008     19416   8122272     99.76         0      3216   8414644     68.21   3743168   4216348         0         0
05:25:35        78008     19416   8122272     99.76         0      3216   8414644     68.21   3743168   4216416         0         0
05:25:40        78008     19416   8122272     99.76         0      3216   8414644     68.21   3742880   4216536         0         0
05:25:45        78008     19416   8122272     99.76         0      3220   8414644     68.21   3741468   4217884         0         0
05:25:50        79520     20928   8120760     99.74         0      3220   8414644     68.21   3665124   4291860         0         0
05:25:55        80528     21936   8119752     99.73         0      3220   8414644     68.21   3659360   4296424         0         0
05:26:00        80528     21936   8119752     99.73         0      3220   8414644     68.21   3656884   4298844         0         0
05:26:05        80528     21936   8119752     99.73         0      3220   8414644     68.21   3656884   4298844         0         0
05:26:10        80528     21936   8119752     99.73         0      3220   8414644     68.21   3656768   4299084         0         0
05:26:15        80528     21936   8119752     99.73         0      3220   8414644     68.21   3656240   4299580         0         0
05:26:20        80528     21936   8119752     99.73         0      3220   8414644     68.21   3651080   4304492         0         0
05:26:25        80528     21936   8119752     99.73         0      3220   8414644     68.21   3650556   4304980         0         0
05:26:30        80528     21936   8119752     99.73         0      3220   8414644     68.21   3650556   4304980         0         0
05:26:35        80528     21936   8119752     99.73         0      3220   8414644     68.21   3650556   4304980         0         0
05:26:40        80528     21936   8119752     99.73         0      3220   8414644     68.21   3650556   4304980         0         0
05:26:45        80528     21936   8119752     99.73         0      3220   8414644     68.21   3650556   4304980         0         0
05:26:50        80528     21936   8119752     99.73         0      3220   8414644     68.21   3650556   4304980         0         0
05:26:55        80528     21936   8119752     99.73         0      3220   8414644     68.21   3650676   4304984         0         0
05:27:00        80528     21936   8119752     99.73         0      3220   8414644     68.21   3650676   4304984         0         0
05:27:05        80528     21936   8119752     99.73         0      3220   8414644     68.21   3650676   4304984         0         0
05:27:10        80528     21936   8119752     99.73         0      3220   8414644     68.21   3650676   4304984         0         0
05:27:15        80528     21936   8119752     99.73         0      3220   8414644     68.21   3650676   4304984         0         0
05:27:20        80528     21936   8119752     99.73         0      3220   8414644     68.21   3650676   4304984         0         0
05:27:25        50832     50832   8090856     99.38         0      2408   8414644     68.21   4181200   3808092         0         0
05:27:30        60812      2128   8139560     99.97         0      3032   8414644     68.21     96828   7876248         0         0
05:27:35        59300       712   8140976     99.99         0      3176   8414644     68.21     96956   7876368         0         0
05:27:40        61372      2784   8138904     99.97         0      3176   8414644     68.21     96956   7876368         0         0
05:27:45        62520      3932   8137756     99.95         0      3176   8414644     68.21     97076   7876372         0         0
05:27:50        63232      4644   8137044     99.94         0      3176   8414644     68.21     97076   7876480         0         0
05:27:55        62728      4140   8137548     99.95         0      3180   8414644     68.21     97076   7876480         0         0
05:28:00        46472     46472   8095216     99.43         0      3244   8414644     68.21   1043652   6949436         0         0
05:28:05        81612     22968   8118720     99.72         0      3100   8414644     68.21    980968   6974444         0         0
05:28:10        81444     22864   8118824     99.72         0      3328   8414644     68.21    980996   6974540         0         0
05:28:15        81444     22864   8118824     99.72         0      3328   8414644     68.21    980996   6974540         0         0
05:28:20        81444     22864   8118824     99.72         0      3332   8414644     68.21    980996   6974540         0         0
05:28:25        81444     22864   8118824     99.72         0      3332   8414644     68.21    980996   6974540         0         0
05:28:30        81444     22884   8118804     99.72         0      3332   8414644     68.21    981072   6974588         0         0
05:28:35        81444     22884   8118804     99.72         0      3332   8414644     68.21    981072   6974588         0         0
05:28:40        81444     22884   8118804     99.72         0      3332   8414644     68.21    981072   6974588         0         0
05:28:45        81444     22884   8118804     99.72         0      3332   8414644     68.21    981072   6974588         0         0
05:28:50        81444     22884   8118804     99.72         0      3332   8414644     68.21    981072   6974588         0         0
05:28:55        81444     22884   8118804     99.72         0      3332   8414644     68.21    981072   6974588         0         0
05:29:00        81444     22884   8118804     99.72         0      3332   8414644     68.21    981072   6974588         0         0
05:29:05        81444     22884   8118804     99.72         0      3332   8414644     68.21    981072   6974588         0         0
05:29:10        81444     22884   8118804     99.72         0      3332   8414644     68.21    981072   6974588         0         0
05:29:15        60012      1052   8140636     99.99         0      2532   8414644     68.21   1118672   6858020         0         0
05:29:20        60012      1052   8140636     99.99         0      2532   8414644     68.21   1118672   6858020         0         0
05:29:25        60012      1052   8140636     99.99         0      2532   8414644     68.21   1118672   6858020         0         0
05:29:30        60012      1052   8140636     99.99         0      2532   8414644     68.21   1118672   6858020         0         0
05:29:35        60012      1052   8140636     99.99         0      2532   8414644     68.21   1118672   6858020         0         0
05:29:40        60552      1592   8140096     99.98         0      2532   8414644     68.21   1118792   6858024         0         0
05:29:45        60552      1592   8140096     99.98         0      2532   8414644     68.21   1118792   6858024         0         0
05:29:50        60552      1592   8140096     99.98         0      2532   8414644     68.21   1118792   6858024         0         0
05:29:55        60552      1592   8140096     99.98         0      2532   8414644     68.21   1118792   6858024         0         0
05:30:00        60552      1592   8140096     99.98         0      2532   8414644     68.21   1118792   6858024         0         0
05:30:05        60552      1592   8140096     99.98         0      2532   8414644     68.21   1118792   6858024         0         0
05:30:10        60552      1592   8140096     99.98         0      2532   8414644     68.21   1118792   6858024         0         0
05:30:15        60552      1592   8140096     99.98         0      2532   8414644     68.21   1118792   6858024         0         0
05:30:20        60552      1592   8140096     99.98         0      2532   8414644     68.21   1118792   6858024         0         0
05:30:25        60300      1340   8140348     99.98         0      2532   8414644     68.21   1118308   6857580         0         0
05:30:30        61568      2608   8139080     99.97         0      2532   8414644     68.21   1118308   6856368         0         0
05:30:35        61568      2608   8139080     99.97         0      2532   8414644     68.21   1118308   6856368         0         0
05:30:40        61568      2608   8139080     99.97         0      2532   8414644     68.21   1118308   6856368         0         0
05:30:45        61568      2608   8139080     99.97         0      2532   8414644     68.21   1118308   6856368         0         0
05:30:50        61568      2608   8139080     99.97         0      2532   8414644     68.21   1118308   6856368         0         0
05:30:55        61824      2864   8138824     99.96         0      2536   8414644     68.21   1118308   6856368         0         0
05:31:00        61320      2360   8139328     99.97         0      2540   8414644     68.21   1118308   6856368         0         0
05:31:05        61068      2108   8139580     99.97         0      2548   8414644     68.21   1118428   6856372         0         0
05:31:10        61068      2108   8139580     99.97         0      2548   8414644     68.21   1118428   6856372         0         0
05:31:15        61068      2108   8139580     99.97         0      2548   8414644     68.21   1118428   6856372         0         0
05:31:20        61068      2108   8139580     99.97         0      2548   8414644     68.21   1118428   6856372         0         0
05:31:25        61068      2108   8139580     99.97         0      2548   8414644     68.21   1118428   6856372         0         0
05:31:30        61068      2108   8139580     99.97         0      2548   8414644     68.21   1118428   6856372         0         0
05:31:35        61068      2108   8139580     99.97         0      2552   8414644     68.21   1118428   6856372         0         0
05:31:40        61068      2108   8139580     99.97         0      2552   8414644     68.21   1118428   6856304         0         0
05:31:45        61068      2108   8139580     99.97         0      2552   8414644     68.21   1118548   6856352         0         0
05:31:50        63096      4136   8137552     99.95         0      2552   8414644     68.21   1078240   6893128         0         0
05:31:55        63096      4136   8137552     99.95         0      2552   8414644     68.21   1078240   6893128         0         0
05:32:00        63096      4136   8137552     99.95         0      2552   8414644     68.21   1078240   6893128         0         0
05:32:05        63096      4136   8137552     99.95         0      2552   8414644     68.21   1078240   6893128         0         0
05:32:10        63096      4136   8137552     99.95         0      2552   8414644     68.21   1078240   6893128         0         0
05:32:15        63096      4136   8137552     99.95         0      2552   8414644     68.21   1078240   6893128         0         0
05:32:20        63096      4136   8137552     99.95         0      2552   8414644     68.21   1078240   6893128         0         0
05:32:25        63096      4136   8137552     99.95         0      2552   8414644     68.21   1078240   6893128         0         0
05:32:30        63552      4592   8137096     99.94         0      2552   8414644     68.21   1078240   6893128         0         0
05:32:35        63608      4648   8137040     99.94         0      2552   8414644     68.21   1078360   6893132         0         0
05:32:40        64368      5408   8136280     99.93         0      2552   8414644     68.21   1075624   6894760         0         0
05:32:45        64368      5408   8136280     99.93         0      2552   8414644     68.21   1074376   6895540         0         0
05:32:50        64368      5408   8136280     99.93         0      2552   8414644     68.21   1074376   6895624         0         0
05:32:55        64368      5408   8136280     99.93         0      2552   8414644     68.21   1074200   6895548         0         0
05:33:00        64368      5408   8136280     99.93         0      2552   8414644     68.21   1074200   6895524         0         0
05:33:05        64368      5408   8136280     99.93         0      2552   8414644     68.21   1074200   6895620         0         0
05:33:10        64368      5408   8136280     99.93         0      2552   8414644     68.21   1073948   6895952         0         0
05:33:15        64368      5408   8136280     99.93         0      2552   8414644     68.21   1073948   6895952         0         0
05:33:20        64368      5408   8136280     99.93         0      2552   8414644     68.21   1074068   6895956         0         0
05:33:25        64368      5408   8136280     99.93         0      2552   8414644     68.21   1074068   6895956         0         0
05:33:30        56468     56468   8085220     99.31         0      3120   8414644     68.21   2337336   5641612         0         0
05:33:35        55580     55580   8086108     99.32         0      3280   8414644     68.21   2336292   5642052         0         0
05:33:40        55580     55580   8086108     99.32         0      3280   8414644     68.21   2336292   5642052         0         0
05:33:45        55580     55580   8086108     99.32         0      3280   8414644     68.21   2336292   5642052         0         0
05:33:50        55720     55720   8085968     99.32         0      3280   8414644     68.21   2336292   5642052         0         0
05:33:55        55940     55940   8085748     99.31         0      3280   8414644     68.21   2336292   5642052         0         0
05:34:00        56132     56132   8085556     99.31         0      3284   8414644     68.21   2336292   5642052         0         0
05:34:05        50972     50972   8090716     99.37         0       864   8414644     68.21   1605232   6378188         0         0
05:34:10        50636     50636   8091052     99.38         0      1448   8414644     68.21   1605716   6378696         0         0
05:34:15        50636     50636   8091052     99.38         0      1448   8414644     68.21   1605716   6378696         0         0
05:34:20        50636     50636   8091052     99.38         0      1448   8414644     68.21   1605716   6378696         0         0
05:34:25        51836     51836   8089852     99.36         0      1448   8414644     68.21   1605716   6378696         0         0
05:34:30        52564     52564   8089124     99.35         0      1448   8414644     68.21   1605716   6378696         0         0
05:34:35        52564     52564   8089124     99.35         0      1448   8414644     68.21   1605716   6378696         0         0
05:34:40        52564     52564   8089124     99.35         0      1448   8414644     68.21   1605824   6378712         0         0
05:34:45        52564     52564   8089124     99.35         0      1448   8414644     68.21   1605824   6378712         0         0
05:34:50        52564     52564   8089124     99.35         0      1456   8414644     68.21   1605824   6378712         0         0
05:34:55        52564     52564   8089124     99.35         0      1456   8414644     68.21   1605824   6378712         0         0
05:35:00        52564     52564   8089124     99.35         0      1456   8414644     68.21   1605824   6378712         0         0
05:35:05        52564     52564   8089124     99.35         0      1456   8414644     68.21   1605824   6378712         0         0
05:35:10        52564     52564   8089124     99.35         0      1456   8414644     68.21   1605824   6378712         0         0
05:35:15        45976     45976   8095712     99.44         0      3280   8414644     68.21   6486384   1507008         0         0
05:35:20        66328      7808   8133880     99.90         0      3352   8414644     68.21   6776260   1195568         0         0
05:35:25        66780      8260   8133428     99.90         0      3352   8414644     68.21   6776260   1195568         0         0
05:35:30        66812      8292   8133396     99.90         0      3352   8414644     68.21   6776260   1195568         0         0
05:35:35        66812      8292   8133396     99.90         0      3352   8414644     68.21   6776260   1195568         0         0
05:35:40        66812      8292   8133396     99.90         0      3352   8414644     68.21   6776260   1195568         0         0
05:35:45        66812      8292   8133396     99.90         0      3352   8414644     68.21   6776260   1195568         0         0
05:35:50        66812      8292   8133396     99.90         0      3352   8414644     68.21   6776380   1195572         0         0
05:35:55        66812      8292   8133396     99.90         0      3352   8414644     68.21   6776460   1195572         0         0
05:36:00        66812      8292   8133396     99.90         0      3352   8414644     68.21   6776460   1195572         0         0
05:36:05        66560      8040   8133648     99.90         0      3356   8414644     68.21   6776460   1195572         0         0
05:36:10        66560      8040   8133648     99.90         0      3356   8414644     68.21   6776460   1195572         0         0
05:36:15        66560      8040   8133648     99.90         0      3356   8414644     68.21   6776460   1195572         0         0
05:36:20        66560      8040   8133648     99.90         0      3356   8414644     68.21   6776460   1195572         0         0
05:36:25        66560      8040   8133648     99.90         0      3356   8414644     68.21   6776460   1195572         0         0
05:36:30        66308      7788   8133900     99.90         0      3356   8414644     68.21   6743048   1228584         0         0
05:36:35        66308      7788   8133900     99.90         0      3356   8414644     68.21   6743048   1228584         0         0
05:36:40        66308      7788   8133900     99.90         0      3356   8414644     68.21   6743048   1228584         0         0
05:36:45        66308      7788   8133900     99.90         0      3356   8414644     68.21   6743048   1228584         0         0
05:36:50        66308      7788   8133900     99.90         0      3356   8414644     68.21   6743048   1228584         0         0
05:36:55        66308      7788   8133900     99.90         0      3356   8414644     68.21   6743048   1228584         0         0
05:37:00        66564      8044   8133644     99.90         0      3356   8414644     68.21   6743048   1228584         0         0
05:37:05        66312      7792   8133896     99.90         0      3360   8414644     68.21   6743048   1228584         0         0
05:37:10        66312      7792   8133896     99.90         0      3360   8414644     68.21   6743048   1228584         0         0
05:37:15        66312      7792   8133896     99.90         0      3360   8414644     68.21   6743168   1228588         0         0
05:37:20        66312      7792   8133896     99.90         0      3360   8414644     68.21   6743168   1228588         0         0
05:37:25        66312      7792   8133896     99.90         0      3360   8414644     68.21   6743168   1228588         0         0
05:37:30        66312      7792   8133896     99.90         0      3360   8414644     68.21   6743168   1228588         0         0
05:37:35        66800      8280   8133408     99.90         0      3360   8414644     68.21   6705776   1265068         0         0
05:37:40        66820      8300   8133388     99.90         0      3360   8414644     68.21   6705588   1265076         0         0
05:37:45        67580      9060   8132628     99.89         0      3360   8414644     68.21   6703432   1266100         0         0
05:37:50        68084      9564   8132124     99.88         0      3360   8414644     68.21   6694992   1273424         0         0
05:37:55        68840     10320   8131368     99.87         0      3360   8414644     68.21   6688660   1278508         0         0
05:38:00        68840     10320   8131368     99.87         0      3360   8414644     68.21   6688780   1278512         0         0
05:38:05        68840     10320   8131368     99.87         0      3360   8414644     68.21   6688780   1278512         0         0
05:38:10        68840     10320   8131368     99.87         0      3364   8414644     68.21   6688780   1278512         0         0
05:38:15        68840     10320   8131368     99.87         0      3364   8414644     68.21   6688780   1278512         0         0
05:38:20        69344     10824   8130864     99.87         0      3364   8414644     68.21   6685960   1280688         0         0
05:38:25        69344     10824   8130864     99.87         0      3364   8414644     68.21   6685952   1280592         0         0
05:38:30        68840     10320   8131368     99.87         0      3372   8414644     68.21   6685952   1280552         0         0
05:38:35        68840     10320   8131368     99.87         0      3372   8414644     68.21   6685696   1280664         0         0
05:38:40        68840     10320   8131368     99.87         0      3376   8414644     68.21   6685696   1280664         0         0
05:38:45        68840     10320   8131368     99.87         0      3376   8414644     68.21   6685696   1280664         0         0
05:38:50        69352     10832   8130856     99.87         0      3376   8414644     68.21   6685768   1280720         0         0
05:38:55        69604     11084   8130604     99.86         0      3376   8414644     68.21   6683712   1282468         0         0
05:39:00        69604     11080   8130608     99.86         0      3368   8414644     68.21   6683632   1282608         0         0
05:39:05        69604     11080   8130608     99.86         0      3368   8414644     68.21   6682716   1283392         0         0

Average:       136018     81735   8059953     99.00         0      3581   8414648     68.21   3185219   4715946         0         8
