Linux 7.2.0-rc5-virtme (virtme-ng) 	08/02/26 	_x86_64_	(4 CPU)

23:28:12     %smem-10  %smem-60 %smem-300     %smem  %fmem-10  %fmem-60 %fmem-300     %fmem
23:28:17         0.00      0.00      0.00      0.00      0.00      0.00      0.00      0.00
23:28:22         0.00      0.00      0.00      0.00      0.00      0.00      0.00      0.00
23:28:27         0.00      0.00      0.00      0.00      0.00      0.00      0.00      0.00
23:28:32         0.00      0.00      0.00      0.00      0.00      0.00      0.00      0.00
23:28:37         0.00      0.00      0.00      0.00      0.00      0.00      0.00      0.00
23:28:42         0.00      0.00      0.00      0.00      0.00      0.00      0.00      0.00
23:28:47         0.00      0.00      0.00      0.00      0.00      0.00      0.00      0.00
23:28:52         0.00      0.00      0.00      0.00      0.00      0.00      0.00      0.00
23:28:57         0.00      0.00      0.00      0.00      0.00      0.00      0.00      0.00
23:29:02         0.00      0.00      0.00      0.00      0.00      0.00      0.00      0.00
23:29:07         0.00      0.00      0.00      0.00      0.00      0.00      0.00      0.00
23:29:12         0.00      0.00      0.00      0.00      0.00      0.00      0.00      0.00
23:29:17         0.00      0.00      0.00      0.00      0.00      0.00      0.00      0.00
23:29:22         0.00      0.00      0.00      0.00      0.00      0.00      0.00      0.00
23:29:27         0.00      0.00      0.00      0.00      0.00      0.00      0.00      0.00
23:29:32         0.00      0.00      0.00      0.00      0.00      0.00      0.00      0.00
23:29:37         0.00      0.00      0.00      0.00      0.00      0.00      0.00      0.00
23:29:42         0.00      0.00      0.00      0.00      0.00      0.00      0.00      0.00
23:29:47         0.00      0.00      0.00      0.00      0.00      0.00      0.00      0.00
23:29:52         0.00      0.00      0.00      0.00      0.00      0.00      0.00      0.00
23:29:57         0.00      0.00      0.00      0.00      0.00      0.00      0.00      0.00
23:30:02         0.00      0.00      0.00      0.00      0.00      0.00      0.00      0.00
23:30:07         0.00      0.00      0.00      0.00      0.00      0.00      0.00      0.00
23:30:12         0.00      0.00      0.00      0.00      0.00      0.00      0.00      0.00
23:30:17         0.00      0.00      0.00      0.00      0.00      0.00      0.00      0.00
23:30:22         0.00      0.00      0.00      0.00      0.00      0.00      0.00      0.00
23:30:27         0.00      0.00      0.00      0.00      0.00      0.00      0.00      0.00
23:30:32         0.00      0.00      0.00      0.00      0.00      0.00      0.00      0.00
23:30:37         0.00      0.00      0.00      0.00      0.00      0.00      0.00      0.00
23:30:42         0.00      0.00      0.00      0.00      0.00      0.00      0.00      0.00
23:30:47         0.00      0.00      0.00      0.00      0.00      0.00      0.00      0.00
23:30:52         0.00      0.00      0.00      0.00      0.00      0.00      0.00      0.00
23:30:57         0.00      0.00      0.00      0.00      0.00      0.00      0.00      0.00
23:31:02         0.00      0.00      0.00      0.00      0.00      0.00      0.00      0.00
23:31:07         0.00      0.00      0.00      0.00      0.00      0.00      0.00      0.00
23:31:12         0.00      0.00      0.00      0.00      0.00      0.00      0.00      0.00
23:31:17         0.00      0.00      0.00      0.00      0.00      0.00      0.00      0.00
23:31:22         0.00      0.00      0.00      0.00      0.00      0.00      0.00      0.00
23:31:27         0.00      0.00      0.00      0.00      0.00      0.00      0.00      0.00
23:31:32         0.00      0.00      0.00      0.00      0.00      0.00      0.00      0.00
23:31:37         0.00      0.00      0.00      0.00      0.00      0.00      0.00      0.00
23:31:42         0.00      0.00      0.00      0.00      0.00      0.00      0.00      0.00
23:31:47         0.00      0.00      0.00      0.00      0.00      0.00      0.00      0.00
23:31:52         0.00      0.00      0.00      0.00      0.00      0.00      0.00      0.00
23:31:57         0.00      0.00      0.00      0.00      0.00      0.00      0.00      0.00
23:32:02         0.00      0.00      0.00      0.00      0.00      0.00      0.00      0.00
23:32:07         0.00      0.00      0.00      0.00      0.00      0.00      0.00      0.00
23:32:12         0.00      0.00      0.00      0.00      0.00      0.00      0.00      0.00
23:32:17         0.00      0.00      0.00      0.00      0.00      0.00      0.00      0.00
23:32:22         0.00      0.00      0.00      0.00      0.00      0.00      0.00      0.00
23:32:27         0.00      0.00      0.00      0.00      0.00      0.00      0.00      0.00
23:32:32         0.00      0.00      0.00      0.00      0.00      0.00      0.00      0.00
23:32:37         0.00      0.00      0.00      0.00      0.00      0.00      0.00      0.00
23:32:42         0.00      0.00      0.00      0.00      0.00      0.00      0.00      0.00
23:32:47         0.00      0.00      0.00      0.00      0.00      0.00      0.00      0.00
23:32:52         0.00      0.00      0.00      0.00      0.00      0.00      0.00      0.00
23:32:57         0.00      0.00      0.00      0.00      0.00      0.00      0.00      0.00
23:33:02         0.00      0.00      0.00      0.00      0.00      0.00      0.00      0.00
23:33:07         0.00      0.00      0.00      0.00      0.00      0.00      0.00      0.00
23:33:12         0.00      0.00      0.00      0.00      0.00      0.00      0.00      0.00
23:33:17         0.00      0.00      0.00      0.00      0.00      0.00      0.00      0.00
23:33:22         0.00      0.00      0.00      0.00      0.00      0.00      0.00      0.00
23:33:27         0.00      0.00      0.00      0.00      0.00      0.00      0.00      0.00
23:33:32         0.00      0.00      0.00      0.00      0.00      0.00      0.00      0.00
23:33:37         0.00      0.00      0.00      0.00      0.00      0.00      0.00      0.00
23:33:42         0.00      0.00      0.00      0.00      0.00      0.00      0.00      0.00
23:33:47         0.00      0.00      0.00      0.00      0.00      0.00      0.00      0.00
23:33:52         0.00      0.00      0.00      0.00      0.00      0.00      0.00      0.00
23:33:57         0.00      0.00      0.00      0.00      0.00      0.00      0.00      0.00
23:34:02         0.00      0.00      0.00      0.00      0.00      0.00      0.00      0.00
23:34:07         0.00      0.00      0.00      0.00      0.00      0.00      0.00      0.00
23:34:12         0.00      0.00      0.00      0.00      0.00      0.00      0.00      0.00
23:34:17         0.00      0.00      0.00      0.00      0.00      0.00      0.00      0.00
23:34:22         0.00      0.00      0.00      0.00      0.00      0.00      0.00      0.00
23:34:27         0.00      0.00      0.00      0.00      0.00      0.00      0.00      0.00
23:34:32         0.00      0.00      0.00      0.00      0.00      0.00      0.00      0.00
23:34:37         0.00      0.00      0.00      0.00      0.00      0.00      0.00      0.00
23:34:42         0.00      0.00      0.00      0.00      0.00      0.00      0.00      0.00
23:34:47         0.00      0.00      0.00      0.00      0.00      0.00      0.00      0.00
23:34:52         0.00      0.00      0.00      0.00      0.00      0.00      0.00      0.00
23:34:57         0.00      0.00      0.00      0.00      0.00      0.00      0.00      0.00
23:35:02         0.00      0.00      0.00      0.00      0.00      0.00      0.00      0.00
23:35:07         0.00      0.00      0.00      0.00      0.00      0.00      0.00      0.00
23:35:12         0.00      0.00      0.00      0.00      0.00      0.00      0.00      0.00
23:35:17         0.00      0.00      0.00      0.00      0.00      0.00      0.00      0.00
23:35:22         0.00      0.00      0.00      0.00      0.00      0.00      0.00      0.00
23:35:27         0.00      0.00      0.00      0.00      0.00      0.00      0.00      0.00
23:35:32         0.00      0.00      0.00      0.00      0.00      0.00      0.00      0.00
23:35:37         0.00      0.00      0.00      0.00      0.00      0.00      0.00      0.00
23:35:42         0.00      0.00      0.00      0.00      0.00      0.00      0.00      0.00
23:35:47         0.00      0.00      0.00      0.00      0.00      0.00      0.00      0.00
23:35:52         0.00      0.00      0.00      0.00      0.00      0.00      0.00      0.00
23:35:57         0.00      0.00      0.00      0.00      0.00      0.00      0.00      0.00
23:36:02         0.00      0.00      0.00      0.00      0.00      0.00      0.00      0.00
23:36:07         0.00      0.00      0.00      0.00      0.00      0.00      0.00      0.00
23:36:12         0.00      0.00      0.00      0.00      0.00      0.00      0.00      0.00
23:36:17         0.00      0.00      0.00      0.00      0.00      0.00      0.00      0.00
23:36:22         0.00      0.00      0.00      0.00      0.00      0.00      0.00      0.00
23:36:27         0.00      0.00      0.00      0.00      0.00      0.00      0.00      0.00
23:36:32         0.00      0.00      0.00      0.00      0.00      0.00      0.00      0.00
23:36:37         0.00      0.00      0.00      0.00      0.00      0.00      0.00      0.00
23:36:42         0.00      0.00      0.00      0.00      0.00      0.00      0.00      0.00
23:36:47         0.00      0.00      0.00      0.00      0.00      0.00      0.00      0.00
23:36:52         0.00      0.00      0.00      0.00      0.00      0.00      0.00      0.00
23:36:57         0.00      0.00      0.00      0.00      0.00      0.00      0.00      0.00
23:37:02         0.00      0.00      0.00      0.00      0.00      0.00      0.00      0.00
23:37:07         0.00      0.00      0.00      0.00      0.00      0.00      0.00      0.00
23:37:12         0.00      0.00      0.00      0.00      0.00      0.00      0.00      0.00
23:37:17         0.00      0.00      0.00      0.00      0.00      0.00      0.00      0.00
23:37:22         0.00      0.00      0.00      0.00      0.00      0.00      0.00      0.00
23:37:27         0.00      0.00      0.00      0.00      0.00      0.00      0.00      0.00
23:37:32         0.00      0.00      0.00      0.00      0.00      0.00      0.00      0.00
23:37:37         0.00      0.00      0.00      0.00      0.00      0.00      0.00      0.00
23:37:42         0.00      0.00      0.00      0.00      0.00      0.00      0.00      0.00
23:37:47         0.00      0.00      0.00      0.00      0.00      0.00      0.00      0.00
23:37:52         0.00      0.00      0.00      0.00      0.00      0.00      0.00      0.00
23:37:57         0.00      0.00      0.00      0.00      0.00      0.00      0.00      0.00
23:38:02         0.00      0.00      0.00      0.00      0.00      0.00      0.00      0.00
23:38:07         0.00      0.00      0.00      0.00      0.00      0.00      0.00      0.00
23:38:12         0.00      0.00      0.00      0.00      0.00      0.00      0.00      0.00
23:38:17         0.00      0.00      0.00      0.00      0.00      0.00      0.00      0.00
23:38:22         0.00      0.00      0.00      0.00      0.00      0.00      0.00      0.00
23:38:27         0.00      0.00      0.00      0.00      0.00      0.00      0.00      0.00
23:38:32         0.00      0.00      0.00      0.00      0.00      0.00      0.00      0.00
23:38:37         0.00      0.00      0.00      0.00      0.00      0.00      0.00      0.00
23:38:42         0.00      0.00      0.00      0.00      0.00      0.00      0.00      0.00
23:38:47         0.00      0.00      0.00      0.00      0.00      0.00      0.00      0.00
23:38:52         0.00      0.00      0.00      0.00      0.00      0.00      0.00      0.00
23:38:57         0.00      0.00      0.00      0.00      0.00      0.00      0.00      0.00
23:39:02         0.00      0.00      0.00      0.00      0.00      0.00      0.00      0.00
23:39:07         0.00      0.00      0.00      0.00      0.00      0.00      0.00      0.00
23:39:12         0.00      0.00      0.00      0.00      0.00      0.00      0.00      0.00
23:39:17         0.00      0.00      0.00      0.00      0.00      0.00      0.00      0.00
23:39:22         0.00      0.00      0.00      0.00      0.00      0.00      0.00      0.00
23:39:27         0.00      0.00      0.00      0.00      0.00      0.00      0.00      0.00
23:39:32         0.00      0.00      0.00      0.00      0.00      0.00      0.00      0.00
23:39:37         0.00      0.00      0.00      0.00      0.00      0.00      0.00      0.00
23:39:42         0.00      0.00      0.00      0.00      0.00      0.00      0.00      0.00
23:39:47         0.00      0.00      0.00      0.00      0.00      0.00      0.00      0.00
23:39:52         0.00      0.00      0.00      0.00      0.00      0.00      0.00      0.00
23:39:57         0.00      0.00      0.00      0.00      0.00      0.00      0.00      0.00
23:40:02         0.00      0.00      0.00      0.00      0.00      0.00      0.00      0.00
23:40:07         0.00      0.00      0.00      0.00      0.00      0.00      0.00      0.00
23:40:12         0.00      0.00      0.00      0.00      0.00      0.00      0.00      0.00
23:40:17         0.00      0.00      0.00      0.00      0.00      0.00      0.00      0.00
23:40:22         0.00      0.00      0.00      0.00      0.00      0.00      0.00      0.00
23:40:27         0.00      0.00      0.00      0.00      0.00      0.00      0.00      0.00
23:40:32         0.00      0.00      0.00      0.00      0.00      0.00      0.00      0.00
23:40:37         0.00      0.00      0.00      0.00      0.00      0.00      0.00      0.00
23:40:42         0.00      0.00      0.00      0.00      0.00      0.00      0.00      0.00
23:40:47         0.00      0.00      0.00      0.00      0.00      0.00      0.00      0.00
23:40:52         0.00      0.00      0.00      0.00      0.00      0.00      0.00      0.00
23:40:57         0.00      0.00      0.00      0.00      0.00      0.00      0.00      0.00
23:41:02         0.00      0.00      0.00      0.00      0.00      0.00      0.00      0.00
23:41:07         0.00      0.00      0.00      0.00      0.00      0.00      0.00      0.00
23:41:12         0.00      0.00      0.00      0.00      0.00      0.00      0.00      0.00
23:41:17         0.00      0.00      0.00      0.00      0.00      0.00      0.00      0.00
23:41:22         0.00      0.00      0.00      0.00      0.00      0.00      0.00      0.00
23:41:27         0.00      0.00      0.00      0.00      0.00      0.00      0.00      0.00
23:41:32         0.00      0.00      0.00      0.00      0.00      0.00      0.00      0.00
23:41:37         0.00      0.00      0.00      0.00      0.00      0.00      0.00      0.00
23:41:42         0.00      0.00      0.00      0.00      0.00      0.00      0.00      0.00
23:41:47         0.00      0.00      0.00      0.00      0.00      0.00      0.00      0.00
23:41:52         0.00      0.00      0.00      0.00      0.00      0.00      0.00      0.00
23:41:57         0.00      0.00      0.00      0.00      0.00      0.00      0.00      0.00
23:42:02         0.00      0.00      0.00      0.00      0.00      0.00      0.00      0.00
23:42:07         0.00      0.00      0.00      0.00      0.00      0.00      0.00      0.00
23:42:12         0.00      0.00      0.00      0.00      0.00      0.00      0.00      0.00
23:42:17         0.00      0.00      0.00      0.00      0.00      0.00      0.00      0.00
23:42:22         0.00      0.00      0.00      0.00      0.00      0.00      0.00      0.00
23:42:27         0.00      0.00      0.00      0.00      0.00      0.00      0.00      0.00
23:42:32         0.00      0.00      0.00      0.00      0.00      0.00      0.00      0.00
23:42:37         0.00      0.00      0.00      0.00      0.00      0.00      0.00      0.00
23:42:42         0.00      0.00      0.00      0.00      0.00      0.00      0.00      0.00
23:42:47         0.00      0.00      0.00      0.00      0.00      0.00      0.00      0.00
23:42:52         0.00      0.00      0.00      0.00      0.00      0.00      0.00      0.00
23:42:57         0.00      0.00      0.00      0.00      0.00      0.00      0.00      0.00
23:43:02         0.00      0.00      0.00      0.00      0.00      0.00      0.00      0.00
23:43:07         0.00      0.00      0.00      0.00      0.00      0.00      0.00      0.00
23:43:12         0.00      0.00      0.00      0.00      0.00      0.00      0.00      0.00
23:43:17         0.00      0.00      0.00      0.00      0.00      0.00      0.00      0.00
23:43:22         0.00      0.00      0.00      0.00      0.00      0.00      0.00      0.00
23:43:27         0.00      0.00      0.00      0.00      0.00      0.00      0.00      0.00
23:43:32         0.00      0.00      0.00      0.00      0.00      0.00      0.00      0.00
23:43:37         0.00      0.00      0.00      0.00      0.00      0.00      0.00      0.00
23:43:42         0.00      0.00      0.00      0.00      0.00      0.00      0.00      0.00
23:43:47         0.00      0.00      0.00      0.00      0.00      0.00      0.00      0.00
23:43:52         0.00      0.00      0.00      0.00      0.00      0.00      0.00      0.00
23:43:57         0.00      0.00      0.00      0.00      0.00      0.00      0.00      0.00
23:44:02         0.00      0.00      0.00      0.00      0.00      0.00      0.00      0.00
23:44:07         0.00      0.00      0.00      0.00      0.00      0.00      0.00      0.00
23:44:12         0.00      0.00      0.00      0.00      0.00      0.00      0.00      0.00
23:44:17         0.00      0.00      0.00      0.00      0.00      0.00      0.00      0.00
23:44:22         0.00      0.00      0.00      0.00      0.00      0.00      0.00      0.00
23:44:27         0.00      0.00      0.00      0.00      0.00      0.00      0.00      0.00
23:44:32         0.00      0.00      0.00      0.00      0.00      0.00      0.00      0.00
23:44:37         0.00      0.00      0.00      0.00      0.00      0.00      0.00      0.00
23:44:42         0.00      0.00      0.00      0.00      0.00      0.00      0.00      0.00
23:44:47         0.00      0.00      0.00      0.00      0.00      0.00      0.00      0.00
23:44:52         0.00      0.00      0.00      0.00      0.00      0.00      0.00      0.00
23:44:57         0.00      0.00      0.00      0.00      0.00      0.00      0.00      0.00
23:45:02         0.00      0.00      0.00      0.00      0.00      0.00      0.00      0.00
23:45:07         0.00      0.00      0.00      0.00      0.00      0.00      0.00      0.00
23:45:12         0.00      0.00      0.00      0.00      0.00      0.00      0.00      0.00
23:45:17         0.00      0.00      0.00      0.00      0.00      0.00      0.00      0.00
23:45:22         0.00      0.00      0.00      0.00      0.00      0.00      0.00      0.00
23:45:27         0.00      0.00      0.00      0.00      0.00      0.00      0.00      0.00
23:45:32         0.00      0.00      0.00      0.00      0.00      0.00      0.00      0.00
23:45:37         0.00      0.00      0.00      0.00      0.00      0.00      0.00      0.00
23:45:42         0.00      0.00      0.00      0.00      0.00      0.00      0.00      0.00
23:45:47         0.00      0.00      0.00      0.00      0.00      0.00      0.00      0.00
23:45:52         0.00      0.00      0.00      0.00      0.00      0.00      0.00      0.00
23:45:57         0.00      0.00      0.00      0.00      0.00      0.00      0.00      0.00
23:46:02         0.00      0.00      0.00      0.00      0.00      0.00      0.00      0.00
23:46:07         0.00      0.00      0.00      0.00      0.00      0.00      0.00      0.00
23:46:12         0.00      0.00      0.00      0.00      0.00      0.00      0.00      0.00
23:46:17         0.00      0.00      0.00      0.00      0.00      0.00      0.00      0.00
23:46:22         0.00      0.00      0.00      0.00      0.00      0.00      0.00      0.00
23:46:27         0.00      0.00      0.00      0.00      0.00      0.00      0.00      0.00
23:46:32         0.00      0.00      0.00      0.00      0.00      0.00      0.00      0.00
23:46:37         0.00      0.00      0.00      0.00      0.00      0.00      0.00      0.00
23:46:42         0.00      0.00      0.00      0.00      0.00      0.00      0.00      0.00
23:46:47         0.00      0.00      0.00      0.00      0.00      0.00      0.00      0.00
23:46:52         0.00      0.00      0.00      0.00      0.00      0.00      0.00      0.00
23:46:57         0.00      0.00      0.00      0.00      0.00      0.00      0.00      0.00
23:47:02         0.00      0.00      0.00      0.00      0.00      0.00      0.00      0.00
23:47:07         0.00      0.00      0.00      0.00      0.00      0.00      0.00      0.00
23:47:12         0.00      0.00      0.00      0.00      0.00      0.00      0.00      0.00
23:47:17         0.00      0.00      0.00      0.00      0.00      0.00      0.00      0.00
23:47:22         0.00      0.00      0.00      0.00      0.00      0.00      0.00      0.00
23:47:27         0.00      0.00      0.00      0.00      0.00      0.00      0.00      0.00
23:47:32         0.00      0.00      0.00      0.00      0.00      0.00      0.00      0.00
23:47:37         0.00      0.00      0.00      0.00      0.00      0.00      0.00      0.00
23:47:42         0.00      0.00      0.00      0.00      0.00      0.00      0.00      0.00
23:47:47         0.00      0.00      0.00      0.00      0.00      0.00      0.00      0.00
23:47:52         0.00      0.00      0.00      0.00      0.00      0.00      0.00      0.00
23:47:57         0.00      0.00      0.00      0.00      0.00      0.00      0.00      0.00
23:48:02         0.00      0.00      0.00      0.00      0.00      0.00      0.00      0.00
23:48:07         0.00      0.00      0.00      0.00      0.00      0.00      0.00      0.00
23:48:12         0.00      0.00      0.00      0.00      0.00      0.00      0.00      0.00
23:48:17         0.00      0.00      0.00      0.00      0.00      0.00      0.00      0.00
23:48:22         0.00      0.00      0.00      0.00      0.00      0.00      0.00      0.00
23:48:27         0.00      0.00      0.00      0.00      0.00      0.00      0.00      0.00
23:48:32         0.00      0.00      0.00      0.00      0.00      0.00      0.00      0.00
23:48:37         0.00      0.00      0.00      0.00      0.00      0.00      0.00      0.00
23:48:42         0.00      0.00      0.00      0.00      0.00      0.00      0.00      0.00
23:48:47         0.00      0.00      0.00      0.00      0.00      0.00      0.00      0.00
23:48:52         0.00      0.00      0.00      0.00      0.00      0.00      0.00      0.00
23:48:57         0.00      0.00      0.00      0.00      0.00      0.00      0.00      0.00
23:49:02         0.00      0.00      0.00      0.00      0.00      0.00      0.00      0.00
23:49:07         0.00      0.00      0.00      0.00      0.00      0.00      0.00      0.00
23:49:12         0.00      0.00      0.00      0.00      0.00      0.00      0.00      0.00
23:49:17         0.00      0.00      0.00      0.00      0.00      0.00      0.00      0.00
23:49:22         0.00      0.00      0.00      0.00      0.00      0.00      0.00      0.00
23:49:27         0.00      0.00      0.00      0.00      0.00      0.00      0.00      0.00
23:49:32         0.00      0.00      0.00      0.00      0.00      0.00      0.00      0.00
23:49:37         0.00      0.00      0.00      0.00      0.00      0.00      0.00      0.00
23:49:42         0.00      0.00      0.00      0.00      0.00      0.00      0.00      0.00
23:49:47         0.00      0.00      0.00      0.00      0.00      0.00      0.00      0.00
23:49:52         0.00      0.00      0.00      0.00      0.00      0.00      0.00      0.00
23:49:57         0.00      0.00      0.00      0.00      0.00      0.00      0.00      0.00
23:50:02         0.00      0.00      0.00      0.00      0.00      0.00      0.00      0.00
23:50:07         0.00      0.00      0.00      0.00      0.00      0.00      0.00      0.00
23:50:12         0.00      0.00      0.00      0.00      0.00      0.00      0.00      0.00
23:50:17         0.00      0.00      0.00      0.00      0.00      0.00      0.00      0.00
23:50:22         0.00      0.00      0.00      0.00      0.00      0.00      0.00      0.00
23:50:27         0.00      0.00      0.00      0.00      0.00      0.00      0.00      0.00
23:50:32         0.00      0.00      0.00      0.00      0.00      0.00      0.00      0.00
23:50:37         0.00      0.00      0.00      0.00      0.00      0.00      0.00      0.00
23:50:42         0.00      0.00      0.00      0.00      0.00      0.00      0.00      0.00
23:50:47         0.00      0.00      0.00      0.00      0.00      0.00      0.00      0.00
23:50:52         0.00      0.00      0.00      0.00      0.00      0.00      0.00      0.00
23:50:57         0.00      0.00      0.00      0.00      0.00      0.00      0.00      0.00
23:51:02         0.00      0.00      0.00      0.00      0.00      0.00      0.00      0.00
23:51:07         0.00      0.00      0.00      0.00      0.00      0.00      0.00      0.00
23:51:12         0.00      0.00      0.00      0.00      0.00      0.00      0.00      0.00
23:51:17         0.00      0.00      0.00      0.00      0.00      0.00      0.00      0.00
23:51:22         0.00      0.00      0.00      0.00      0.00      0.00      0.00      0.00
23:51:27         0.00      0.00      0.00      0.00      0.00      0.00      0.00      0.00
23:51:32         0.00      0.00      0.00      0.00      0.00      0.00      0.00      0.00
23:51:37         0.00      0.00      0.00      0.00      0.00      0.00      0.00      0.00
23:51:42         0.00      0.00      0.00      0.00      0.00      0.00      0.00      0.00
23:51:47         0.00      0.00      0.00      0.00      0.00      0.00      0.00      0.00
23:51:52         0.00      0.00      0.00      0.00      0.00      0.00      0.00      0.00
23:51:57         0.00      0.00      0.00      0.00      0.00      0.00      0.00      0.00
23:52:02         0.00      0.00      0.00      0.00      0.00      0.00      0.00      0.00
23:52:07         0.00      0.00      0.00      0.00      0.00      0.00      0.00      0.00
23:52:12         0.00      0.00      0.00      0.00      0.00      0.00      0.00      0.00
23:52:17         0.00      0.00      0.00      0.00      0.00      0.00      0.00      0.00
23:52:22         0.00      0.00      0.00      0.00      0.00      0.00      0.00      0.00
23:52:27         0.00      0.00      0.00      0.00      0.00      0.00      0.00      0.00
23:52:32         0.00      0.00      0.00      0.00      0.00      0.00      0.00      0.00
23:52:37         0.00      0.00      0.00      0.00      0.00      0.00      0.00      0.00
23:52:42         0.00      0.00      0.00      0.00      0.00      0.00      0.00      0.00
23:52:47         0.00      0.00      0.00      0.00      0.00      0.00      0.00      0.00
23:52:52         0.00      0.00      0.00      0.00      0.00      0.00      0.00      0.00
23:52:57         0.00      0.00      0.00      0.00      0.00      0.00      0.00      0.00
23:53:02         0.00      0.00      0.00      0.00      0.00      0.00      0.00      0.00
23:53:07         0.00      0.00      0.00      0.00      0.00      0.00      0.00      0.00
23:53:12         0.00      0.00      0.00      0.00      0.00      0.00      0.00      0.00
23:53:17         0.00      0.00      0.00      0.00      0.00      0.00      0.00      0.00
23:53:22         0.00      0.00      0.00      0.00      0.00      0.00      0.00      0.00
23:53:27         0.00      0.00      0.00      0.00      0.00      0.00      0.00      0.00
23:53:32         0.00      0.00      0.00      0.00      0.00      0.00      0.00      0.00
23:53:37         0.00      0.00      0.00      0.00      0.00      0.00      0.00      0.00
23:53:42         0.00      0.00      0.00      0.00      0.00      0.00      0.00      0.00
23:53:47         0.00      0.00      0.00      0.00      0.00      0.00      0.00      0.00
23:53:52         0.00      0.00      0.00      0.00      0.00      0.00      0.00      0.00
23:53:57         0.00      0.00      0.00      0.00      0.00      0.00      0.00      0.00
23:54:02         0.00      0.00      0.00      0.00      0.00      0.00      0.00      0.00
23:54:07         0.00      0.00      0.00      0.00      0.00      0.00      0.00      0.00
23:54:12         0.00      0.00      0.00      0.00      0.00      0.00      0.00      0.00
23:54:17         0.00      0.00      0.00      0.00      0.00      0.00      0.00      0.00
23:54:22         0.00      0.00      0.00      0.00      0.00      0.00      0.00      0.00
23:54:27         0.00      0.00      0.00      0.00      0.00      0.00      0.00      0.00
23:54:32         0.00      0.00      0.00      0.00      0.00      0.00      0.00      0.00
23:54:37         0.00      0.00      0.00      0.00      0.00      0.00      0.00      0.00
23:54:42         0.00      0.00      0.00      0.00      0.00      0.00      0.00      0.00
23:54:47         0.00      0.00      0.00      0.00      0.00      0.00      0.00      0.00
23:54:52         0.00      0.00      0.00      0.00      0.00      0.00      0.00      0.00
23:54:57         0.00      0.00      0.00      0.00      0.00      0.00      0.00      0.00
23:55:02         0.00      0.00      0.00      0.00      0.00      0.00      0.00      0.00
23:55:07         0.00      0.00      0.00      0.00      0.00      0.00      0.00      0.00
23:55:12         0.00      0.00      0.00      0.00      0.00      0.00      0.00      0.00
23:55:17         0.00      0.00      0.00      0.00      0.00      0.00      0.00      0.00
23:55:22         0.00      0.00      0.00      0.00      0.00      0.00      0.00      0.00
23:55:27         0.00      0.00      0.00      0.00      0.00      0.00      0.00      0.00
23:55:32         0.00      0.00      0.00      0.00      0.00      0.00      0.00      0.00
23:55:37         0.00      0.00      0.00      0.00      0.00      0.00      0.00      0.00
23:55:42         0.00      0.00      0.00      0.00      0.00      0.00      0.00      0.00
23:55:47         0.00      0.00      0.00      0.00      0.00      0.00      0.00      0.00
23:55:52         0.00      0.00      0.00      0.00      0.00      0.00      0.00      0.00
23:55:57         0.00      0.00      0.00      0.00      0.00      0.00      0.00      0.00
23:56:02         0.00      0.00      0.00      0.00      0.00      0.00      0.00      0.00
23:56:07         0.00      0.00      0.00      0.00      0.00      0.00      0.00      0.00
23:56:12         0.00      0.00      0.00      0.00      0.00      0.00      0.00      0.00
23:56:17         0.00      0.00      0.00      0.00      0.00      0.00      0.00      0.00
23:56:22         0.00      0.00      0.00      0.00      0.00      0.00      0.00      0.00
23:56:27         0.00      0.00      0.00      0.00      0.00      0.00      0.00      0.00
23:56:32         0.00      0.00      0.00      0.00      0.00      0.00      0.00      0.00
23:56:37         0.00      0.00      0.00      0.00      0.00      0.00      0.00      0.00
23:56:42         0.00      0.00      0.00      0.00      0.00      0.00      0.00      0.00
23:56:47         0.00      0.00      0.00      0.00      0.00      0.00      0.00      0.00
23:56:52         0.00      0.00      0.00      0.00      0.00      0.00      0.00      0.00
23:56:57         0.00      0.00      0.00      0.00      0.00      0.00      0.00      0.00
23:57:02         0.00      0.00      0.00      0.00      0.00      0.00      0.00      0.00
23:57:07         0.00      0.00      0.00      0.00      0.00      0.00      0.00      0.00
23:57:12         0.00      0.00      0.00      0.00      0.00      0.00      0.00      0.00
23:57:17         0.00      0.00      0.00      0.00      0.00      0.00      0.00      0.00
23:57:22         0.00      0.00      0.00      0.00      0.00      0.00      0.00      0.00
23:57:27         0.00      0.00      0.00      0.00      0.00      0.00      0.00      0.00
23:57:32         0.00      0.00      0.00      0.00      0.00      0.00      0.00      0.00
23:57:37         0.00      0.00      0.00      0.00      0.00      0.00      0.00      0.00
23:57:42         0.00      0.00      0.00      0.00      0.00      0.00      0.00      0.00
23:57:47         0.00      0.00      0.00      0.00      0.00      0.00      0.00      0.00
23:57:52         0.00      0.00      0.00      0.00      0.00      0.00      0.00      0.00
23:57:57         0.00      0.00      0.00      0.00      0.00      0.00      0.00      0.00
23:58:02         0.00      0.00      0.00      0.00      0.00      0.00      0.00      0.00
23:58:07         0.00      0.00      0.00      0.00      0.00      0.00      0.00      0.00
23:58:12         0.00      0.00      0.00      0.00      0.00      0.00      0.00      0.00
23:58:17         0.00      0.00      0.00      0.00      0.00      0.00      0.00      0.00
23:58:22         0.00      0.00      0.00      0.00      0.00      0.00      0.00      0.00
23:58:27         0.00      0.00      0.00      0.00      0.00      0.00      0.00      0.00
23:58:32         0.00      0.00      0.00      0.00      0.00      0.00      0.00      0.00
23:58:37         0.00      0.00      0.00      0.00      0.00      0.00      0.00      0.00
23:58:42         0.00      0.00      0.00      0.00      0.00      0.00      0.00      0.00
23:58:47         0.00      0.00      0.00      0.00      0.00      0.00      0.00      0.00
23:58:52         0.00      0.00      0.00      0.00      0.00      0.00      0.00      0.00
23:58:57         0.00      0.00      0.00      0.00      0.00      0.00      0.00      0.00
23:59:02         0.00      0.00      0.00      0.00      0.00      0.00      0.00      0.00
23:59:07         0.00      0.00      0.00      0.00      0.00      0.00      0.00      0.00
23:59:12         0.00      0.00      0.00      0.00      0.00      0.00      0.00      0.00
23:59:17         0.00      0.00      0.00      0.00      0.00      0.00      0.00      0.00
23:59:22         0.00      0.00      0.00      0.00      0.00      0.00      0.00      0.00
23:59:27         0.00      0.00      0.00      0.00      0.00      0.00      0.00      0.00
23:59:32         0.00      0.00      0.00      0.00      0.00      0.00      0.00      0.00
23:59:37         0.00      0.00      0.00      0.00      0.00      0.00      0.00      0.00
23:59:42         0.00      0.00      0.00      0.00      0.00      0.00      0.00      0.00
23:59:47         0.00      0.00      0.00      0.00      0.00      0.00      0.00      0.00
23:59:52         0.00      0.00      0.00      0.00      0.00      0.00      0.00      0.00
23:59:57         0.00      0.00      0.00      0.00      0.00      0.00      0.00      0.00
00:00:02         0.00      0.00      0.00      0.00      0.00      0.00      0.00      0.00
00:00:07         0.00      0.00      0.00      0.00      0.00      0.00      0.00      0.00
00:00:12         0.00      0.00      0.00      0.00      0.00      0.00      0.00      0.00
00:00:17         0.00      0.00      0.00      0.00      0.00      0.00      0.00      0.00
00:00:22         0.00      0.00      0.00      0.00      0.00      0.00      0.00      0.00
00:00:27         0.00      0.00      0.00      0.00      0.00      0.00      0.00      0.00
00:00:32         0.00      0.00      0.00      0.00      0.00      0.00      0.00      0.00
00:00:37         0.00      0.00      0.00      0.00      0.00      0.00      0.00      0.00
00:00:42         0.00      0.00      0.00      0.00      0.00      0.00      0.00      0.00
00:00:47         0.00      0.00      0.00      0.00      0.00      0.00      0.00      0.00
00:00:52         0.00      0.00      0.00      0.00      0.00      0.00      0.00      0.00
00:00:57         0.00      0.00      0.00      0.00      0.00      0.00      0.00      0.00
00:01:02         0.00      0.00      0.00      0.00      0.00      0.00      0.00      0.00
00:01:07         0.00      0.00      0.00      0.00      0.00      0.00      0.00      0.00
00:01:12         0.00      0.00      0.00      0.00      0.00      0.00      0.00      0.00
00:01:17         0.00      0.00      0.00      0.00      0.00      0.00      0.00      0.00
00:01:22         0.00      0.00      0.00      0.00      0.00      0.00      0.00      0.00
00:01:27         0.00      0.00      0.00      0.00      0.00      0.00      0.00      0.00
00:01:32         0.00      0.00      0.00      0.00      0.00      0.00      0.00      0.00
00:01:37         0.00      0.00      0.00      0.00      0.00      0.00      0.00      0.00
00:01:42         0.00      0.00      0.00      0.00      0.00      0.00      0.00      0.00
00:01:47         0.00      0.00      0.00      0.00      0.00      0.00      0.00      0.00
00:01:52         0.00      0.00      0.00      0.00      0.00      0.00      0.00      0.00
00:01:57         0.00      0.00      0.00      0.00      0.00      0.00      0.00      0.00
00:02:02         0.00      0.00      0.00      0.00      0.00      0.00      0.00      0.00
00:02:07         0.00      0.00      0.00      0.00      0.00      0.00      0.00      0.00
00:02:12         0.00      0.00      0.00      0.00      0.00      0.00      0.00      0.00
00:02:17         0.00      0.00      0.00      0.00      0.00      0.00      0.00      0.00
00:02:22         0.00      0.00      0.00      0.00      0.00      0.00      0.00      0.00
00:02:27         0.00      0.00      0.00      0.00      0.00      0.00      0.00      0.00
00:02:32         0.00      0.00      0.00      0.00      0.00      0.00      0.00      0.00
00:02:37         0.00      0.00      0.00      0.00      0.00      0.00      0.00      0.00
00:02:42         0.00      0.00      0.00      0.00      0.00      0.00      0.00      0.00
00:02:47         0.00      0.00      0.00      0.00      0.00      0.00      0.00      0.00
00:02:52         0.00      0.00      0.00      0.00      0.00      0.00      0.00      0.00
00:02:57         0.00      0.00      0.00      0.00      0.00      0.00      0.00      0.00
00:03:02         0.00      0.00      0.00      0.00      0.00      0.00      0.00      0.00
00:03:07         0.00      0.00      0.00      0.00      0.00      0.00      0.00      0.00
00:03:12         0.00      0.00      0.00      0.00      0.00      0.00      0.00      0.00
00:03:17         0.00      0.00      0.00      0.00      0.00      0.00      0.00      0.00
00:03:22         0.00      0.00      0.00      0.00      0.00      0.00      0.00      0.00
00:03:27         0.00      0.00      0.00      0.00      0.00      0.00      0.00      0.00
00:03:32         0.00      0.00      0.00      0.00      0.00      0.00      0.00      0.00
00:03:37         0.00      0.00      0.00      0.00      0.00      0.00      0.00      0.00
00:03:42         0.00      0.00      0.00      0.00      0.00      0.00      0.00      0.00
00:03:47         0.00      0.00      0.00      0.00      0.00      0.00      0.00      0.00
00:03:52         0.00      0.00      0.00      0.00      0.00      0.00      0.00      0.00
00:03:57         0.00      0.00      0.00      0.00      0.00      0.00      0.00      0.00
00:04:02         0.00      0.00      0.00      0.00      0.00      0.00      0.00      0.00
00:04:07         0.00      0.00      0.00      0.00      0.00      0.00      0.00      0.00
00:04:12         0.00      0.00      0.00      0.00      0.00      0.00      0.00      0.00
00:04:17         0.00      0.00      0.00      0.00      0.00      0.00      0.00      0.00
00:04:22         0.00      0.00      0.00      0.00      0.00      0.00      0.00      0.00
00:04:27         0.00      0.00      0.00      0.00      0.00      0.00      0.00      0.00
00:04:32         0.00      0.00      0.00      0.00      0.00      0.00      0.00      0.00
00:04:37         0.00      0.00      0.00      0.00      0.00      0.00      0.00      0.00
00:04:42         0.00      0.00      0.00      0.00      0.00      0.00      0.00      0.00
00:04:47         0.00      0.00      0.00      0.00      0.00      0.00      0.00      0.00
00:04:52         0.00      0.00      0.00      0.00      0.00      0.00      0.00      0.00
00:04:57         0.00      0.00      0.00      0.00      0.00      0.00      0.00      0.00
00:05:02         0.00      0.00      0.00      0.00      0.00      0.00      0.00      0.00
00:05:07         0.00      0.00      0.00      0.00      0.00      0.00      0.00      0.00
00:05:12         0.00      0.00      0.00      0.00      0.00      0.00      0.00      0.00
00:05:17         0.00      0.00      0.00      0.00      0.00      0.00      0.00      0.00
00:05:22         0.00      0.00      0.00      0.00      0.00      0.00      0.00      0.00
00:05:27         0.00      0.00      0.00      0.00      0.00      0.00      0.00      0.00
00:05:32         0.00      0.00      0.00      0.00      0.00      0.00      0.00      0.00
00:05:37         0.00      0.00      0.00      0.00      0.00      0.00      0.00      0.00
00:05:42         0.00      0.00      0.00      0.00      0.00      0.00      0.00      0.00
00:05:47         0.00      0.00      0.00      0.00      0.00      0.00      0.00      0.00
00:05:52         0.00      0.00      0.00      0.00      0.00      0.00      0.00      0.00
00:05:57         0.00      0.00      0.00      0.00      0.00      0.00      0.00      0.00
00:06:02         0.00      0.00      0.00      0.00      0.00      0.00      0.00      0.00
00:06:07         0.00      0.00      0.00      0.00      0.00      0.00      0.00      0.00
00:06:12         0.00      0.00      0.00      0.00      0.00      0.00      0.00      0.00
00:06:17         0.00      0.00      0.00      0.00      0.00      0.00      0.00      0.00
00:06:22         0.00      0.00      0.00      0.00      0.00      0.00      0.00      0.00
00:06:27         0.00      0.00      0.00      0.00      0.00      0.00      0.00      0.00
00:06:32         0.00      0.00      0.00      0.00      0.00      0.00      0.00      0.00
00:06:37         0.00      0.00      0.00      0.00      0.00      0.00      0.00      0.00
00:06:42         0.00      0.00      0.00      0.00      0.00      0.00      0.00      0.00
00:06:47         0.00      0.00      0.00      0.00      0.00      0.00      0.00      0.00
00:06:52         0.00      0.00      0.00      0.00      0.00      0.00      0.00      0.00
00:06:57         0.00      0.00      0.00      0.00      0.00      0.00      0.00      0.00
00:07:02         0.00      0.00      0.00      0.00      0.00      0.00      0.00      0.00
00:07:07         0.00      0.00      0.00      0.00      0.00      0.00      0.00      0.00
00:07:12         0.00      0.00      0.00      0.00      0.00      0.00      0.00      0.00
00:07:17         0.00      0.00      0.00      0.00      0.00      0.00      0.00      0.00
00:07:22         0.00      0.00      0.00      0.00      0.00      0.00      0.00      0.00
00:07:27         0.00      0.00      0.00      0.00      0.00      0.00      0.00      0.00
00:07:32         0.00      0.00      0.00      0.00      0.00      0.00      0.00      0.00
00:07:37         0.00      0.00      0.00      0.00      0.00      0.00      0.00      0.00
00:07:42         0.00      0.00      0.00      0.00      0.00      0.00      0.00      0.00
00:07:47         0.00      0.00      0.00      0.00      0.00      0.00      0.00      0.00
00:07:52         0.00      0.00      0.00      0.00      0.00      0.00      0.00      0.00
00:07:57         0.00      0.00      0.00      0.00      0.00      0.00      0.00      0.00
00:08:02         0.00      0.00      0.00      0.00      0.00      0.00      0.00      0.00
00:08:07         0.00      0.00      0.00      0.00      0.00      0.00      0.00      0.00
00:08:12         0.00      0.00      0.00      0.00      0.00      0.00      0.00      0.00
00:08:17         0.00      0.00      0.00      0.00      0.00      0.00      0.00      0.00
00:08:22         0.00      0.00      0.00      0.00      0.00      0.00      0.00      0.00
00:08:27         0.00      0.00      0.00      0.00      0.00      0.00      0.00      0.00
00:08:32         0.00      0.00      0.00      0.00      0.00      0.00      0.00      0.00
00:08:37         0.00      0.00      0.00      0.00      0.00      0.00      0.00      0.00
00:08:42         0.00      0.00      0.00      0.00      0.00      0.00      0.00      0.00
00:08:47         0.00      0.00      0.00      0.00      0.00      0.00      0.00      0.00
00:08:52         0.00      0.00      0.00      0.00      0.00      0.00      0.00      0.00
00:08:57         0.00      0.00      0.00      0.00      0.00      0.00      0.00      0.00
00:09:02         0.00      0.00      0.00      0.00      0.00      0.00      0.00      0.00
00:09:07         0.00      0.00      0.00      0.00      0.00      0.00      0.00      0.00
00:09:12         0.00      0.00      0.00      0.00      0.00      0.00      0.00      0.00
00:09:17         0.00      0.00      0.00      0.00      0.00      0.00      0.00      0.00
00:09:22         0.00      0.00      0.00      0.00      0.00      0.00      0.00      0.00
00:09:27         0.00      0.00      0.00      0.00      0.00      0.00      0.00      0.00
00:09:32         0.00      0.00      0.00      0.00      0.00      0.00      0.00      0.00
00:09:37         0.00      0.00      0.00      0.00      0.00      0.00      0.00      0.00
00:09:42         0.00      0.00      0.00      0.00      0.00      0.00      0.00      0.00
00:09:47         0.00      0.00      0.00      0.00      0.00      0.00      0.00      0.00
00:09:52         0.00      0.00      0.00      0.00      0.00      0.00      0.00      0.00
00:09:57         0.00      0.00      0.00      0.00      0.00      0.00      0.00      0.00
00:10:02         0.00      0.00      0.00      0.00      0.00      0.00      0.00      0.00
00:10:07         0.00      0.00      0.00      0.00      0.00      0.00      0.00      0.00
00:10:12         0.00      0.00      0.00      0.00      0.00      0.00      0.00      0.00
00:10:17         0.00      0.00      0.00      0.00      0.00      0.00      0.00      0.00
00:10:22         0.00      0.00      0.00      0.00      0.00      0.00      0.00      0.00
00:10:27         0.00      0.00      0.00      0.00      0.00      0.00      0.00      0.00
00:10:32         0.00      0.00      0.00      0.00      0.00      0.00      0.00      0.00
00:10:37         0.00      0.00      0.00      0.00      0.00      0.00      0.00      0.00
00:10:42         0.00      0.00      0.00      0.00      0.00      0.00      0.00      0.00
00:10:47         0.00      0.00      0.00      0.00      0.00      0.00      0.00      0.00
00:10:52         0.00      0.00      0.00      0.00      0.00      0.00      0.00      0.00
00:10:57         0.00      0.00      0.00      0.00      0.00      0.00      0.00      0.00
00:11:02         0.00      0.00      0.00      0.00      0.00      0.00      0.00      0.00
00:11:07         0.00      0.00      0.00      0.00      0.00      0.00      0.00      0.00
00:11:12         0.00      0.00      0.00      0.00      0.00      0.00      0.00      0.00
00:11:17         0.00      0.00      0.00      0.00      0.00      0.00      0.00      0.00
00:11:22         0.00      0.00      0.00      0.00      0.00      0.00      0.00      0.00
00:11:27         0.00      0.00      0.00      0.00      0.00      0.00      0.00      0.00
00:11:32         0.00      0.00      0.00      0.00      0.00      0.00      0.00      0.00
00:11:37         0.00      0.00      0.00      0.00      0.00      0.00      0.00      0.00
00:11:42         0.00      0.00      0.00      0.00      0.00      0.00      0.00      0.00
00:11:47         0.00      0.00      0.00      0.00      0.00      0.00      0.00      0.00
00:11:52         0.00      0.00      0.00      0.00      0.00      0.00      0.00      0.00
00:11:57         0.00      0.00      0.00      0.00      0.00      0.00      0.00      0.00
00:12:02         0.00      0.00      0.00      0.00      0.00      0.00      0.00      0.00
00:12:07         0.00      0.00      0.00      0.00      0.00      0.00      0.00      0.00
00:12:12         0.00      0.00      0.00      0.00      0.00      0.00      0.00      0.00
00:12:17         0.00      0.00      0.00      0.00      0.00      0.00      0.00      0.00
00:12:22         0.00      0.00      0.00      0.00      0.00      0.00      0.00      0.00
00:12:27         0.00      0.00      0.00      0.00      0.00      0.00      0.00      0.00
00:12:32         0.00      0.00      0.00      0.00      0.00      0.00      0.00      0.00
00:12:37         0.00      0.00      0.00      0.00      0.00      0.00      0.00      0.00
00:12:42         0.00      0.00      0.00      0.00      0.00      0.00      0.00      0.00
00:12:47         0.00      0.00      0.00      0.00      0.00      0.00      0.00      0.00
00:12:52         0.00      0.00      0.00      0.00      0.00      0.00      0.00      0.00
00:12:57         0.00      0.00      0.00      0.00      0.00      0.00      0.00      0.00
00:13:02         0.00      0.00      0.00      0.00      0.00      0.00      0.00      0.00
00:13:07         0.00      0.00      0.00      0.00      0.00      0.00      0.00      0.00
00:13:12         0.00      0.00      0.00      0.00      0.00      0.00      0.00      0.00
00:13:17         0.00      0.00      0.00      0.00      0.00      0.00      0.00      0.00
00:13:22         0.00      0.00      0.00      0.00      0.00      0.00      0.00      0.00
00:13:27         0.00      0.00      0.00      0.00      0.00      0.00      0.00      0.00
00:13:32         0.00      0.00      0.00      0.00      0.00      0.00      0.00      0.00
00:13:37         0.00      0.00      0.00      0.00      0.00      0.00      0.00      0.00
00:13:42         0.00      0.00      0.00      0.00      0.00      0.00      0.00      0.00
00:13:47         0.00      0.00      0.00      0.00      0.00      0.00      0.00      0.00
00:13:52         0.00      0.00      0.00      0.00      0.00      0.00      0.00      0.00
00:13:57         0.00      0.00      0.00      0.00      0.00      0.00      0.00      0.00
00:14:02         0.00      0.00      0.00      0.00      0.00      0.00      0.00      0.00
00:14:07         0.00      0.00      0.00      0.00      0.00      0.00      0.00      0.00
00:14:12         0.00      0.00      0.00      0.00      0.00      0.00      0.00      0.00
00:14:17         0.00      0.00      0.00      0.00      0.00      0.00      0.00      0.00
00:14:22         0.00      0.00      0.00      0.00      0.00      0.00      0.00      0.00
00:14:27         0.00      0.00      0.00      0.00      0.00      0.00      0.00      0.00
00:14:32         0.00      0.00      0.00      0.00      0.00      0.00      0.00      0.00
00:14:37         0.00      0.00      0.00      0.00      0.00      0.00      0.00      0.00
00:14:42         0.00      0.00      0.00      0.00      0.00      0.00      0.00      0.00
00:14:47         0.00      0.00      0.00      0.00      0.00      0.00      0.00      0.00
00:14:52         0.00      0.00      0.00      0.00      0.00      0.00      0.00      0.00
00:14:57         0.00      0.00      0.00      0.00      0.00      0.00      0.00      0.00
00:15:02         0.00      0.00      0.00      0.00      0.00      0.00      0.00      0.00
00:15:07         0.00      0.00      0.00      0.00      0.00      0.00      0.00      0.00
00:15:12         0.00      0.00      0.00      0.00      0.00      0.00      0.00      0.00
00:15:17         0.00      0.00      0.00      0.00      0.00      0.00      0.00      0.00
00:15:22         0.00      0.00      0.00      0.00      0.00      0.00      0.00      0.00
00:15:27         0.00      0.00      0.00      0.00      0.00      0.00      0.00      0.00
00:15:32         0.00      0.00      0.00      0.00      0.00      0.00      0.00      0.00
00:15:37         0.00      0.00      0.00      0.00      0.00      0.00      0.00      0.00
00:15:42         0.00      0.00      0.00      0.00      0.00      0.00      0.00      0.00
00:15:47         0.00      0.00      0.00      0.00      0.00      0.00      0.00      0.00
00:15:52         0.00      0.00      0.00      0.00      0.00      0.00      0.00      0.00
00:15:57         0.00      0.00      0.00      0.00      0.00      0.00      0.00      0.00
00:16:02         0.00      0.00      0.00      0.00      0.00      0.00      0.00      0.00
00:16:07         0.00      0.00      0.00      0.00      0.00      0.00      0.00      0.00
00:16:12         0.00      0.00      0.00      0.00      0.00      0.00      0.00      0.00
00:16:17         0.00      0.00      0.00      0.00      0.00      0.00      0.00      0.00
00:16:22         0.00      0.00      0.00      0.00      0.00      0.00      0.00      0.00
00:16:27         0.00      0.00      0.00      0.00      0.00      0.00      0.00      0.00
00:16:32         0.00      0.00      0.00      0.00      0.00      0.00      0.00      0.00
00:16:37         0.00      0.00      0.00      0.00      0.00      0.00      0.00      0.00
00:16:42         0.00      0.00      0.00      0.00      0.00      0.00      0.00      0.00
00:16:47         0.00      0.00      0.00      0.00      0.00      0.00      0.00      0.00
00:16:52         0.00      0.00      0.00      0.00      0.00      0.00      0.00      0.00
00:16:57         0.00      0.00      0.00      0.00      0.00      0.00      0.00      0.00
00:17:02         0.00      0.00      0.00      0.00      0.00      0.00      0.00      0.00
00:17:07         0.00      0.00      0.00      0.00      0.00      0.00      0.00      0.00
00:17:12         0.00      0.00      0.00      0.00      0.00      0.00      0.00      0.00
00:17:17         0.00      0.00      0.00      0.00      0.00      0.00      0.00      0.00
00:17:22         0.00      0.00      0.00      0.00      0.00      0.00      0.00      0.00
00:17:27         0.00      0.00      0.00      0.00      0.00      0.00      0.00      0.00
00:17:32         0.00      0.00      0.00      0.00      0.00      0.00      0.00      0.00
00:17:37         0.00      0.00      0.00      0.00      0.00      0.00      0.00      0.00
00:17:42         0.00      0.00      0.00      0.00      0.00      0.00      0.00      0.00
00:17:47         0.00      0.00      0.00      0.00      0.00      0.00      0.00      0.00
00:17:52         0.00      0.00      0.00      0.00      0.00      0.00      0.00      0.00
00:17:57         0.00      0.00      0.00      0.00      0.00      0.00      0.00      0.00
00:18:02         0.00      0.00      0.00      0.00      0.00      0.00      0.00      0.00
00:18:07         0.00      0.00      0.00      0.00      0.00      0.00      0.00      0.00
00:18:12         0.00      0.00      0.00      0.00      0.00      0.00      0.00      0.00
00:18:17         0.00      0.00      0.00      0.00      0.00      0.00      0.00      0.00
00:18:22         0.00      0.00      0.00      0.00      0.00      0.00      0.00      0.00
00:18:27         0.00      0.00      0.00      0.00      0.00      0.00      0.00      0.00
00:18:32         0.00      0.00      0.00      0.00      0.00      0.00      0.00      0.00
00:18:37         0.00      0.00      0.00      0.00      0.00      0.00      0.00      0.00
00:18:42         0.00      0.00      0.00      0.00      0.00      0.00      0.00      0.00
00:18:47         0.00      0.00      0.00      0.00      0.00      0.00      0.00      0.00
00:18:52         0.00      0.00      0.00      0.00      0.00      0.00      0.00      0.00
00:18:57         0.00      0.00      0.00      0.00      0.00      0.00      0.00      0.00
00:19:02         0.00      0.00      0.00      0.00      0.00      0.00      0.00      0.00
00:19:07         0.00      0.00      0.00      0.00      0.00      0.00      0.00      0.00
00:19:12         0.00      0.00      0.00      0.00      0.00      0.00      0.00      0.00
00:19:17         0.00      0.00      0.00      0.00      0.00      0.00      0.00      0.00
00:19:22         0.00      0.00      0.00      0.00      0.00      0.00      0.00      0.00
00:19:27         0.00      0.00      0.00      0.00      0.00      0.00      0.00      0.00
00:19:32         0.00      0.00      0.00      0.00      0.00      0.00      0.00      0.00
00:19:37         0.00      0.00      0.00      0.00      0.00      0.00      0.00      0.00
00:19:42         0.00      0.00      0.00      0.00      0.00      0.00      0.00      0.00
00:19:47         0.00      0.00      0.00      0.00      0.00      0.00      0.00      0.00
00:19:52         0.00      0.00      0.00      0.00      0.00      0.00      0.00      0.00
00:19:57         0.00      0.00      0.00      0.00      0.00      0.00      0.00      0.00
00:20:02         0.00      0.00      0.00      0.00      0.00      0.00      0.00      0.00
00:20:07         0.00      0.00      0.00      0.00      0.00      0.00      0.00      0.00
00:20:12         0.00      0.00      0.00      0.00      0.00      0.00      0.00      0.00
00:20:17         0.00      0.00      0.00      0.00      0.00      0.00      0.00      0.00
00:20:22         0.00      0.00      0.00      0.00      0.00      0.00      0.00      0.00
00:20:27         0.00      0.00      0.00      0.00      0.00      0.00      0.00      0.00
00:20:32         0.00      0.00      0.00      0.00      0.00      0.00      0.00      0.00
00:20:37         0.00      0.00      0.00      0.00      0.00      0.00      0.00      0.00
00:20:42         0.00      0.00      0.00      0.00      0.00      0.00      0.00      0.00
00:20:47         0.00      0.00      0.00      0.00      0.00      0.00      0.00      0.00
00:20:52         0.00      0.00      0.00      0.00      0.00      0.00      0.00      0.00
00:20:57         0.00      0.00      0.00      0.00      0.00      0.00      0.00      0.00
00:21:02         0.00      0.00      0.00      0.00      0.00      0.00      0.00      0.00
00:21:07         0.00      0.00      0.00      0.00      0.00      0.00      0.00      0.00
00:21:12         0.00      0.00      0.00      0.00      0.00      0.00      0.00      0.00
00:21:17         0.00      0.00      0.00      0.00      0.00      0.00      0.00      0.00
00:21:22         0.00      0.00      0.00      0.00      0.00      0.00      0.00      0.00
00:21:27         0.00      0.00      0.00      0.00      0.00      0.00      0.00      0.00
00:21:32         0.00      0.00      0.00      0.00      0.00      0.00      0.00      0.00
00:21:37         0.00      0.00      0.00      0.00      0.00      0.00      0.00      0.00
00:21:42         0.00      0.00      0.00      0.00      0.00      0.00      0.00      0.00
00:21:47         0.00      0.00      0.00      0.00      0.00      0.00      0.00      0.00
00:21:52         0.00      0.00      0.00      0.00      0.00      0.00      0.00      0.00
00:21:57         0.00      0.00      0.00      0.00      0.00      0.00      0.00      0.00
00:22:02         0.00      0.00      0.00      0.00      0.00      0.00      0.00      0.00
00:22:07         0.00      0.00      0.00      0.00      0.00      0.00      0.00      0.00
00:22:12         0.00      0.00      0.00      0.00      0.00      0.00      0.00      0.00
00:22:17         0.00      0.00      0.00      0.00      0.00      0.00      0.00      0.00
00:22:22         0.00      0.00      0.00      0.00      0.00      0.00      0.00      0.00
00:22:27         0.00      0.00      0.00      0.00      0.00      0.00      0.00      0.00
00:22:32         0.00      0.00      0.00      0.00      0.00      0.00      0.00      0.00
00:22:37         0.00      0.00      0.00      0.00      0.00      0.00      0.00      0.00
00:22:42         0.00      0.00      0.00      0.00      0.00      0.00      0.00      0.00
00:22:47         0.00      0.00      0.00      0.00      0.00      0.00      0.00      0.00
00:22:52         0.00      0.00      0.00      0.00      0.00      0.00      0.00      0.00
00:22:57         0.00      0.00      0.00      0.00      0.00      0.00      0.00      0.00
00:23:02         0.00      0.00      0.00      0.00      0.00      0.00      0.00      0.00
00:23:07         0.00      0.00      0.00      0.00      0.00      0.00      0.00      0.00
00:23:12         0.00      0.00      0.00      0.00      0.00      0.00      0.00      0.00
00:23:17         0.00      0.00      0.00      0.00      0.00      0.00      0.00      0.00
00:23:22         0.00      0.00      0.00      0.00      0.00      0.00      0.00      0.00
00:23:27         0.00      0.00      0.00      0.00      0.00      0.00      0.00      0.00
00:23:32         0.00      0.00      0.00      0.00      0.00      0.00      0.00      0.00
00:23:37         0.00      0.00      0.00      0.00      0.00      0.00      0.00      0.00
00:23:42         0.00      0.00      0.00      0.00      0.00      0.00      0.00      0.00
00:23:47         0.00      0.00      0.00      0.00      0.00      0.00      0.00      0.00
00:23:52         0.00      0.00      0.00      0.00      0.00      0.00      0.00      0.00
00:23:57         0.00      0.00      0.00      0.00      0.00      0.00      0.00      0.00
00:24:02         0.00      0.00      0.00      0.00      0.00      0.00      0.00      0.00
00:24:07         0.00      0.00      0.00      0.00      0.00      0.00      0.00      0.00
00:24:12         0.00      0.00      0.00      0.00      0.00      0.00      0.00      0.00
00:24:17         0.00      0.00      0.00      0.00      0.00      0.00      0.00      0.00
00:24:22         0.00      0.00      0.00      0.00      0.00      0.00      0.00      0.00
00:24:27         0.00      0.00      0.00      0.00      0.00      0.00      0.00      0.00
00:24:32         0.00      0.00      0.00      0.00      0.00      0.00      0.00      0.00
00:24:37         0.00      0.00      0.00      0.00      0.00      0.00      0.00      0.00
00:24:42         0.00      0.00      0.00      0.00      0.00      0.00      0.00      0.00
00:24:47         0.00      0.00      0.00      0.00      0.00      0.00      0.00      0.00
00:24:52         0.00      0.00      0.00      0.00      0.00      0.00      0.00      0.00
00:24:57         0.00      0.00      0.00      0.00      0.00      0.00      0.00      0.00
00:25:02         0.00      0.00      0.00      0.00      0.00      0.00      0.00      0.00
00:25:07         0.00      0.00      0.00      0.00      0.00      0.00      0.00      0.00
00:25:12         0.00      0.00      0.00      0.00      0.00      0.00      0.00      0.00
00:25:17         0.00      0.00      0.00      0.00      0.00      0.00      0.00      0.00
00:25:22         0.00      0.00      0.00      0.00      0.00      0.00      0.00      0.00
00:25:27         0.00      0.00      0.00      0.00      0.00      0.00      0.00      0.00
00:25:32         0.00      0.00      0.00      0.00      0.00      0.00      0.00      0.00
00:25:37         0.00      0.00      0.00      0.00      0.00      0.00      0.00      0.00
00:25:42         0.00      0.00      0.00      0.00      0.00      0.00      0.00      0.00
00:25:47         0.00      0.00      0.00      0.00      0.00      0.00      0.00      0.00
00:25:52         0.00      0.00      0.00      0.00      0.00      0.00      0.00      0.00
00:25:57         0.00      0.00      0.00      0.00      0.00      0.00      0.00      0.00
00:26:02         0.00      0.00      0.00      0.00      0.00      0.00      0.00      0.00
00:26:07         0.00      0.00      0.00      0.00      0.00      0.00      0.00      0.00
00:26:12         0.00      0.00      0.00      0.00      0.00      0.00      0.00      0.00
00:26:17         0.00      0.00      0.00      0.00      0.00      0.00      0.00      0.00
00:26:22         0.00      0.00      0.00      0.00      0.00      0.00      0.00      0.00
00:26:27         0.00      0.00      0.00      0.00      0.00      0.00      0.00      0.00
00:26:32         0.00      0.00      0.00      0.00      0.00      0.00      0.00      0.00
00:26:37         0.00      0.00      0.00      0.00      0.00      0.00      0.00      0.00
00:26:42         0.00      0.00      0.00      0.00      0.00      0.00      0.00      0.00
00:26:47         0.00      0.00      0.00      0.00      0.00      0.00      0.00      0.00
00:26:52         0.00      0.00      0.00      0.00      0.00      0.00      0.00      0.00
00:26:57         0.00      0.00      0.00      0.00      0.00      0.00      0.00      0.00
00:27:02         0.00      0.00      0.00      0.00      0.00      0.00      0.00      0.00
00:27:07         0.00      0.00      0.00      0.00      0.00      0.00      0.00      0.00
00:27:12         0.00      0.00      0.00      0.00      0.00      0.00      0.00      0.00
00:27:17         0.00      0.00      0.00      0.00      0.00      0.00      0.00      0.00
00:27:22         0.00      0.00      0.00      0.00      0.00      0.00      0.00      0.00
00:27:27         0.00      0.00      0.00      0.00      0.00      0.00      0.00      0.00
00:27:32         0.00      0.00      0.00      0.00      0.00      0.00      0.00      0.00
00:27:37         0.00      0.00      0.00      0.00      0.00      0.00      0.00      0.00
00:27:42         0.00      0.00      0.00      0.00      0.00      0.00      0.00      0.00
00:27:47         0.00      0.00      0.00      0.00      0.00      0.00      0.00      0.00
00:27:52         0.00      0.00      0.00      0.00      0.00      0.00      0.00      0.00
00:27:57         0.00      0.00      0.00      0.00      0.00      0.00      0.00      0.00
00:28:02         0.00      0.00      0.00      0.00      0.00      0.00      0.00      0.00
00:28:07         0.00      0.00      0.00      0.00      0.00      0.00      0.00      0.00
00:28:12         0.00      0.00      0.00      0.00      0.00      0.00      0.00      0.00
Average:         0.00      0.00      0.00      0.00      0.00      0.00      0.00      0.00
