Linux 7.2.0-rc5-virtme (virtme-ng) 	08/02/26 	_x86_64_	(4 CPU)

23:28:12    kbmemfree   kbavail kbmemused  %memused kbbuffers  kbcached  kbcommit   %commit  kbactive   kbinact   kbdirty   kbshmem
23:28:17      6687472   6644384   1499120     18.41         4     34956   8413084     68.19   1272428     34668         0       292
23:28:22      6686980   6643892   1499612     18.41         4     34956   8413084     68.19   1272428     34668         0       292
23:28:27      6686980   6643892   1499612     18.41         4     34956   8413084     68.19   1272428     34668         0       292
23:28:32      6686980   6643892   1499612     18.41         4     34956   8413084     68.19   1272428     34668         0       292
23:28:37      6688960   6645872   1497632     18.39         4     34956   8413084     68.19   1272428     34668         0       292
23:28:42      6693620   6650532   1492972     18.33         4     34956   8413084     68.19   1272428     34668         0       292
23:28:47      6696000   6652912   1490592     18.30         4     34956   8413084     68.19   1272428     34668         0       292
23:28:52      6696000   6652912   1490592     18.30         4     34956   8413084     68.19   1272428     34668         0       292
23:28:57      6696000   6652912   1490592     18.30         4     34956   8413084     68.19   1272428     34668         0       292
23:29:02      6696000   6652912   1490592     18.30         4     34956   8413084     68.19   1272428     34668         0       292
23:29:07      6696000   6652912   1490592     18.30         4     34956   8413084     68.19   1272428     34668         0       292
23:29:12      6696000   6652912   1490592     18.30         4     34956   8413084     68.19   1272428     34668         0       292
23:29:17      6696000   6652912   1490592     18.30         4     34956   8413084     68.19   1272428     34668         0       292
23:29:22      6696000   6652912   1490592     18.30         4     34956   8413084     68.19   1272428     34668         0       292
23:29:27      6696000   6652912   1490592     18.30         4     34956   8413084     68.19   1272428     34668         0       292
23:29:32      6696000   6652912   1490592     18.30         4     34956   8413084     68.19   1272428     34668         0       292
23:29:37      6696000   6652912   1490592     18.30         4     34956   8413084     68.19   1272428     34668         0       292
23:29:42      6696000   6652912   1490592     18.30         4     34956   8413084     68.19   1272428     34668         0       292
23:29:47      6696000   6652912   1490592     18.30         4     34956   8413084     68.19   1272428     34668         0       292
23:29:52      6696000   6652912   1490592     18.30         4     34956   8413084     68.19   1272428     34668         0       292
23:29:57      6696000   6652912   1490592     18.30         4     34956   8413084     68.19   1272428     34668         0       292
23:30:02      6696000   6652912   1490592     18.30         4     34956   8413084     68.19   1272428     34668         0       292
23:30:07      6696000   6652912   1490592     18.30         4     34956   8413084     68.19   1272428     34668         0       292
23:30:12      6696000   6652912   1490592     18.30         4     34956   8413084     68.19   1272428     34668         0       292
23:30:17      6696000   6652912   1490592     18.30         4     34956   8413084     68.19   1272428     34668         0       292
23:30:22      6696040   6652952   1490552     18.30         4     34956   8413084     68.19   1272428     34668         0       292
23:30:27      6696040   6652952   1490552     18.30         4     34956   8413084     68.19   1272428     34668         0       292
23:30:32      6696040   6652952   1490552     18.30         4     34956   8413084     68.19   1272428     34668         0       292
23:30:37      6696040   6652952   1490552     18.30         4     34956   8413084     68.19   1272428     34668         0       292
23:30:42      6696040   6652952   1490552     18.30         4     34956   8413084     68.19   1272428     34668         0       292
23:30:47      6696040   6652952   1490552     18.30         4     34956   8413084     68.19   1272428     34668         0       292
23:30:52      6696040   6652952   1490552     18.30         4     34956   8413084     68.19   1272428     34668         0       292
23:30:57      6696040   6652952   1490552     18.30         4     34956   8413084     68.19   1272428     34668         0       292
23:31:02      6696040   6652952   1490552     18.30         4     34956   8413084     68.19   1272428     34668         0       292
23:31:07      6696040   6652952   1490552     18.30         4     34956   8413084     68.19   1272428     34668         0       292
23:31:12      6696040   6652952   1490552     18.30         4     34956   8413084     68.19   1272428     34668         0       292
23:31:17      6688228   6645140   1498364     18.40         4     34956   8413084     68.19   1272428     34668         0       292
23:31:22      6691236   6648148   1495356     18.36         4     34956   8413084     68.19   1272428     34668         0       292
23:31:27      6691952   6648864   1494640     18.35         4     34956   8413084     68.19   1272428     34668         0       292
23:31:32      6691952   6648864   1494640     18.35         4     34956   8413084     68.19   1272428     34668         0       292
23:31:37      6691952   6648864   1494640     18.35         4     34956   8413084     68.19   1272428     34668         0       292
23:31:42      6691952   6648864   1494640     18.35         4     34956   8413084     68.19   1272428     34668         0       292
23:31:47      6691952   6648864   1494640     18.35         4     34956   8413084     68.19   1272428     34668         0       292
23:31:52      6691952   6648864   1494640     18.35         4     34956   8413084     68.19   1272428     34668         0       292
23:31:57      6691952   6648864   1494640     18.35         4     34956   8413084     68.19   1272428     34668         0       292
23:32:02      6691952   6648864   1494640     18.35         4     34956   8413084     68.19   1272428     34668         0       292
23:32:07      6691952   6648864   1494640     18.35         4     34956   8413084     68.19   1272428     34668         0       292
23:32:12      6691952   6648864   1494640     18.35         4     34956   8413084     68.19   1272428     34668         0       292
23:32:17      6691952   6648864   1494640     18.35         4     34956   8413084     68.19   1272428     34668         0       292
23:32:22      6691952   6648864   1494640     18.35         4     34956   8413084     68.19   1272428     34668         0       292
23:32:27      6691952   6648864   1494640     18.35         4     34956   8413084     68.19   1272428     34668         0       292
23:32:32      3942188   3899100   4244404     52.12         4     34956   8413084     68.19   4012532     34668         0       292
23:32:37      3329264   3286176   4857328     59.65         4     34956   8413084     68.19   4627868     34668         0       292
23:32:42      3329264   3286176   4857328     59.65         4     34956   8413084     68.19   4627868     34668         0       292
23:32:47      3329264   3286176   4857328     59.65         4     34956   8413084     68.19   4627868     34668         0       292
23:32:52      3329264   3286176   4857328     59.65         4     34956   8413084     68.19   4627868     34668         0       292
23:32:57      3329264   3286176   4857328     59.65         4     34956   8413084     68.19   4627868     34668         0       292
23:33:02      3329608   3286520   4856984     59.64         4     34956   8413084     68.19   4627868     34668         0       292
23:33:07      3323896   3280808   4862696     59.71         4     34956   8413084     68.19   4627868     34668         0       292
23:33:12      3327516   3284428   4859076     59.67         4     34956   8413084     68.19   4627868     34668         0       292
23:33:17      3328332   3285244   4858260     59.66         4     34956   8413084     68.19   4627868     34668         0       292
23:33:22      3328332   3285244   4858260     59.66         4     34956   8413084     68.19   4627868     34668         0       292
23:33:27      3328332   3285244   4858260     59.66         4     34956   8413084     68.19   4627868     34668         0       292
23:33:32      3328332   3285244   4858260     59.66         4     34956   8413084     68.19   4627868     34668         0       292
23:33:37      3328332   3285244   4858260     59.66         4     34956   8413084     68.19   4627868     34668         0       292
23:33:42      3328332   3285244   4858260     59.66         4     34956   8413084     68.19   4627868     34668         0       292
23:33:47      3328332   3285244   4858260     59.66         4     34956   8413084     68.19   4627868     34668         0       292
23:33:52      3328332   3285244   4858260     59.66         4     34956   8413084     68.19   4627868     34668         0       292
23:33:57      3328332   3285244   4858260     59.66         4     34956   8413084     68.19   4627868     34668         0       292
23:34:02      3328332   3285244   4858260     59.66         4     34956   8413084     68.19   4627868     34668         0       292
23:34:07      3328332   3285244   4858260     59.66         4     34956   8413084     68.19   4627868     34668         0       292
23:34:12      3328332   3285244   4858260     59.66         4     34956   8413084     68.19   4627868     34668         0       292
23:34:17      3328332   3285244   4858260     59.66         4     34956   8413084     68.19   4627868     34668         0       292
23:34:22      3328332   3285244   4858260     59.66         4     34956   8413084     68.19   4627868     34668         0       292
23:34:27      3328332   3285244   4858260     59.66         4     34956   8413084     68.19   4627868     34668         0       292
23:34:32      3328332   3285244   4858260     59.66         4     34956   8413084     68.19   4627868     34668         0       292
23:34:37      3328332   3285244   4858260     59.66         4     34956   8413084     68.19   4627868     34668         0       292
23:34:42      3328332   3285244   4858260     59.66         4     34956   8413084     68.19   4627868     34668         0       292
23:34:47      3328332   3285244   4858260     59.66         4     34956   8413084     68.19   4627868     34668         0       292
23:34:52      3328332   3285244   4858260     59.66         4     34956   8413084     68.19   4627868     34668         0       292
23:34:57      3328332   3285244   4858260     59.66         4     34956   8413084     68.19   4627868     34668         0       292
23:35:02      3328332   3285244   4858260     59.66         4     34956   8413084     68.19   4627868     34668         0       292
23:35:07      3328332   3285244   4858260     59.66         4     34956   8413084     68.19   4627868     34668         0       292
23:35:12      3328332   3285244   4858260     59.66         4     34956   8413084     68.19   4627868     34668         0       292
23:35:17      3328332   3285244   4858260     59.66         4     34956   8413084     68.19   4627868     34668         0       292
23:35:22      3328332   3285244   4858260     59.66         4     34956   8413084     68.19   4627868     34668         0       292
23:35:27      3328332   3285244   4858260     59.66         4     34956   8413084     68.19   4627868     34668         0       292
23:35:32      3328332   3285244   4858260     59.66         4     34956   8413084     68.19   4627868     34668         0       292
23:35:37      3328332   3285244   4858260     59.66         4     34956   8413084     68.19   4627868     34668         0       292
23:35:42      3328332   3285244   4858260     59.66         4     34956   8413084     68.19   4627868     34668         0       292
23:35:47      3328332   3285244   4858260     59.66         4     34956   8413084     68.19   4627868     34668         0       292
23:35:52      3328332   3285244   4858260     59.66         4     34956   8413084     68.19   4627868     34668         0       292
23:35:57      3328332   3285244   4858260     59.66         4     34956   8413084     68.19   4627868     34668         0       292
23:36:02      3328332   3285244   4858260     59.66         4     34956   8413084     68.19   4627868     34668         0       292
23:36:07      3328332   3285244   4858260     59.66         4     34956   8413084     68.19   4627868     34668         0       292
23:36:12      3328332   3285244   4858260     59.66         4     34956   8413084     68.19   4627868     34668         0       292
23:36:17      3328332   3285244   4858260     59.66         4     34956   8413084     68.19   4627868     34668         0       292
23:36:22      3328332   3285244   4858260     59.66         4     34956   8413084     68.19   4627868     34668         0       292
23:36:27      3328332   3285244   4858260     59.66         4     34956   8413084     68.19   4627868     34668         0       292
23:36:32      3328332   3285244   4858260     59.66         4     34956   8413084     68.19   4627868     34668         0       292
23:36:37      3328332   3285244   4858260     59.66         4     34956   8413084     68.19   4627868     34668         0       292
23:36:42      3328332   3285244   4858260     59.66         4     34956   8413084     68.19   4627868     34668         0       292
23:36:47      3328332   3285244   4858260     59.66         4     34956   8413084     68.19   4627868     34668         0       292
23:36:52      3328332   3285244   4858260     59.66         4     34956   8413084     68.19   4627868     34668         0       292
23:36:57      3328332   3285244   4858260     59.66         4     34956   8413084     68.19   4627868     34668         0       292
23:37:02      3328332   3285244   4858260     59.66         4     34956   8413084     68.19   4627868     34668         0       292
23:37:07      3328332   3285244   4858260     59.66         4     34956   8413084     68.19   4627868     34668         0       292
23:37:12      3328332   3285244   4858260     59.66         4     34956   8413084     68.19   4627868     34668         0       292
23:37:17      3328332   3285244   4858260     59.66         4     34956   8413084     68.19   4627868     34668         0       292
23:37:22      3328332   3285244   4858260     59.66         4     34956   8413084     68.19   4627868     34668         0       292
23:37:27      3328332   3285244   4858260     59.66         4     34956   8413084     68.19   4627868     34668         0       292
23:37:32      3328332   3285244   4858260     59.66         4     34956   8413084     68.19   4627868     34668         0       292
23:37:37      3328332   3285244   4858260     59.66         4     34956   8413084     68.19   4627868     34668         0       292
23:37:42      3328332   3285244   4858260     59.66         4     34956   8413084     68.19   4627868     34668         0       292
23:37:47      3328332   3285244   4858260     59.66         4     34956   8413084     68.19   4627868     34668         0       292
23:37:52      3328332   3285244   4858260     59.66         4     34956   8413084     68.19   4627868     34668         0       292
23:37:57      3328332   3285244   4858260     59.66         4     34956   8413084     68.19   4627868     34668         0       292
23:38:02      3328332   3285244   4858260     59.66         4     34956   8413084     68.19   4627868     34668         0       292
23:38:07      3328332   3285244   4858260     59.66         4     34956   8413084     68.19   4627868     34668         0       292
23:38:12      3328332   3285244   4858260     59.66         4     34956   8413084     68.19   4627868     34668         0       292
23:38:17      3328332   3285244   4858260     59.66         4     34956   8413084     68.19   4627868     34668         0       292
23:38:22      3328332   3285244   4858260     59.66         4     34956   8413084     68.19   4627868     34668         0       292
23:38:27      3328332   3285244   4858260     59.66         4     34956   8413084     68.19   4627868     34668         0       292
23:38:32      3328332   3285244   4858260     59.66         4     34956   8413084     68.19   4627868     34668         0       292
23:38:37      3328332   3285244   4858260     59.66         4     34956   8413084     68.19   4627868     34668         0       292
23:38:42      3328332   3285244   4858260     59.66         4     34956   8413084     68.19   4627868     34668         0       292
23:38:47      3328332   3285244   4858260     59.66         4     34956   8413084     68.19   4627868     34668         0       292
23:38:52      3328332   3285244   4858260     59.66         4     34956   8413084     68.19   4627868     34668         0       292
23:38:57      3328332   3285244   4858260     59.66         4     34956   8413084     68.19   4627868     34668         0       292
23:39:02      3328332   3285244   4858260     59.66         4     34956   8413084     68.19   4627868     34668         0       292
23:39:07      3328332   3285244   4858260     59.66         4     34956   8413084     68.19   4627868     34668         0       292
23:39:12      3328332   3285244   4858260     59.66         4     34956   8413084     68.19   4627868     34668         0       292
23:39:17      3328332   3285244   4858260     59.66         4     34956   8413084     68.19   4627868     34668         0       292
23:39:22      3328332   3285244   4858260     59.66         4     34956   8413084     68.19   4627868     34668         0       292
23:39:27      3328332   3285244   4858260     59.66         4     34956   8413084     68.19   4627868     34668         0       292
23:39:32      3328332   3285244   4858260     59.66         4     34956   8413084     68.19   4627868     34668         0       292
23:39:37      3328332   3285244   4858260     59.66         4     34956   8413084     68.19   4627868     34668         0       292
23:39:42      3328332   3285244   4858260     59.66         4     34956   8413084     68.19   4627868     34668         0       292
23:39:47      3328332   3285244   4858260     59.66         4     34956   8413084     68.19   4627868     34668         0       292
23:39:52      3328332   3285244   4858260     59.66         4     34956   8413084     68.19   4627868     34668         0       292
23:39:57      3328332   3285244   4858260     59.66         4     34956   8413084     68.19   4627868     34668         0       292
23:40:02      3328332   3285244   4858260     59.66         4     34956   8413084     68.19   4627868     34668         0       292
23:40:07      3328332   3285244   4858260     59.66         4     34956   8413084     68.19   4627868     34668         0       292
23:40:12      3328332   3285244   4858260     59.66         4     34956   8413084     68.19   4627868     34668         0       292
23:40:17      3328332   3285244   4858260     59.66         4     34956   8413084     68.19   4627868     34668         0       292
23:40:22      3328332   3285244   4858260     59.66         4     34956   8413084     68.19   4627868     34668         0       292
23:40:27      3328332   3285244   4858260     59.66         4     34956   8413084     68.19   4627868     34668         0       292
23:40:32      3328332   3285244   4858260     59.66         4     34956   8413084     68.19   4627868     34668         0       292
23:40:37      3328332   3285244   4858260     59.66         4     34956   8413084     68.19   4627868     34668         0       292
23:40:42      3328332   3285244   4858260     59.66         4     34956   8413084     68.19   4627868     34668         0       292
23:40:47      3328332   3285244   4858260     59.66         4     34956   8413084     68.19   4627868     34668         0       292
23:40:52      3328332   3285244   4858260     59.66         4     34956   8413084     68.19   4627868     34668         0       292
23:40:57      3328332   3285244   4858260     59.66         4     34956   8413084     68.19   4627868     34668         0       292
23:41:02      3328332   3285244   4858260     59.66         4     34956   8413084     68.19   4627868     34668         0       292
23:41:07      3328332   3285244   4858260     59.66         4     34956   8413084     68.19   4627868     34668         0       292
23:41:12      3328332   3285244   4858260     59.66         4     34956   8413084     68.19   4627868     34668         0       292
23:41:17      3328332   3285244   4858260     59.66         4     34956   8413084     68.19   4627868     34668         0       292
23:41:22      3328332   3285244   4858260     59.66         4     34956   8413084     68.19   4627868     34668         0       292
23:41:27      3328332   3285244   4858260     59.66         4     34956   8413084     68.19   4627868     34668         0       292
23:41:32      3328332   3285244   4858260     59.66         4     34956   8413084     68.19   4627868     34668         0       292
23:41:37      3328332   3285244   4858260     59.66         4     34956   8413084     68.19   4627868     34668         0       292
23:41:42      3328332   3285244   4858260     59.66         4     34956   8413084     68.19   4627868     34668         0       292
23:41:47      3328332   3285244   4858260     59.66         4     34956   8413084     68.19   4627868     34668         0       292
23:41:52      3328332   3285244   4858260     59.66         4     34956   8413084     68.19   4627868     34668         0       292
23:41:57      3328332   3285244   4858260     59.66         4     34956   8413084     68.19   4627868     34668         0       292
23:42:02      3328332   3285244   4858260     59.66         4     34956   8413084     68.19   4627868     34668         0       292
23:42:07      3328332   3285244   4858260     59.66         4     34956   8413084     68.19   4627868     34668         0       292
23:42:12      3328332   3285244   4858260     59.66         4     34956   8413084     68.19   4627868     34668         0       292
23:42:17      3328332   3285244   4858260     59.66         4     34956   8413084     68.19   4627868     34668         0       292
23:42:22      3328332   3285244   4858260     59.66         4     34956   8413084     68.19   4627868     34668         0       292
23:42:27      3328332   3285244   4858260     59.66         4     34956   8413084     68.19   4627868     34668         0       292
23:42:32      3328332   3285244   4858260     59.66         4     34956   8413084     68.19   4627868     34668         0       292
23:42:37      3328332   3285244   4858260     59.66         4     34956   8413084     68.19   4627868     34668         0       292
23:42:42      3328332   3285244   4858260     59.66         4     34956   8413084     68.19   4627868     34668         0       292
23:42:47      3328332   3285244   4858260     59.66         4     34956   8413084     68.19   4627868     34668         0       292
23:42:52      3328332   3285244   4858260     59.66         4     34956   8413084     68.19   4627868     34668         0       292
23:42:57      3328332   3285244   4858260     59.66         4     34956   8413084     68.19   4627868     34668         0       292
23:43:02      3328332   3285244   4858260     59.66         4     34956   8413084     68.19   4627868     34668         0       292
23:43:07      3328332   3285244   4858260     59.66         4     34956   8413084     68.19   4627868     34668         0       292
23:43:12      3328332   3285244   4858260     59.66         4     34956   8413084     68.19   4627868     34668         0       292
23:43:17      3328332   3285244   4858260     59.66         4     34956   8413084     68.19   4627868     34668         0       292
23:43:22      3328332   3285244   4858260     59.66         4     34956   8413084     68.19   4627868     34668         0       292
23:43:27      3328332   3285244   4858260     59.66         4     34956   8413084     68.19   4627868     34668         0       292
23:43:32      3328332   3285244   4858260     59.66         4     34956   8413084     68.19   4627868     34668         0       292
23:43:37      3328332   3285244   4858260     59.66         4     34956   8413084     68.19   4627868     34668         0       292
23:43:42      3328332   3285244   4858260     59.66         4     34956   8413084     68.19   4627868     34668         0       292
23:43:47      3328332   3285244   4858260     59.66         4     34956   8413084     68.19   4627868     34668         0       292
23:43:52      3328332   3285244   4858260     59.66         4     34956   8413084     68.19   4627868     34668         0       292
23:43:57      3328332   3285244   4858260     59.66         4     34956   8413084     68.19   4627868     34668         0       292
23:44:02      3328332   3285244   4858260     59.66         4     34956   8413084     68.19   4627868     34668         0       292
23:44:07      3328332   3285244   4858260     59.66         4     34956   8413084     68.19   4627868     34668         0       292
23:44:12      3328332   3285244   4858260     59.66         4     34956   8413084     68.19   4627868     34668         0       292
23:44:17      3328332   3285244   4858260     59.66         4     34956   8413084     68.19   4627868     34668         0       292
23:44:22      3328332   3285244   4858260     59.66         4     34956   8413084     68.19   4627868     34668         0       292
23:44:27      3328332   3285244   4858260     59.66         4     34956   8413084     68.19   4627868     34668         0       292
23:44:32      3328332   3285244   4858260     59.66         4     34956   8413084     68.19   4627868     34668         0       292
23:44:37      3328332   3285244   4858260     59.66         4     34956   8413084     68.19   4627868     34668         0       292
23:44:42      3328332   3285244   4858260     59.66         4     34956   8413084     68.19   4627868     34668         0       292
23:44:47      3328332   3285244   4858260     59.66         4     34956   8413084     68.19   4627868     34668         0       292
23:44:52      3328332   3285244   4858260     59.66         4     34956   8413084     68.19   4627868     34668         0       292
23:44:57      3328332   3285244   4858260     59.66         4     34956   8413084     68.19   4627868     34668         0       292
23:45:02      3328332   3285244   4858260     59.66         4     34956   8413084     68.19   4627868     34668         0       292
23:45:07      3328332   3285244   4858260     59.66         4     34956   8413084     68.19   4627868     34668         0       292
23:45:12      3328332   3285244   4858260     59.66         4     34956   8413084     68.19   4627868     34668         0       292
23:45:17      3328332   3285244   4858260     59.66         4     34956   8413084     68.19   4627868     34668         0       292
23:45:22      3328332   3285244   4858260     59.66         4     34956   8413084     68.19   4627868     34668         0       292
23:45:27      3328332   3285244   4858260     59.66         4     34956   8413084     68.19   4627868     34668         0       292
23:45:32      3328332   3285244   4858260     59.66         4     34956   8413084     68.19   4627868     34668         0       292
23:45:37      3328332   3285244   4858260     59.66         4     34956   8413084     68.19   4627868     34668         0       292
23:45:42      3328332   3285244   4858260     59.66         4     34956   8413084     68.19   4627868     34668         0       292
23:45:47      3328332   3285244   4858260     59.66         4     34956   8413084     68.19   4627868     34668         0       292
23:45:52      3328332   3285244   4858260     59.66         4     34956   8413084     68.19   4627868     34668         0       292
23:45:57      3328332   3285244   4858260     59.66         4     34956   8413084     68.19   4627868     34668         0       292
23:46:02      3328332   3285244   4858260     59.66         4     34956   8413084     68.19   4627868     34668         0       292
23:46:07      3328332   3285244   4858260     59.66         4     34956   8413084     68.19   4627868     34668         0       292
23:46:12      3328332   3285244   4858260     59.66         4     34956   8413084     68.19   4627868     34668         0       292
23:46:17      3328332   3285244   4858260     59.66         4     34956   8413084     68.19   4627868     34668         0       292
23:46:22      3328332   3285244   4858260     59.66         4     34956   8413084     68.19   4627868     34668         0       292
23:46:27      3328332   3285244   4858260     59.66         4     34956   8413084     68.19   4627868     34668         0       292
23:46:32      3328332   3285244   4858260     59.66         4     34956   8413084     68.19   4627868     34668         0       292
23:46:37      3328332   3285244   4858260     59.66         4     34956   8413084     68.19   4627868     34668         0       292
23:46:42      3328332   3285244   4858260     59.66         4     34956   8413084     68.19   4627868     34668         0       292
23:46:47      3328332   3285244   4858260     59.66         4     34956   8413084     68.19   4627868     34668         0       292
23:46:52      3328332   3285244   4858260     59.66         4     34956   8413084     68.19   4627868     34668         0       292
23:46:57      3328332   3285244   4858260     59.66         4     34956   8413084     68.19   4627868     34668         0       292
23:47:02      3328332   3285244   4858260     59.66         4     34956   8413084     68.19   4627868     34668         0       292
23:47:07      3328332   3285244   4858260     59.66         4     34956   8413084     68.19   4627868     34668         0       292
23:47:12      3328332   3285244   4858260     59.66         4     34956   8413084     68.19   4627868     34668         0       292
23:47:17      3328332   3285244   4858260     59.66         4     34956   8413084     68.19   4627868     34668         0       292
23:47:22      3328332   3285244   4858260     59.66         4     34956   8413084     68.19   4627868     34668         0       292
23:47:27      3328332   3285244   4858260     59.66         4     34956   8413084     68.19   4627868     34668         0       292
23:47:32      3328332   3285244   4858260     59.66         4     34956   8413084     68.19   4627868     34668         0       292
23:47:37      3328332   3285244   4858260     59.66         4     34956   8413084     68.19   4627868     34668         0       292
23:47:42      3328332   3285244   4858260     59.66         4     34956   8413084     68.19   4627868     34668         0       292
23:47:47      3328332   3285244   4858260     59.66         4     34956   8413084     68.19   4627868     34668         0       292
23:47:52      3328332   3285244   4858260     59.66         4     34956   8413084     68.19   4627868     34668         0       292
23:47:57      3328332   3285244   4858260     59.66         4     34956   8413084     68.19   4627868     34668         0       292
23:48:02      3328332   3285244   4858260     59.66         4     34956   8413084     68.19   4627868     34668         0       292
23:48:07      3328332   3285244   4858260     59.66         4     34956   8413084     68.19   4627868     34668         0       292
23:48:12      3328332   3285244   4858260     59.66         4     34956   8413084     68.19   4627868     34668         0       292
23:48:17      3328332   3285244   4858260     59.66         4     34956   8413084     68.19   4627868     34668         0       292
23:48:22      3328332   3285244   4858260     59.66         4     34956   8413084     68.19   4627868     34668         0       292
23:48:27      3328332   3285244   4858260     59.66         4     34956   8413084     68.19   4627868     34668         0       292
23:48:32      3328332   3285244   4858260     59.66         4     34956   8413084     68.19   4627868     34668         0       292
23:48:37      3328332   3285244   4858260     59.66         4     34956   8413084     68.19   4627868     34668         0       292
23:48:42      3328332   3285244   4858260     59.66         4     34956   8413084     68.19   4627868     34668         0       292
23:48:47      3328332   3285244   4858260     59.66         4     34956   8413084     68.19   4627868     34668         0       292
23:48:52      3328332   3285244   4858260     59.66         4     34956   8413084     68.19   4627868     34668         0       292
23:48:57      3328332   3285244   4858260     59.66         4     34956   8413084     68.19   4627868     34668         0       292
23:49:02      3328332   3285244   4858260     59.66         4     34956   8413084     68.19   4627868     34668         0       292
23:49:07      3328332   3285244   4858260     59.66         4     34956   8413084     68.19   4627868     34668         0       292
23:49:12      3328332   3285244   4858260     59.66         4     34956   8413084     68.19   4627868     34668         0       292
23:49:17      3328332   3285244   4858260     59.66         4     34956   8413084     68.19   4627868     34668         0       292
23:49:22      3328332   3285244   4858260     59.66         4     34956   8413084     68.19   4627868     34668         0       292
23:49:27      3328332   3285244   4858260     59.66         4     34956   8413084     68.19   4627868     34668         0       292
23:49:32      3328332   3285244   4858260     59.66         4     34956   8413084     68.19   4627868     34668         0       292
23:49:37      3328332   3285244   4858260     59.66         4     34956   8413084     68.19   4627868     34668         0       292
23:49:42      3328332   3285244   4858260     59.66         4     34956   8413084     68.19   4627868     34668         0       292
23:49:47      3328332   3285244   4858260     59.66         4     34956   8413084     68.19   4627868     34668         0       292
23:49:52      3328332   3285244   4858260     59.66         4     34956   8413084     68.19   4627868     34668         0       292
23:49:57      3328332   3285244   4858260     59.66         4     34956   8413084     68.19   4627868     34668         0       292
23:50:02      3328332   3285244   4858260     59.66         4     34956   8413084     68.19   4627868     34668         0       292
23:50:07      3328332   3285244   4858260     59.66         4     34956   8413084     68.19   4627868     34668         0       292
23:50:12      3328332   3285244   4858260     59.66         4     34956   8413084     68.19   4627868     34668         0       292
23:50:17      3328332   3285244   4858260     59.66         4     34956   8413084     68.19   4627868     34668         0       292
23:50:22      3328332   3285244   4858260     59.66         4     34956   8413084     68.19   4627868     34668         0       292
23:50:27      3328332   3285244   4858260     59.66         4     34956   8413084     68.19   4627868     34668         0       292
23:50:32      3328332   3285244   4858260     59.66         4     34956   8413084     68.19   4627868     34668         0       292
23:50:37      3328332   3285244   4858260     59.66         4     34956   8413084     68.19   4627868     34668         0       292
23:50:42      3328332   3285244   4858260     59.66         4     34956   8413084     68.19   4627868     34668         0       292
23:50:47      3328332   3285244   4858260     59.66         4     34956   8413084     68.19   4627868     34668         0       292
23:50:52      3328332   3285244   4858260     59.66         4     34956   8413084     68.19   4627868     34668         0       292
23:50:57      3328332   3285244   4858260     59.66         4     34956   8413084     68.19   4627868     34668         0       292
23:51:02      3328332   3285244   4858260     59.66         4     34956   8413084     68.19   4627868     34668         0       292
23:51:07      3328332   3285244   4858260     59.66         4     34956   8413084     68.19   4627868     34668         0       292
23:51:12      3328332   3285244   4858260     59.66         4     34956   8413084     68.19   4627868     34668         0       292
23:51:17      3328332   3285244   4858260     59.66         4     34956   8413084     68.19   4627868     34668         0       292
23:51:22      3328332   3285244   4858260     59.66         4     34956   8413084     68.19   4627868     34668         0       292
23:51:27      3328332   3285244   4858260     59.66         4     34956   8413084     68.19   4627868     34668         0       292
23:51:32      3328332   3285244   4858260     59.66         4     34956   8413084     68.19   4627868     34668         0       292
23:51:37      3328332   3285244   4858260     59.66         4     34956   8413084     68.19   4627868     34668         0       292
23:51:42      3328332   3285244   4858260     59.66         4     34956   8413084     68.19   4627868     34668         0       292
23:51:47      3328332   3285244   4858260     59.66         4     34956   8413084     68.19   4627868     34668         0       292
23:51:52      3328332   3285244   4858260     59.66         4     34956   8413084     68.19   4627868     34668         0       292
23:51:57      3328332   3285244   4858260     59.66         4     34956   8413084     68.19   4627868     34668         0       292
23:52:02      3328332   3285244   4858260     59.66         4     34956   8413084     68.19   4627868     34668         0       292
23:52:07      3328332   3285244   4858260     59.66         4     34956   8413084     68.19   4627868     34668         0       292
23:52:12      3328332   3285244   4858260     59.66         4     34956   8413084     68.19   4627868     34668         0       292
23:52:17      3328332   3285244   4858260     59.66         4     34956   8413084     68.19   4627868     34668         0       292
23:52:22      3328332   3285244   4858260     59.66         4     34956   8413084     68.19   4627868     34668         0       292
23:52:27      3328332   3285244   4858260     59.66         4     34956   8413084     68.19   4627868     34668         0       292
23:52:32      3328332   3285244   4858260     59.66         4     34956   8413084     68.19   4627868     34668         0       292
23:52:37      3328332   3285244   4858260     59.66         4     34956   8413084     68.19   4627868     34668         0       292
23:52:42      3328332   3285244   4858260     59.66         4     34956   8413084     68.19   4627868     34668         0       292
23:52:47      3328332   3285244   4858260     59.66         4     34956   8413084     68.19   4627868     34668         0       292
23:52:52      3328332   3285244   4858260     59.66         4     34956   8413084     68.19   4627868     34668         0       292
23:52:57      3328332   3285244   4858260     59.66         4     34956   8413084     68.19   4627868     34668         0       292
23:53:02      3328332   3285244   4858260     59.66         4     34956   8413084     68.19   4627868     34668         0       292
23:53:07      3328332   3285244   4858260     59.66         4     34956   8413084     68.19   4627868     34668         0       292
23:53:12      3328332   3285244   4858260     59.66         4     34956   8413084     68.19   4627868     34668         0       292
23:53:17      3328332   3285244   4858260     59.66         4     34956   8413084     68.19   4627868     34668         0       292
23:53:22      3328332   3285244   4858260     59.66         4     34956   8413084     68.19   4627868     34668         0       292
23:53:27      3328332   3285244   4858260     59.66         4     34956   8413084     68.19   4627868     34668         0       292
23:53:32      3328332   3285244   4858260     59.66         4     34956   8413084     68.19   4627868     34668         0       292
23:53:37      3328332   3285244   4858260     59.66         4     34956   8413084     68.19   4627868     34668         0       292
23:53:42      3328332   3285244   4858260     59.66         4     34956   8413084     68.19   4627868     34668         0       292
23:53:47      3328332   3285244   4858260     59.66         4     34956   8413084     68.19   4627868     34668         0       292
23:53:52      3328332   3285244   4858260     59.66         4     34956   8413084     68.19   4627868     34668         0       292
23:53:57      3328332   3285244   4858260     59.66         4     34956   8413084     68.19   4627868     34668         0       292
23:54:02      3328332   3285244   4858260     59.66         4     34956   8413084     68.19   4627868     34668         0       292
23:54:07      3328332   3285244   4858260     59.66         4     34956   8413084     68.19   4627868     34668         0       292
23:54:12      3328332   3285244   4858260     59.66         4     34956   8413084     68.19   4627868     34668         0       292
23:54:17      3328332   3285244   4858260     59.66         4     34956   8413084     68.19   4627868     34668         0       292
23:54:22      3328332   3285244   4858260     59.66         4     34956   8413084     68.19   4627868     34668         0       292
23:54:27      3328332   3285244   4858260     59.66         4     34956   8413084     68.19   4627868     34668         0       292
23:54:32      3328332   3285244   4858260     59.66         4     34956   8413084     68.19   4627868     34668         0       292
23:54:37      3328332   3285244   4858260     59.66         4     34956   8413084     68.19   4627868     34668         0       292
23:54:42      3328332   3285244   4858260     59.66         4     34956   8413084     68.19   4627868     34668         0       292
23:54:47      3328332   3285244   4858260     59.66         4     34956   8413084     68.19   4627868     34668         0       292
23:54:52      3328332   3285244   4858260     59.66         4     34956   8413084     68.19   4627868     34668         0       292
23:54:57      3328332   3285244   4858260     59.66         4     34956   8413084     68.19   4627868     34668         0       292
23:55:02      3328332   3285244   4858260     59.66         4     34956   8413084     68.19   4627868     34668         0       292
23:55:07      3328332   3285244   4858260     59.66         4     34956   8413084     68.19   4627868     34668         0       292
23:55:12      3328332   3285244   4858260     59.66         4     34956   8413084     68.19   4627868     34668         0       292
23:55:17      3328332   3285244   4858260     59.66         4     34956   8413084     68.19   4627868     34668         0       292
23:55:22      3328332   3285244   4858260     59.66         4     34956   8413084     68.19   4627868     34668         0       292
23:55:27      3328332   3285244   4858260     59.66         4     34956   8413084     68.19   4627868     34668         0       292
23:55:32      3328332   3285244   4858260     59.66         4     34956   8413084     68.19   4627868     34668         0       292
23:55:37      3328332   3285244   4858260     59.66         4     34956   8413084     68.19   4627868     34668         0       292
23:55:42      3328332   3285244   4858260     59.66         4     34956   8413084     68.19   4627868     34668         0       292
23:55:47      3328332   3285244   4858260     59.66         4     34956   8413084     68.19   4627868     34668         0       292
23:55:52      3328332   3285244   4858260     59.66         4     34956   8413084     68.19   4627868     34668         0       292
23:55:57      3328332   3285244   4858260     59.66         4     34956   8413084     68.19   4627868     34668         0       292
23:56:02      3328332   3285244   4858260     59.66         4     34956   8413084     68.19   4627868     34668         0       292
23:56:07      3328332   3285244   4858260     59.66         4     34956   8413084     68.19   4627868     34668         0       292
23:56:12      3328332   3285244   4858260     59.66         4     34956   8413084     68.19   4627868     34668         0       292
23:56:17      3328332   3285244   4858260     59.66         4     34956   8413084     68.19   4627868     34668         0       292
23:56:22      3328332   3285244   4858260     59.66         4     34956   8413084     68.19   4627868     34668         0       292
23:56:27      3328332   3285244   4858260     59.66         4     34956   8413084     68.19   4627868     34668         0       292
23:56:32      3328332   3285244   4858260     59.66         4     34956   8413084     68.19   4627868     34668         0       292
23:56:37      3328332   3285244   4858260     59.66         4     34956   8413084     68.19   4627868     34668         0       292
23:56:42      3328332   3285244   4858260     59.66         4     34956   8413084     68.19   4627868     34668         0       292
23:56:47      3328332   3285244   4858260     59.66         4     34956   8413084     68.19   4627868     34668         0       292
23:56:52      3328332   3285244   4858260     59.66         4     34956   8413084     68.19   4627868     34668         0       292
23:56:57      3328332   3285244   4858260     59.66         4     34956   8413084     68.19   4627868     34668         0       292
23:57:02      3328332   3285244   4858260     59.66         4     34956   8413084     68.19   4627868     34668         0       292
23:57:07      3328332   3285244   4858260     59.66         4     34956   8413084     68.19   4627868     34668         0       292
23:57:12      3328332   3285244   4858260     59.66         4     34956   8413084     68.19   4627868     34668         0       292
23:57:17      3328332   3285244   4858260     59.66         4     34956   8413084     68.19   4627868     34668         0       292
23:57:22      3328332   3285244   4858260     59.66         4     34956   8413084     68.19   4627868     34668         0       292
23:57:27      3328332   3285244   4858260     59.66         4     34956   8413084     68.19   4627868     34668         0       292
23:57:32      3328332   3285244   4858260     59.66         4     34956   8413084     68.19   4627868     34668         0       292
23:57:37      3328332   3285244   4858260     59.66         4     34956   8413084     68.19   4627868     34668         0       292
23:57:42      3328332   3285244   4858260     59.66         4     34956   8413084     68.19   4627868     34668         0       292
23:57:47      3328332   3285244   4858260     59.66         4     34956   8413084     68.19   4627868     34668         0       292
23:57:52      3328332   3285244   4858260     59.66         4     34956   8413084     68.19   4627868     34668         0       292
23:57:57      3328332   3285244   4858260     59.66         4     34956   8413084     68.19   4627868     34668         0       292
23:58:02      3328332   3285244   4858260     59.66         4     34956   8413084     68.19   4627868     34668         0       292
23:58:07      3328332   3285244   4858260     59.66         4     34956   8413084     68.19   4627868     34668         0       292
23:58:12      3328332   3285244   4858260     59.66         4     34956   8413084     68.19   4627868     34668         0       292
23:58:17      3328332   3285244   4858260     59.66         4     34956   8413084     68.19   4627868     34668         0       292
23:58:22      3328332   3285244   4858260     59.66         4     34956   8413084     68.19   4627868     34668         0       292
23:58:27      3328332   3285244   4858260     59.66         4     34956   8413084     68.19   4627868     34668         0       292
23:58:32      3328332   3285244   4858260     59.66         4     34956   8413084     68.19   4627868     34668         0       292
23:58:37      3328332   3285244   4858260     59.66         4     34956   8413084     68.19   4627868     34668         0       292
23:58:42      3328332   3285244   4858260     59.66         4     34956   8413084     68.19   4627868     34668         0       292
23:58:47      3328332   3285244   4858260     59.66         4     34956   8413084     68.19   4627868     34668         0       292
23:58:52      3328332   3285244   4858260     59.66         4     34956   8413084     68.19   4627868     34668         0       292
23:58:57      3328332   3285244   4858260     59.66         4     34956   8413084     68.19   4627868     34668         0       292
23:59:02      3328332   3285244   4858260     59.66         4     34956   8413084     68.19   4627868     34668         0       292
23:59:07      3328332   3285244   4858260     59.66         4     34956   8413084     68.19   4627868     34668         0       292
23:59:12      3328332   3285244   4858260     59.66         4     34956   8413084     68.19   4627868     34668         0       292
23:59:17      3328332   3285244   4858260     59.66         4     34956   8413084     68.19   4627868     34668         0       292
23:59:22      3328332   3285244   4858260     59.66         4     34956   8413084     68.19   4627868     34668         0       292
23:59:27      3328332   3285244   4858260     59.66         4     34956   8413084     68.19   4627868     34668         0       292
23:59:32      3328332   3285244   4858260     59.66         4     34956   8413084     68.19   4627868     34668         0       292
23:59:37      3328332   3285244   4858260     59.66         4     34956   8413084     68.19   4627868     34668         0       292
23:59:42      3328332   3285244   4858260     59.66         4     34956   8413084     68.19   4627868     34668         0       292
23:59:47      3328332   3285244   4858260     59.66         4     34956   8413084     68.19   4627868     34668         0       292
23:59:52      3328332   3285244   4858260     59.66         4     34956   8413084     68.19   4627868     34668         0       292
23:59:57      3328332   3285244   4858260     59.66         4     34956   8413084     68.19   4627868     34668         0       292
00:00:02      3328332   3285244   4858260     59.66         4     34956   8413084     68.19   4627868     34668         0       292
00:00:07      3328332   3285244   4858260     59.66         4     34956   8413084     68.19   4627868     34668         0       292
00:00:12      3328332   3285244   4858260     59.66         4     34956   8413084     68.19   4627868     34668         0       292
00:00:17      3328332   3285244   4858260     59.66         4     34956   8413084     68.19   4627868     34668         0       292
00:00:22      3328332   3285244   4858260     59.66         4     34956   8413084     68.19   4627868     34668         0       292
00:00:27      3328332   3285244   4858260     59.66         4     34956   8413084     68.19   4627868     34668         0       292
00:00:32      3328332   3285244   4858260     59.66         4     34956   8413084     68.19   4627868     34668         0       292
00:00:37      3328332   3285244   4858260     59.66         4     34956   8413084     68.19   4627868     34668         0       292
00:00:42      3328332   3285244   4858260     59.66         4     34956   8413084     68.19   4627868     34668         0       292
00:00:47      3328332   3285244   4858260     59.66         4     34956   8413084     68.19   4627868     34668         0       292
00:00:52      3328332   3285244   4858260     59.66         4     34956   8413084     68.19   4627868     34668         0       292
00:00:57      3328332   3285244   4858260     59.66         4     34956   8413084     68.19   4627868     34668         0       292
00:01:02      3328332   3285244   4858260     59.66         4     34956   8413084     68.19   4627868     34668         0       292
00:01:07      3328332   3285244   4858260     59.66         4     34956   8413084     68.19   4627868     34668         0       292
00:01:12      3328332   3285244   4858260     59.66         4     34956   8413084     68.19   4627868     34668         0       292
00:01:17      3328332   3285244   4858260     59.66         4     34956   8413084     68.19   4627868     34668         0       292
00:01:22      3328332   3285244   4858260     59.66         4     34956   8413084     68.19   4627868     34668         0       292
00:01:27      3328332   3285244   4858260     59.66         4     34956   8413084     68.19   4627868     34668         0       292
00:01:32      3328332   3285244   4858260     59.66         4     34956   8413084     68.19   4627868     34668         0       292
00:01:37      3328332   3285244   4858260     59.66         4     34956   8413084     68.19   4627868     34668         0       292
00:01:42      3328332   3285244   4858260     59.66         4     34956   8413084     68.19   4627868     34668         0       292
00:01:47      3328332   3285244   4858260     59.66         4     34956   8413084     68.19   4627868     34668         0       292
00:01:52      3328332   3285244   4858260     59.66         4     34956   8413084     68.19   4627868     34668         0       292
00:01:57      3328332   3285244   4858260     59.66         4     34956   8413084     68.19   4627868     34668         0       292
00:02:02      3328332   3285244   4858260     59.66         4     34956   8413084     68.19   4627868     34668         0       292
00:02:07      3328332   3285244   4858260     59.66         4     34956   8413084     68.19   4627868     34668         0       292
00:02:12      3328332   3285244   4858260     59.66         4     34956   8413084     68.19   4627868     34668         0       292
00:02:17      3328332   3285244   4858260     59.66         4     34956   8413084     68.19   4627868     34668         0       292
00:02:22      3328332   3285244   4858260     59.66         4     34956   8413084     68.19   4627868     34668         0       292
00:02:27      3328332   3285244   4858260     59.66         4     34956   8413084     68.19   4627868     34668         0       292
00:02:32      3328332   3285244   4858260     59.66         4     34956   8413084     68.19   4627868     34668         0       292
00:02:37      3328332   3285244   4858260     59.66         4     34956   8413084     68.19   4627868     34668         0       292
00:02:42      3328332   3285244   4858260     59.66         4     34956   8413084     68.19   4627868     34668         0       292
00:02:47      3328332   3285244   4858260     59.66         4     34956   8413084     68.19   4627868     34668         0       292
00:02:52      3328332   3285244   4858260     59.66         4     34956   8413084     68.19   4627868     34668         0       292
00:02:57      3328332   3285244   4858260     59.66         4     34956   8413084     68.19   4627868     34668         0       292
00:03:02      3328332   3285244   4858260     59.66         4     34956   8413084     68.19   4627868     34668         0       292
00:03:07      3328332   3285244   4858260     59.66         4     34956   8413084     68.19   4627868     34668         0       292
00:03:12      3328332   3285244   4858260     59.66         4     34956   8413084     68.19   4627868     34668         0       292
00:03:17      3328332   3285244   4858260     59.66         4     34956   8413084     68.19   4627868     34668         0       292
00:03:22      3328332   3285244   4858260     59.66         4     34956   8413084     68.19   4627868     34668         0       292
00:03:27      3328332   3285244   4858260     59.66         4     34956   8413084     68.19   4627868     34668         0       292
00:03:32      3328332   3285244   4858260     59.66         4     34956   8413084     68.19   4627868     34668         0       292
00:03:37      3328332   3285244   4858260     59.66         4     34956   8413084     68.19   4627868     34668         0       292
00:03:42      3328332   3285244   4858260     59.66         4     34956   8413084     68.19   4627868     34668         0       292
00:03:47      3328332   3285244   4858260     59.66         4     34956   8413084     68.19   4627868     34668         0       292
00:03:52      3328332   3285244   4858260     59.66         4     34956   8413084     68.19   4627868     34668         0       292
00:03:57      3328332   3285244   4858260     59.66         4     34956   8413084     68.19   4627868     34668         0       292
00:04:02      3328332   3285244   4858260     59.66         4     34956   8413084     68.19   4627868     34668         0       292
00:04:07      3328332   3285244   4858260     59.66         4     34956   8413084     68.19   4627868     34668         0       292
00:04:12      3328332   3285244   4858260     59.66         4     34956   8413084     68.19   4627868     34668         0       292
00:04:17      3328332   3285244   4858260     59.66         4     34956   8413084     68.19   4627868     34668         0       292
00:04:22      3328332   3285244   4858260     59.66         4     34956   8413084     68.19   4627868     34668         0       292
00:04:27      3328332   3285244   4858260     59.66         4     34956   8413084     68.19   4627868     34668         0       292
00:04:32      3328332   3285244   4858260     59.66         4     34956   8413084     68.19   4627868     34668         0       292
00:04:37      3328332   3285244   4858260     59.66         4     34956   8413084     68.19   4627868     34668         0       292
00:04:42      3328332   3285244   4858260     59.66         4     34956   8413084     68.19   4627868     34668         0       292
00:04:47      3328332   3285244   4858260     59.66         4     34956   8413084     68.19   4627868     34668         0       292
00:04:52      3328332   3285244   4858260     59.66         4     34956   8413084     68.19   4627868     34668         0       292
00:04:57      3328332   3285244   4858260     59.66         4     34956   8413084     68.19   4627868     34668         0       292
00:05:02      3328332   3285244   4858260     59.66         4     34956   8413084     68.19   4627868     34668         0       292
00:05:07      3328332   3285244   4858260     59.66         4     34956   8413084     68.19   4627868     34668         0       292
00:05:12      3328332   3285244   4858260     59.66         4     34956   8413084     68.19   4627868     34668         0       292
00:05:17      3328332   3285244   4858260     59.66         4     34956   8413084     68.19   4627868     34668         0       292
00:05:22      3328332   3285244   4858260     59.66         4     34956   8413084     68.19   4627868     34668         0       292
00:05:27      3328332   3285244   4858260     59.66         4     34956   8413084     68.19   4627868     34668         0       292
00:05:32      3328332   3285244   4858260     59.66         4     34956   8413084     68.19   4627868     34668         0       292
00:05:37      3328332   3285244   4858260     59.66         4     34956   8413084     68.19   4627868     34668         0       292
00:05:42      3328332   3285244   4858260     59.66         4     34956   8413084     68.19   4627868     34668         0       292
00:05:47      3328332   3285244   4858260     59.66         4     34956   8413084     68.19   4627868     34668         0       292
00:05:52      3328332   3285244   4858260     59.66         4     34956   8413084     68.19   4627868     34668         0       292
00:05:57      3328332   3285244   4858260     59.66         4     34956   8413084     68.19   4627868     34668         0       292
00:06:02      3328332   3285244   4858260     59.66         4     34956   8413084     68.19   4627868     34668         0       292
00:06:07      3328332   3285244   4858260     59.66         4     34956   8413084     68.19   4627868     34668         0       292
00:06:12      3328332   3285244   4858260     59.66         4     34956   8413084     68.19   4627868     34668         0       292
00:06:17      3328332   3285244   4858260     59.66         4     34956   8413084     68.19   4627868     34668         0       292
00:06:22      3328332   3285244   4858260     59.66         4     34956   8413084     68.19   4627868     34668         0       292
00:06:27      3328332   3285244   4858260     59.66         4     34956   8413084     68.19   4627868     34668         0       292
00:06:32      3328332   3285244   4858260     59.66         4     34956   8413084     68.19   4627868     34668         0       292
00:06:37      3328332   3285244   4858260     59.66         4     34956   8413084     68.19   4627868     34668         0       292
00:06:42      3328332   3285244   4858260     59.66         4     34956   8413084     68.19   4627868     34668         0       292
00:06:47      3328332   3285244   4858260     59.66         4     34956   8413084     68.19   4627868     34668         0       292
00:06:52      3328332   3285244   4858260     59.66         4     34956   8413084     68.19   4627868     34668         0       292
00:06:57      3328332   3285244   4858260     59.66         4     34956   8413084     68.19   4627868     34668         0       292
00:07:02      3328332   3285244   4858260     59.66         4     34956   8413084     68.19   4627868     34668         0       292
00:07:07      3328332   3285244   4858260     59.66         4     34956   8413084     68.19   4627868     34668         0       292
00:07:12      3328332   3285244   4858260     59.66         4     34956   8413084     68.19   4627868     34668         0       292
00:07:17      3328332   3285244   4858260     59.66         4     34956   8413084     68.19   4627868     34668         0       292
00:07:22      3328332   3285244   4858260     59.66         4     34956   8413084     68.19   4627868     34668         0       292
00:07:27      3328332   3285244   4858260     59.66         4     34956   8413084     68.19   4627868     34668         0       292
00:07:32      3328332   3285244   4858260     59.66         4     34956   8413084     68.19   4627868     34668         0       292
00:07:37      3328332   3285244   4858260     59.66         4     34956   8413084     68.19   4627868     34668         0       292
00:07:42      3328332   3285244   4858260     59.66         4     34956   8413084     68.19   4627868     34668         0       292
00:07:47      3328332   3285244   4858260     59.66         4     34956   8413084     68.19   4627868     34668         0       292
00:07:52      3328332   3285244   4858260     59.66         4     34956   8413084     68.19   4627868     34668         0       292
00:07:57      3328332   3285244   4858260     59.66         4     34956   8413084     68.19   4627868     34668         0       292
00:08:02      3328332   3285244   4858260     59.66         4     34956   8413084     68.19   4627868     34668         0       292
00:08:07      3328332   3285244   4858260     59.66         4     34956   8413084     68.19   4627868     34668         0       292
00:08:12      3328332   3285244   4858260     59.66         4     34956   8413084     68.19   4627868     34668         0       292
00:08:17      3328332   3285244   4858260     59.66         4     34956   8413084     68.19   4627868     34668         0       292
00:08:22      3328332   3285244   4858260     59.66         4     34956   8413084     68.19   4627868     34668         0       292
00:08:27      3328332   3285244   4858260     59.66         4     34956   8413084     68.19   4627868     34668         0       292
00:08:32      3328332   3285244   4858260     59.66         4     34956   8413084     68.19   4627868     34668         0       292
00:08:37      3328332   3285244   4858260     59.66         4     34956   8413084     68.19   4627868     34668         0       292
00:08:42      3328332   3285244   4858260     59.66         4     34956   8413084     68.19   4627868     34668         0       292
00:08:47      3328332   3285244   4858260     59.66         4     34956   8413084     68.19   4627868     34668         0       292
00:08:52      3328332   3285244   4858260     59.66         4     34956   8413084     68.19   4627868     34668         0       292
00:08:57      3328332   3285244   4858260     59.66         4     34956   8413084     68.19   4627868     34668         0       292
00:09:02      3328332   3285244   4858260     59.66         4     34956   8413084     68.19   4627868     34668         0       292
00:09:07      3328332   3285244   4858260     59.66         4     34956   8413084     68.19   4627868     34668         0       292
00:09:12      3328332   3285244   4858260     59.66         4     34956   8413084     68.19   4627868     34668         0       292
00:09:17      3328332   3285244   4858260     59.66         4     34956   8413084     68.19   4627868     34668         0       292
00:09:22      3328332   3285244   4858260     59.66         4     34956   8413084     68.19   4627868     34668         0       292
00:09:27      3328332   3285244   4858260     59.66         4     34956   8413084     68.19   4627868     34668         0       292
00:09:32      3328332   3285244   4858260     59.66         4     34956   8413084     68.19   4627868     34668         0       292
00:09:37      3328332   3285244   4858260     59.66         4     34956   8413084     68.19   4627868     34668         0       292
00:09:42      3328332   3285244   4858260     59.66         4     34956   8413084     68.19   4627868     34668         0       292
00:09:47      3328332   3285244   4858260     59.66         4     34956   8413084     68.19   4627868     34668         0       292
00:09:52      3328332   3285244   4858260     59.66         4     34956   8413084     68.19   4627868     34668         0       292
00:09:57      3328332   3285244   4858260     59.66         4     34956   8413084     68.19   4627868     34668         0       292
00:10:02      3328332   3285244   4858260     59.66         4     34956   8413084     68.19   4627868     34668         0       292
00:10:07      3328332   3285244   4858260     59.66         4     34956   8413084     68.19   4627868     34668         0       292
00:10:12      3328332   3285244   4858260     59.66         4     34956   8413084     68.19   4627868     34668         0       292
00:10:17      3328332   3285244   4858260     59.66         4     34956   8413084     68.19   4627868     34668         0       292
00:10:22      3328332   3285244   4858260     59.66         4     34956   8413084     68.19   4627868     34668         0       292
00:10:27      3328332   3285244   4858260     59.66         4     34956   8413084     68.19   4627868     34668         0       292
00:10:32      3328332   3285244   4858260     59.66         4     34956   8413084     68.19   4627868     34668         0       292
00:10:37      3328332   3285244   4858260     59.66         4     34956   8413084     68.19   4627868     34668         0       292
00:10:42      3328332   3285244   4858260     59.66         4     34956   8413084     68.19   4627868     34668         0       292
00:10:47      3328332   3285244   4858260     59.66         4     34956   8413084     68.19   4627868     34668         0       292
00:10:52      3328332   3285244   4858260     59.66         4     34956   8413084     68.19   4627868     34668         0       292
00:10:57      3328332   3285244   4858260     59.66         4     34956   8413084     68.19   4627868     34668         0       292
00:11:02      3328332   3285244   4858260     59.66         4     34956   8413084     68.19   4627868     34668         0       292
00:11:07      3328332   3285244   4858260     59.66         4     34956   8413084     68.19   4627868     34668         0       292
00:11:12      3328332   3285244   4858260     59.66         4     34956   8413084     68.19   4627868     34668         0       292
00:11:17      3328332   3285244   4858260     59.66         4     34956   8413084     68.19   4627868     34668         0       292
00:11:22      3328332   3285244   4858260     59.66         4     34956   8413084     68.19   4627868     34668         0       292
00:11:27      3328332   3285244   4858260     59.66         4     34956   8413084     68.19   4627868     34668         0       292
00:11:32      3328332   3285244   4858260     59.66         4     34956   8413084     68.19   4627868     34668         0       292
00:11:37      3328332   3285244   4858260     59.66         4     34956   8413084     68.19   4627868     34668         0       292
00:11:42      3328332   3285244   4858260     59.66         4     34956   8413084     68.19   4627868     34668         0       292
00:11:47      3328332   3285244   4858260     59.66         4     34956   8413084     68.19   4627868     34668         0       292
00:11:52      3328332   3285244   4858260     59.66         4     34956   8413084     68.19   4627868     34668         0       292
00:11:57      3328332   3285244   4858260     59.66         4     34956   8413084     68.19   4627868     34668         0       292
00:12:02      3328332   3285244   4858260     59.66         4     34956   8413084     68.19   4627868     34668         0       292
00:12:07      3328332   3285244   4858260     59.66         4     34956   8413084     68.19   4627868     34668         0       292
00:12:12      3328332   3285244   4858260     59.66         4     34956   8413084     68.19   4627868     34668         0       292
00:12:17      3328332   3285244   4858260     59.66         4     34956   8413084     68.19   4627868     34668         0       292
00:12:22      3328332   3285244   4858260     59.66         4     34956   8413084     68.19   4627868     34668         0       292
00:12:27      3328332   3285244   4858260     59.66         4     34956   8413084     68.19   4627868     34668         0       292
00:12:32      3328332   3285244   4858260     59.66         4     34956   8413084     68.19   4627868     34668         0       292
00:12:37      3328332   3285244   4858260     59.66         4     34956   8413084     68.19   4627868     34668         0       292
00:12:42      3328332   3285244   4858260     59.66         4     34956   8413084     68.19   4627868     34668         0       292
00:12:47      3328332   3285244   4858260     59.66         4     34956   8413084     68.19   4627868     34668         0       292
00:12:52      3328332   3285244   4858260     59.66         4     34956   8413084     68.19   4627868     34668         0       292
00:12:57      3328332   3285244   4858260     59.66         4     34956   8413084     68.19   4627868     34668         0       292
00:13:02      3328332   3285244   4858260     59.66         4     34956   8413084     68.19   4627868     34668         0       292
00:13:07      3328332   3285244   4858260     59.66         4     34956   8413084     68.19   4627868     34668         0       292
00:13:12      3328332   3285244   4858260     59.66         4     34956   8413084     68.19   4627868     34668         0       292
00:13:17      3328332   3285244   4858260     59.66         4     34956   8413084     68.19   4627868     34668         0       292
00:13:22      3328332   3285244   4858260     59.66         4     34956   8413084     68.19   4627868     34668         0       292
00:13:27      3328332   3285244   4858260     59.66         4     34956   8413084     68.19   4627868     34668         0       292
00:13:32      3328332   3285244   4858260     59.66         4     34956   8413084     68.19   4627868     34668         0       292
00:13:37      3328332   3285244   4858260     59.66         4     34956   8413084     68.19   4627868     34668         0       292
00:13:42      3328332   3285244   4858260     59.66         4     34956   8413084     68.19   4627868     34668         0       292
00:13:47      3328332   3285244   4858260     59.66         4     34956   8413084     68.19   4627868     34668         0       292
00:13:52      3328332   3285244   4858260     59.66         4     34956   8413084     68.19   4627868     34668         0       292
00:13:57      3328332   3285244   4858260     59.66         4     34956   8413084     68.19   4627868     34668         0       292
00:14:02      3328332   3285244   4858260     59.66         4     34956   8413084     68.19   4627868     34668         0       292
00:14:07      3328332   3285244   4858260     59.66         4     34956   8413084     68.19   4627868     34668         0       292
00:14:12      3328332   3285244   4858260     59.66         4     34956   8413084     68.19   4627868     34668         0       292
00:14:17      3328332   3285244   4858260     59.66         4     34956   8413084     68.19   4627868     34668         0       292
00:14:22      3328332   3285244   4858260     59.66         4     34956   8413084     68.19   4627868     34668         0       292
00:14:27      3328332   3285244   4858260     59.66         4     34956   8413084     68.19   4627868     34668         0       292
00:14:32      3328332   3285244   4858260     59.66         4     34956   8413084     68.19   4627868     34668         0       292
00:14:37      3328332   3285244   4858260     59.66         4     34956   8413084     68.19   4627868     34668         0       292
00:14:42      3328332   3285244   4858260     59.66         4     34956   8413084     68.19   4627868     34668         0       292
00:14:47      3328332   3285244   4858260     59.66         4     34956   8413084     68.19   4627868     34668         0       292
00:14:52      3328332   3285244   4858260     59.66         4     34956   8413084     68.19   4627868     34668         0       292
00:14:57      3328332   3285244   4858260     59.66         4     34956   8413084     68.19   4627868     34668         0       292
00:15:02      3328332   3285244   4858260     59.66         4     34956   8413084     68.19   4627868     34668         0       292
00:15:07      3328332   3285244   4858260     59.66         4     34956   8413084     68.19   4627868     34668         0       292
00:15:12      3328332   3285244   4858260     59.66         4     34956   8413084     68.19   4627868     34668         0       292
00:15:17      3328332   3285244   4858260     59.66         4     34956   8413084     68.19   4627868     34668         0       292
00:15:22      3328332   3285244   4858260     59.66         4     34956   8413084     68.19   4627868     34668         0       292
00:15:27      3328332   3285244   4858260     59.66         4     34956   8413084     68.19   4627868     34668         0       292
00:15:32      3328332   3285244   4858260     59.66         4     34956   8413084     68.19   4627868     34668         0       292
00:15:37      3328332   3285244   4858260     59.66         4     34956   8413084     68.19   4627868     34668         0       292
00:15:42      3328332   3285244   4858260     59.66         4     34956   8413084     68.19   4627868     34668         0       292
00:15:47      3328332   3285244   4858260     59.66         4     34956   8413084     68.19   4627868     34668         0       292
00:15:52      3328332   3285244   4858260     59.66         4     34956   8413084     68.19   4627868     34668         0       292
00:15:57      3328332   3285244   4858260     59.66         4     34956   8413084     68.19   4627868     34668         0       292
00:16:02      3328332   3285244   4858260     59.66         4     34956   8413084     68.19   4627868     34668         0       292
00:16:07      3328332   3285244   4858260     59.66         4     34956   8413084     68.19   4627868     34668         0       292
00:16:12      3328332   3285244   4858260     59.66         4     34956   8413084     68.19   4627868     34668         0       292
00:16:17      3328332   3285244   4858260     59.66         4     34956   8413084     68.19   4627868     34668         0       292
00:16:22      3328332   3285244   4858260     59.66         4     34956   8413084     68.19   4627868     34668         0       292
00:16:27      3328332   3285244   4858260     59.66         4     34956   8413084     68.19   4627868     34668         0       292
00:16:32      3328332   3285244   4858260     59.66         4     34956   8413084     68.19   4627868     34668         0       292
00:16:37      3328332   3285244   4858260     59.66         4     34956   8413084     68.19   4627868     34668         0       292
00:16:42      3328332   3285244   4858260     59.66         4     34956   8413084     68.19   4627868     34668         0       292
00:16:47      3328332   3285244   4858260     59.66         4     34956   8413084     68.19   4627868     34668         0       292
00:16:52      3328332   3285244   4858260     59.66         4     34956   8413084     68.19   4627868     34668         0       292
00:16:57      3328332   3285244   4858260     59.66         4     34956   8413084     68.19   4627868     34668         0       292
00:17:02      3328332   3285244   4858260     59.66         4     34956   8413084     68.19   4627868     34668         0       292
00:17:07      3328332   3285244   4858260     59.66         4     34956   8413084     68.19   4627868     34668         0       292
00:17:12      3328332   3285244   4858260     59.66         4     34956   8413084     68.19   4627868     34668         0       292
00:17:17      3328332   3285244   4858260     59.66         4     34956   8413084     68.19   4627868     34668         0       292
00:17:22      3328332   3285244   4858260     59.66         4     34956   8413084     68.19   4627868     34668         0       292
00:17:27      3328332   3285244   4858260     59.66         4     34956   8413084     68.19   4627868     34668         0       292
00:17:32      3328332   3285244   4858260     59.66         4     34956   8413084     68.19   4627868     34668         0       292
00:17:37      3328332   3285244   4858260     59.66         4     34956   8413084     68.19   4627868     34668         0       292
00:17:42      3328332   3285244   4858260     59.66         4     34956   8413084     68.19   4627868     34668         0       292
00:17:47      3328332   3285244   4858260     59.66         4     34956   8413084     68.19   4627868     34668         0       292
00:17:52      3328332   3285244   4858260     59.66         4     34956   8413084     68.19   4627868     34668         0       292
00:17:57      3328332   3285244   4858260     59.66         4     34956   8413084     68.19   4627868     34668         0       292
00:18:02      3328332   3285244   4858260     59.66         4     34956   8413084     68.19   4627868     34668         0       292
00:18:07      3328332   3285244   4858260     59.66         4     34956   8413084     68.19   4627868     34668         0       292
00:18:12      3328332   3285244   4858260     59.66         4     34956   8413084     68.19   4627868     34668         0       292
00:18:17      3328332   3285244   4858260     59.66         4     34956   8413084     68.19   4627868     34668         0       292
00:18:22      3328332   3285244   4858260     59.66         4     34956   8413084     68.19   4627868     34668         0       292
00:18:27      3328332   3285244   4858260     59.66         4     34956   8413084     68.19   4627868     34668         0       292
00:18:32      3328332   3285244   4858260     59.66         4     34956   8413084     68.19   4627868     34668         0       292
00:18:37      3328332   3285244   4858260     59.66         4     34956   8413084     68.19   4627868     34668         0       292
00:18:42      3328332   3285244   4858260     59.66         4     34956   8413084     68.19   4627868     34668         0       292
00:18:47      3328332   3285244   4858260     59.66         4     34956   8413084     68.19   4627868     34668         0       292
00:18:52      3328332   3285244   4858260     59.66         4     34956   8413084     68.19   4627868     34668         0       292
00:18:57      3328332   3285244   4858260     59.66         4     34956   8413084     68.19   4627868     34668         0       292
00:19:02      3328332   3285244   4858260     59.66         4     34956   8413084     68.19   4627868     34668         0       292
00:19:07      3328332   3285244   4858260     59.66         4     34956   8413084     68.19   4627868     34668         0       292
00:19:12      3328332   3285244   4858260     59.66         4     34956   8413084     68.19   4627868     34668         0       292
00:19:17      3328332   3285244   4858260     59.66         4     34956   8413084     68.19   4627868     34668         0       292
00:19:22      3328332   3285244   4858260     59.66         4     34956   8413084     68.19   4627868     34668         0       292
00:19:27      3328332   3285244   4858260     59.66         4     34956   8413084     68.19   4627868     34668         0       292
00:19:32      3328332   3285244   4858260     59.66         4     34956   8413084     68.19   4627868     34668         0       292
00:19:37      3328332   3285244   4858260     59.66         4     34956   8413084     68.19   4627868     34668         0       292
00:19:42      3328332   3285244   4858260     59.66         4     34956   8413084     68.19   4627868     34668         0       292
00:19:47      3328332   3285244   4858260     59.66         4     34956   8413084     68.19   4627868     34668         0       292
00:19:52      3328332   3285244   4858260     59.66         4     34956   8413084     68.19   4627868     34668         0       292
00:19:57      3328332   3285244   4858260     59.66         4     34956   8413084     68.19   4627868     34668         0       292
00:20:02      3328332   3285244   4858260     59.66         4     34956   8413084     68.19   4627868     34668         0       292
00:20:07      3328332   3285244   4858260     59.66         4     34956   8413084     68.19   4627868     34668         0       292
00:20:12      3328332   3285244   4858260     59.66         4     34956   8413084     68.19   4627868     34668         0       292
00:20:17      3328332   3285244   4858260     59.66         4     34956   8413084     68.19   4627868     34668         0       292
00:20:22      3328332   3285244   4858260     59.66         4     34956   8413084     68.19   4627868     34668         0       292
00:20:27      3328332   3285244   4858260     59.66         4     34956   8413084     68.19   4627868     34668         0       292
00:20:32      3328332   3285244   4858260     59.66         4     34956   8413084     68.19   4627868     34668         0       292
00:20:37      3328332   3285244   4858260     59.66         4     34956   8413084     68.19   4627868     34668         0       292
00:20:42      3328332   3285244   4858260     59.66         4     34956   8413084     68.19   4627868     34668         0       292
00:20:47      3328332   3285244   4858260     59.66         4     34956   8413084     68.19   4627868     34668         0       292
00:20:52      3328332   3285244   4858260     59.66         4     34956   8413084     68.19   4627868     34668         0       292
00:20:57      3328332   3285244   4858260     59.66         4     34956   8413084     68.19   4627868     34668         0       292
00:21:02      3328332   3285244   4858260     59.66         4     34956   8413084     68.19   4627868     34668         0       292
00:21:07      3328332   3285244   4858260     59.66         4     34956   8413084     68.19   4627868     34668         0       292
00:21:12      3328332   3285244   4858260     59.66         4     34956   8413084     68.19   4627868     34668         0       292
00:21:17      3328332   3285244   4858260     59.66         4     34956   8413084     68.19   4627868     34668         0       292
00:21:22      3328332   3285244   4858260     59.66         4     34956   8413084     68.19   4627868     34668         0       292
00:21:27      3328332   3285244   4858260     59.66         4     34956   8413084     68.19   4627868     34668         0       292
00:21:32      3328332   3285244   4858260     59.66         4     34956   8413084     68.19   4627868     34668         0       292
00:21:37      3328332   3285244   4858260     59.66         4     34956   8413084     68.19   4627868     34668         0       292
00:21:42      3328332   3285244   4858260     59.66         4     34956   8413084     68.19   4627868     34668         0       292
00:21:47      3328332   3285244   4858260     59.66         4     34956   8413084     68.19   4627868     34668         0       292
00:21:52      3328332   3285244   4858260     59.66         4     34956   8413084     68.19   4627868     34668         0       292
00:21:57      3328332   3285244   4858260     59.66         4     34956   8413084     68.19   4627868     34668         0       292
00:22:02      3328332   3285244   4858260     59.66         4     34956   8413084     68.19   4627868     34668         0       292
00:22:07      3328332   3285244   4858260     59.66         4     34956   8413084     68.19   4627868     34668         0       292
00:22:12      3328332   3285244   4858260     59.66         4     34956   8413084     68.19   4627868     34668         0       292
00:22:17      3328332   3285244   4858260     59.66         4     34956   8413084     68.19   4627868     34668         0       292
00:22:22      3328332   3285244   4858260     59.66         4     34956   8413084     68.19   4627868     34668         0       292
00:22:27      3328332   3285244   4858260     59.66         4     34956   8413084     68.19   4627868     34668         0       292
00:22:32      3328332   3285244   4858260     59.66         4     34956   8413084     68.19   4627868     34668         0       292
00:22:37      3328332   3285244   4858260     59.66         4     34956   8413084     68.19   4627868     34668         0       292
00:22:42      3328332   3285244   4858260     59.66         4     34956   8413084     68.19   4627868     34668         0       292
00:22:47      3328332   3285244   4858260     59.66         4     34956   8413084     68.19   4627868     34668         0       292
00:22:52      3328332   3285244   4858260     59.66         4     34956   8413084     68.19   4627868     34668         0       292
00:22:57      3328332   3285244   4858260     59.66         4     34956   8413084     68.19   4627868     34668         0       292
00:23:02      3328332   3285244   4858260     59.66         4     34956   8413084     68.19   4627868     34668         0       292
00:23:07      3328332   3285244   4858260     59.66         4     34956   8413084     68.19   4627868     34668         0       292
00:23:12      3328332   3285244   4858260     59.66         4     34956   8413084     68.19   4627868     34668         0       292
00:23:17      3328332   3285244   4858260     59.66         4     34956   8413084     68.19   4627868     34668         0       292
00:23:22      3328332   3285244   4858260     59.66         4     34956   8413084     68.19   4627868     34668         0       292
00:23:27      3328332   3285244   4858260     59.66         4     34956   8413084     68.19   4627868     34668         0       292
00:23:32      3328332   3285244   4858260     59.66         4     34956   8413084     68.19   4627868     34668         0       292
00:23:37      3328332   3285244   4858260     59.66         4     34956   8413084     68.19   4627868     34668         0       292
00:23:42      3328332   3285244   4858260     59.66         4     34956   8413084     68.19   4627868     34668         0       292
00:23:47      3328332   3285244   4858260     59.66         4     34956   8413084     68.19   4627868     34668         0       292
00:23:52      3328332   3285244   4858260     59.66         4     34956   8413084     68.19   4627868     34668         0       292
00:23:57      3328332   3285244   4858260     59.66         4     34956   8413084     68.19   4627868     34668         0       292
00:24:02      3328332   3285244   4858260     59.66         4     34956   8413084     68.19   4627868     34668         0       292
00:24:07      3328332   3285244   4858260     59.66         4     34956   8413084     68.19   4627868     34668         0       292
00:24:12      3328332   3285244   4858260     59.66         4     34956   8413084     68.19   4627868     34668         0       292
00:24:17      3328332   3285244   4858260     59.66         4     34956   8413084     68.19   4627868     34668         0       292
00:24:22      3328332   3285244   4858260     59.66         4     34956   8413084     68.19   4627868     34668         0       292
00:24:27      3328332   3285244   4858260     59.66         4     34956   8413084     68.19   4627868     34668         0       292
00:24:32      3328332   3285244   4858260     59.66         4     34956   8413084     68.19   4627868     34668         0       292
00:24:37      3328332   3285244   4858260     59.66         4     34956   8413084     68.19   4627868     34668         0       292
00:24:42      3328332   3285244   4858260     59.66         4     34956   8413084     68.19   4627868     34668         0       292
00:24:47      3328332   3285244   4858260     59.66         4     34956   8413084     68.19   4627868     34668         0       292
00:24:52      3328332   3285244   4858260     59.66         4     34956   8413084     68.19   4627868     34668         0       292
00:24:57      3328332   3285244   4858260     59.66         4     34956   8413084     68.19   4627868     34668         0       292
00:25:02      3328332   3285244   4858260     59.66         4     34956   8413084     68.19   4627868     34668         0       292
00:25:07      3328332   3285244   4858260     59.66         4     34956   8413084     68.19   4627868     34668         0       292
00:25:12      3328332   3285244   4858260     59.66         4     34956   8413084     68.19   4627868     34668         0       292
00:25:17      3328332   3285244   4858260     59.66         4     34956   8413084     68.19   4627868     34668         0       292
00:25:22      3328332   3285244   4858260     59.66         4     34956   8413084     68.19   4627868     34668         0       292
00:25:27      3328332   3285244   4858260     59.66         4     34956   8413084     68.19   4627868     34668         0       292
00:25:32      3328332   3285244   4858260     59.66         4     34956   8413084     68.19   4627868     34668         0       292
00:25:37      3328332   3285244   4858260     59.66         4     34956   8413084     68.19   4627868     34668         0       292
00:25:42      3328332   3285244   4858260     59.66         4     34956   8413084     68.19   4627868     34668         0       292
00:25:47      3328332   3285244   4858260     59.66         4     34956   8413084     68.19   4627868     34668         0       292
00:25:52      3328332   3285244   4858260     59.66         4     34956   8413084     68.19   4627868     34668         0       292
00:25:57      3328332   3285244   4858260     59.66         4     34956   8413084     68.19   4627868     34668         0       292
00:26:02      3328332   3285244   4858260     59.66         4     34956   8413084     68.19   4627868     34668         0       292
00:26:07      3328332   3285244   4858260     59.66         4     34956   8413084     68.19   4627868     34668         0       292
00:26:12      3328332   3285244   4858260     59.66         4     34956   8413084     68.19   4627868     34668         0       292
00:26:17      3328332   3285244   4858260     59.66         4     34956   8413084     68.19   4627868     34668         0       292
00:26:22      3328332   3285244   4858260     59.66         4     34956   8413084     68.19   4627868     34668         0       292
00:26:27      3328332   3285244   4858260     59.66         4     34956   8413084     68.19   4627868     34668         0       292
00:26:32      3328332   3285244   4858260     59.66         4     34956   8413084     68.19   4627868     34668         0       292
00:26:37      3328332   3285244   4858260     59.66         4     34956   8413084     68.19   4627868     34668         0       292
00:26:42      3328332   3285244   4858260     59.66         4     34956   8413084     68.19   4627868     34668         0       292
00:26:47      3328332   3285244   4858260     59.66         4     34956   8413084     68.19   4627868     34668         0       292
00:26:52      3328332   3285244   4858260     59.66         4     34956   8413084     68.19   4627868     34668         0       292
00:26:57      3328332   3285244   4858260     59.66         4     34956   8413084     68.19   4627868     34668         0       292
00:27:02      3328332   3285244   4858260     59.66         4     34956   8413084     68.19   4627868     34668         0       292
00:27:07      3328332   3285244   4858260     59.66         4     34956   8413084     68.19   4627868     34668         0       292
00:27:12      3328332   3285244   4858260     59.66         4     34956   8413084     68.19   4627868     34668         0       292
00:27:17      3328332   3285244   4858260     59.66         4     34956   8413084     68.19   4627868     34668         0       292
00:27:22      3328332   3285244   4858260     59.66         4     34956   8413084     68.19   4627868     34668         0       292
00:27:27      3328332   3285244   4858260     59.66         4     34956   8413084     68.19   4627868     34668         0       292
00:27:32      3328332   3285244   4858260     59.66         4     34956   8413084     68.19   4627868     34668         0       292
00:27:37      3328332   3285244   4858260     59.66         4     34956   8413084     68.19   4627868     34668         0       292
00:27:42      3328332   3285244   4858260     59.66         4     34956   8413084     68.19   4627868     34668         0       292
00:27:47      3328332   3285244   4858260     59.66         4     34956   8413084     68.19   4627868     34668         0       292
00:27:52      3328332   3285244   4858260     59.66         4     34956   8413084     68.19   4627868     34668         0       292
00:27:57      3328332   3285244   4858260     59.66         4     34956   8413084     68.19   4627868     34668         0       292
00:28:02      3328332   3285244   4858260     59.66         4     34956   8413084     68.19   4627868     34668         0       292
00:28:07      3328332   3285244   4858260     59.66         4     34956   8413084     68.19   4627868     34668         0       292
00:28:12      3328332   3285244   4858260     59.66         4     34956   8413084     68.19   4627868     34668         0       292
Average:      3567576   3524488   4619016     56.72         4     34956   8413084     68.19   4389336     34668         0       292
