Linux 7.2.0-rc5-virtme (virtme-ng) 	08/01/26 	_x86_64_	(12 CPU)

21:18:51     %scpu-10  %scpu-60 %scpu-300     %scpu
21:18:56         0.05      0.02      0.00      0.13
21:19:01         0.02      0.02      0.00      0.10
21:19:06         0.01      0.02      0.00      0.19
21:19:11         0.00      0.01      0.00      0.22
21:19:16         0.00      0.01      0.00      0.24
21:19:21         0.00      0.01      0.00      0.37
21:19:26         0.00      0.01      0.00      0.28
21:19:31         0.00      0.01      0.00      0.13
21:19:36         0.00      0.01      0.00      0.09
21:19:41         0.00      0.00      0.00      0.12
21:19:46         0.00      0.00      0.00      0.15
21:19:51         0.00      0.00      0.00      0.10
21:19:56         0.00      0.00      0.00      0.07
21:20:01         0.00      0.00      0.00      0.17
21:20:06         0.00      0.00      0.00      0.09
21:20:11         0.00      0.00      0.00      0.26
21:20:16         0.00      0.00      0.00      0.16
21:20:21         0.00      0.00      0.00      0.11
21:20:26         0.00      0.00      0.00      0.09
21:20:31         0.00      0.00      0.00      0.29
21:20:36         0.00      0.00      0.00      0.09
21:20:41         0.00      0.00      0.00      0.22
21:20:46         0.00      0.00      0.00      0.28
21:20:51         0.00      0.00      0.00      0.15
21:20:56         0.00      0.00      0.00      0.17
21:21:01         0.00      0.00      0.00      0.16
21:21:06         0.00      0.00      0.00      0.24
21:21:11         0.00      0.00      0.00      0.15
21:21:16         0.00      0.00      0.00      0.02
21:21:21         0.00      0.00      0.00      0.16
21:21:26         0.00      0.00      0.00      0.06
21:21:31         0.00      0.00      0.00      0.07
21:21:36         0.00      0.00      0.00      0.07
21:21:41         0.00      0.00      0.00      0.06
21:21:46         0.00      0.00      0.00      0.05
21:21:51         0.00      0.00      0.00      0.08
21:21:56         0.00      0.00      0.00      0.08
21:22:01         0.00      0.00      0.00      0.04
21:22:06         0.00      0.00      0.00      0.04
21:22:11         0.00      0.00      0.00      0.11
21:22:16         0.00      0.00      0.00      0.06
21:22:21         0.00      0.00      0.00      0.05
21:22:26         0.00      0.00      0.00      0.05
21:22:31         0.00      0.00      0.00      0.04
21:22:36         0.00      0.00      0.00      0.02
21:22:41         0.00      0.00      0.00      0.11
21:22:46         0.00      0.00      0.00      0.06
21:22:51         0.00      0.00      0.00      0.06
21:22:56         0.00      0.00      0.00      0.05
21:23:01         0.00      0.00      0.00      0.11
21:23:06         0.00      0.00      0.00      0.02
21:23:11         0.00      0.00      0.00      0.03
21:23:16         0.00      0.00      0.00      0.05
21:23:21         0.00      0.00      0.00      0.04
21:23:26         0.00      0.00      0.00      0.02
21:23:31         0.00      0.00      0.00      0.08
21:23:36         0.00      0.00      0.00      0.03
21:23:41         0.00      0.00      0.00      0.10
21:23:46         0.00      0.00      0.00      0.06
21:23:51         0.00      0.00      0.00      0.07
21:23:56         0.00      0.00      0.00      0.03
21:24:01         0.00      0.00      0.00      0.06
21:24:06         0.00      0.00      0.00      0.05
21:24:11         0.00      0.00      0.00      0.09
21:24:16         0.00      0.00      0.00      0.09
21:24:21         0.00      0.00      0.00      0.04
21:24:26         0.00      0.00      0.00      0.06
21:24:31         0.00      0.00      0.00      0.09
21:24:36         0.00      0.00      0.00      0.12
21:24:41         0.00      0.00      0.00      0.09
21:24:46         0.00      0.00      0.00      0.13
21:24:51         0.00      0.00      0.00      0.04
21:24:56         0.00      0.00      0.00      0.07
21:25:01         0.00      0.00      0.00      0.06
21:25:06         0.00      0.00      0.00      0.04
21:25:11         0.00      0.00      0.00      0.09
21:25:16         0.00      0.00      0.00      0.05
21:25:21         0.00      0.00      0.00      0.07
21:25:26         0.00      0.00      0.00      0.06
21:25:31         0.00      0.00      0.00      0.10
21:25:36         0.00      0.00      0.00      0.01
21:25:41         0.00      0.00      0.00      0.01
21:25:46         0.00      0.00      0.00      0.02
21:25:51         0.00      0.00      0.00      0.06
21:25:56         0.00      0.00      0.00      0.10
21:26:01         0.00      0.00      0.00      0.05
21:26:06         0.00      0.00      0.00      0.05
21:26:11         0.00      0.00      0.00      0.05
21:26:16         0.00      0.00      0.00      0.03
21:26:21         0.00      0.00      0.00      0.09
21:26:26         0.00      0.00      0.00      0.03
21:26:31         0.00      0.00      0.00      0.05
21:26:36         0.00      0.00      0.00      0.06
21:26:41         0.00      0.00      0.00      0.13
21:26:46         0.00      0.00      0.00      0.05
21:26:51         0.00      0.00      0.00      0.07
21:26:56         0.00      0.00      0.00      0.05
21:27:01         0.00      0.00      0.00      0.04
21:27:06         0.00      0.00      0.00      0.05
21:27:11         0.00      0.00      0.00      0.04
21:27:16         0.00      0.00      0.00      0.10
21:27:21         0.00      0.00      0.00      0.05
21:27:26         0.00      0.00      0.00      0.02
21:27:31         0.00      0.00      0.00      0.19
21:27:36         0.00      0.00      0.00      0.04
21:27:41         0.00      0.00      0.00      0.03
21:27:46         0.00      0.00      0.00      0.13
21:27:51         0.00      0.00      0.00      0.11
21:27:56         0.00      0.00      0.00      0.04
21:28:01         0.00      0.00      0.00      0.08
21:28:06         0.00      0.00      0.00      0.05
21:28:11         0.00      0.00      0.00      0.11
21:28:16         0.00      0.00      0.00      0.06
21:28:21         0.00      0.00      0.00      0.05
21:28:26         0.00      0.00      0.00      0.08
21:28:31         0.00      0.00      0.00      0.10
21:28:36         0.00      0.00      0.00      0.06
21:28:41         0.00      0.00      0.00      0.10
21:28:46         0.00      0.00      0.00      0.04
21:28:51         0.00      0.00      0.00      0.27
21:28:56         0.00      0.00      0.00      0.04
21:29:01         0.00      0.00      0.00      0.07
21:29:06         0.00      0.00      0.00      0.02
21:29:11         0.00      0.00      0.00      0.05
21:29:16         0.00      0.00      0.00      0.05
21:29:21         0.00      0.00      0.00      0.07
21:29:26         0.00      0.00      0.00      0.07
21:29:31         0.00      0.00      0.00      0.03
21:29:36         0.00      0.00      0.00      0.03
21:29:41         0.00      0.00      0.00      0.03
21:29:46         0.00      0.00      0.00      0.07
21:29:51         0.00      0.00      0.00      0.05
21:29:56         0.00      0.00      0.00      0.19
21:30:01         0.00      0.00      0.00      0.07
21:30:06         0.00      0.00      0.00      0.08
21:30:11         0.00      0.00      0.00      0.07
21:30:16         0.00      0.00      0.00      0.08
21:30:21         0.00      0.00      0.00      0.03
21:30:26         0.00      0.00      0.00      0.06
21:30:31         0.00      0.00      0.00      0.09
21:30:36         0.00      0.00      0.00      0.07
21:30:41         0.00      0.00      0.00      0.05
21:30:46         0.00      0.00      0.00      0.10
21:30:51         0.00      0.00      0.00      0.05
21:30:56         0.00      0.00      0.00      0.04
21:31:01         0.00      0.00      0.00      0.17
21:31:06         0.00      0.00      0.00      0.07
21:31:11         0.00      0.00      0.00      0.07
21:31:16         0.00      0.00      0.00      0.09
21:31:21         0.00      0.00      0.00      0.05
21:31:26         0.00      0.00      0.00      0.07
21:31:31         0.00      0.00      0.00      0.08
21:31:36         0.00      0.00      0.00      0.06
21:31:41         0.00      0.00      0.00      0.06
21:31:46         0.00      0.00      0.00      0.05
21:31:51         0.00      0.00      0.00      0.05
21:31:56         0.00      0.00      0.00      0.11
21:32:01         0.00      0.00      0.00      0.04
21:32:06         0.00      0.00      0.00      0.34
21:32:11         0.00      0.00      0.00      0.13
21:32:16         0.00      0.00      0.00      0.04
21:32:21         0.00      0.00      0.00      0.10
21:32:26         0.00      0.00      0.00      0.17
21:32:31         0.00      0.00      0.00      0.23
21:32:36         0.00      0.00      0.00      0.16
21:32:41         0.00      0.00      0.00      0.33
21:32:46         0.00      0.00      0.00      0.14
21:32:51         0.00      0.00      0.00      0.20
21:32:56         0.00      0.00      0.00      0.12
21:33:01         0.00      0.00      0.00      0.09
21:33:06         0.00      0.00      0.00      0.45
21:33:11         0.00      0.00      0.00      0.14
21:33:16         0.00      0.00      0.00      0.51
21:33:21         0.00      0.00      0.00      0.06
21:33:26         0.00      0.00      0.00      0.04
21:33:31         0.00      0.00      0.00      0.05
21:33:36         0.00      0.00      0.00      0.05
21:33:41         0.00      0.00      0.00      0.07
21:33:46         0.00      0.00      0.00      0.03
21:33:51         0.00      0.00      0.00      0.03
21:33:56         0.00      0.00      0.00      0.03
21:34:01         0.00      0.00      0.00      0.04
21:34:06         0.00      0.00      0.00      0.04
21:34:11         0.00      0.00      0.00      0.05
21:34:16         0.00      0.00      0.00      0.04
21:34:21         0.00      0.00      0.00      0.02
21:34:26         0.00      0.00      0.00      0.03
21:34:31         0.00      0.00      0.00      0.06
21:34:36         0.00      0.00      0.00      0.06
21:34:41         0.00      0.00      0.00      0.08
21:34:46         0.00      0.00      0.00      0.08
21:34:51         0.00      0.00      0.00      0.06
21:34:56         0.00      0.00      0.00      0.08
21:35:01         0.00      0.00      0.00      0.06
21:35:06         0.00      0.00      0.00      0.03
21:35:11         0.00      0.00      0.00      0.05
21:35:16         0.00      0.00      0.00      0.05
21:35:21         0.00      0.00      0.00      0.12
21:35:26         0.00      0.00      0.00      0.08
21:35:31         0.00      0.00      0.00      0.18
21:35:36         0.00      0.00      0.00      0.05
21:35:41         0.00      0.00      0.00      0.05
21:35:46         0.00      0.00      0.00      0.08
21:35:51         0.00      0.00      0.00      0.10
21:35:56         0.00      0.00      0.00      0.05
21:36:01         0.00      0.00      0.00      0.01
21:36:06         0.00      0.00      0.00      0.00
21:36:11         0.00      0.00      0.00      0.19
21:36:16         0.00      0.00      0.00      0.15
21:36:21         0.00      0.00      0.00      0.07
21:36:26         0.00      0.00      0.00      0.03
21:36:31         0.00      0.00      0.00      0.14
21:36:36         0.00      0.00      0.00      0.20
21:36:41         0.00      0.00      0.00      0.05
21:36:46         0.00      0.00      0.00      0.07
21:36:51         0.00      0.00      0.00      0.06
21:36:56         0.00      0.00      0.00      0.14
21:37:01         0.00      0.00      0.00      0.02
21:37:06         0.00      0.00      0.00      0.02
21:37:11         0.00      0.00      0.00      0.07
21:37:16         0.00      0.00      0.00      0.04
21:37:21         0.00      0.00      0.00      0.10
21:37:26         0.00      0.00      0.00      0.04
21:37:31         0.00      0.00      0.00      0.02
21:37:36         0.00      0.00      0.00      0.07
21:37:41         0.00      0.00      0.00      0.03
21:37:46         0.00      0.00      0.00      0.04
21:37:51         0.00      0.00      0.00      0.07
21:37:56         0.00      0.00      0.00      0.07
21:38:01         0.00      0.00      0.00      0.09
21:38:06         0.00      0.00      0.00      0.01
21:38:11         0.00      0.00      0.00      0.05
21:38:16         0.00      0.00      0.00      0.10
21:38:21         0.00      0.00      0.00      0.02
21:38:26         0.00      0.00      0.00      0.02
21:38:31         0.00      0.00      0.00      0.04
21:38:36         0.00      0.00      0.00      0.03
21:38:41         0.00      0.00      0.00      0.03
21:38:46         0.00      0.00      0.00      0.11
21:38:51         0.00      0.00      0.00      0.06
21:38:56         0.00      0.00      0.00      0.05
21:39:01         0.00      0.00      0.00      0.06
21:39:06         0.00      0.00      0.00      0.03
21:39:11         0.00      0.00      0.00      0.03
21:39:16         0.00      0.00      0.00      0.07
21:39:21         0.00      0.00      0.00      0.02
21:39:26         0.00      0.00      0.00      0.09
21:39:31         0.00      0.00      0.00      0.05
21:39:36         0.00      0.00      0.00      0.03
21:39:41         0.00      0.00      0.00      0.04
21:39:46         0.00      0.00      0.00      0.10
21:39:51         0.00      0.00      0.00      0.02
21:39:56         0.00      0.00      0.00      0.03
21:40:01         0.00      0.00      0.00      0.07
21:40:06         0.00      0.00      0.00      0.04
21:40:11         0.00      0.00      0.00      0.14
21:40:16         0.00      0.00      0.00      0.02
21:40:21         0.00      0.00      0.00      0.06
21:40:26         0.00      0.00      0.00      0.03
21:40:31         0.00      0.00      0.00      0.13
21:40:36         0.00      0.00      0.00      0.08
21:40:41         0.00      0.00      0.00      0.03
21:40:46         0.00      0.00      0.00      0.07
21:40:51         0.00      0.00      0.00      0.06
21:40:56         0.00      0.00      0.00      0.04
21:41:01         0.00      0.00      0.00      0.02
21:41:06         0.00      0.00      0.00      0.08
21:41:11         0.00      0.00      0.00      0.04
21:41:16         0.00      0.00      0.00      0.05
21:41:21         0.00      0.00      0.00      0.06
21:41:26         0.00      0.00      0.00      0.06
21:41:31         0.00      0.00      0.00      0.04
21:41:36         0.00      0.00      0.00      0.03
21:41:41         0.00      0.00      0.00      0.04
21:41:46         0.00      0.00      0.00      0.04
21:41:51         0.00      0.00      0.00      0.11
21:41:56         0.00      0.00      0.00      0.03
21:42:01         0.00      0.00      0.00      0.05
21:42:06         0.00      0.00      0.00      0.07
21:42:11         0.00      0.00      0.00      0.08
21:42:16         0.00      0.00      0.00      0.05
21:42:21         0.00      0.00      0.00      0.16
21:42:26         0.00      0.00      0.00      0.12
21:42:31         0.00      0.00      0.00      0.04
21:42:36         0.00      0.00      0.00      0.03
21:42:41         0.00      0.00      0.00      0.08
21:42:46         0.00      0.00      0.00      0.08
21:42:51         0.00      0.00      0.00      0.02
21:42:56         0.00      0.00      0.00      0.05
21:43:01         0.00      0.00      0.00      0.04
21:43:06         0.00      0.00      0.00      0.06
21:43:11         0.00      0.00      0.00      0.04
21:43:16         0.00      0.00      0.00      0.06
21:43:21         0.00      0.00      0.00      0.25
21:43:26         0.00      0.00      0.00      0.07
21:43:31         0.00      0.00      0.00      0.09
21:43:36         0.00      0.00      0.00      0.05
21:43:41         0.00      0.00      0.00      0.08
21:43:46         0.00      0.00      0.00      0.08
21:43:51         0.00      0.00      0.00      0.03
21:43:56         0.00      0.00      0.00      0.06
21:44:01         0.00      0.00      0.00      0.02
21:44:06         0.00      0.00      0.00      0.03
21:44:11         0.00      0.00      0.00      0.04
21:44:16         0.00      0.00      0.00      0.06
21:44:21         0.00      0.00      0.00      0.02
21:44:26         0.00      0.00      0.00      0.07
21:44:31         0.00      0.00      0.00      0.13
21:44:36         0.00      0.00      0.00      0.05
21:44:41         0.00      0.00      0.00      0.03
21:44:46         0.00      0.00      0.00      0.11
21:44:51         0.00      0.00      0.00      0.04
21:44:56         0.00      0.00      0.00      0.03
21:45:01         0.00      0.00      0.00      0.00
21:45:06         0.00      0.00      0.00      0.00
21:45:11         0.00      0.00      0.00      0.07
21:45:16         0.00      0.00      0.00      0.19
21:45:21         0.00      0.00      0.00      0.08
21:45:26         0.00      0.00      0.00      0.14
21:45:31         0.00      0.00      0.00      0.04
21:45:36         0.00      0.00      0.00      0.10
21:45:41         0.00      0.00      0.00      0.09
21:45:46         0.00      0.00      0.00      0.13
21:45:51         0.00      0.00      0.00      0.07
21:45:56         0.00      0.00      0.00      0.03
21:46:01         0.00      0.00      0.00      0.05
21:46:06         0.00      0.00      0.00      0.08
21:46:11         0.00      0.00      0.00      0.12
21:46:16         0.00      0.00      0.00      0.07
21:46:21         0.00      0.00      0.00      0.06
21:46:26         0.00      0.00      0.00      0.07
21:46:31         0.00      0.00      0.00      0.09
21:46:36         0.00      0.00      0.00      0.11
21:46:41         0.00      0.00      0.00      0.12
21:46:46         0.00      0.00      0.00      0.09
21:46:51         0.00      0.00      0.00      0.09
21:46:56         0.00      0.00      0.00      0.02
21:47:01         0.00      0.00      0.00      0.05
21:47:06         0.00      0.00      0.00      0.06
21:47:11         0.00      0.00      0.00      0.04
21:47:16         0.00      0.00      0.00      0.07
21:47:21         0.00      0.00      0.00      0.04
21:47:26         0.00      0.00      0.00      0.06
21:47:31         0.00      0.00      0.00      0.01
21:47:36         0.00      0.00      0.00      0.06
21:47:41         0.00      0.00      0.00      0.05
21:47:46         0.00      0.00      0.00      0.11
21:47:51         0.00      0.00      0.00      0.38
21:47:56         0.00      0.00      0.00      0.08
21:48:01         0.00      0.00      0.00      0.08
21:48:06         0.00      0.00      0.00      0.10
21:48:11         0.00      0.00      0.00      0.07
21:48:16         0.00      0.00      0.00      0.05
21:48:21         0.00      0.00      0.00      0.09
21:48:26         0.00      0.00      0.00      0.07
21:48:31         0.00      0.00      0.00      0.07
21:48:36         0.00      0.00      0.00      0.12
21:48:41         0.00      0.00      0.00      0.04
21:48:46         0.00      0.00      0.00      0.07
21:48:51         0.00      0.00      0.00      0.12
21:48:56         0.00      0.00      0.00      0.08
21:49:01         0.00      0.00      0.00      0.06
21:49:06         0.00      0.00      0.00      0.27
21:49:11         0.00      0.00      0.00      0.12
21:49:16         0.00      0.00      0.00      0.03
21:49:21         0.00      0.00      0.00      0.08
21:49:26         0.00      0.00      0.00      0.06
21:49:31         0.00      0.00      0.00      0.14
21:49:36         0.00      0.00      0.00      0.02
21:49:41         0.00      0.00      0.00      0.07
21:49:46         0.00      0.00      0.00      0.15
21:49:51         0.00      0.00      0.00      0.11
21:49:56         0.00      0.00      0.00      0.06
21:50:01         0.00      0.00      0.00      0.06
21:50:06         0.00      0.00      0.00      0.04
21:50:11         0.00      0.00      0.00      0.08
21:50:16         0.00      0.00      0.00      0.04
21:50:21         0.00      0.00      0.00      0.05
21:50:26         0.00      0.00      0.00      0.06
21:50:31         0.00      0.00      0.00      0.02
21:50:36         0.00      0.00      0.00      0.05
21:50:41         0.00      0.00      0.00      0.04
21:50:46         0.00      0.00      0.00      0.03
21:50:51         0.00      0.00      0.00      0.01
21:50:56         0.00      0.00      0.00      0.08
21:51:01         0.00      0.00      0.00      0.06
21:51:06         0.00      0.00      0.00      0.05
21:51:11         0.00      0.00      0.00      0.02
21:51:16         0.00      0.00      0.00      0.10
21:51:21         0.00      0.00      0.00      0.04
21:51:26         0.00      0.00      0.00      0.05
21:51:31         0.00      0.00      0.00      0.05
21:51:36         0.00      0.00      0.00      0.04
21:51:41         0.00      0.00      0.00      0.05
21:51:46         0.00      0.00      0.00      0.04
21:51:51         0.00      0.00      0.00      0.02
21:51:56         0.00      0.00      0.00      0.08
21:52:01         0.00      0.00      0.00      0.10
21:52:06         0.00      0.00      0.00      0.04
21:52:11         0.00      0.00      0.00      0.05
21:52:16         0.00      0.00      0.00      0.05
21:52:21         0.00      0.00      0.00      0.04
21:52:26         0.00      0.00      0.00      0.02
21:52:31         0.00      0.00      0.00      0.04
21:52:36         0.00      0.00      0.00      0.07
21:52:41         0.00      0.00      0.00      0.05
21:52:46         0.00      0.00      0.00      0.06
21:52:51         0.00      0.00      0.00      0.02
21:52:56         0.00      0.00      0.00      0.11
21:53:01         0.00      0.00      0.00      0.00
21:53:06         0.00      0.00      0.00      0.03
21:53:11         0.00      0.00      0.00      0.06
21:53:16         0.00      0.00      0.00      0.05
21:53:21         0.00      0.00      0.00      0.08
21:53:26         0.00      0.00      0.00      0.09
21:53:31         0.00      0.00      0.00      0.21
21:53:36         0.00      0.00      0.00      0.10
21:53:41         0.00      0.00      0.00      0.22
21:53:46         0.00      0.00      0.00      0.06
21:53:51         0.00      0.00      0.00      0.14
21:53:56         0.00      0.00      0.00      0.07
21:54:01         0.00      0.00      0.00      0.07
21:54:06         0.00      0.00      0.00      0.04
21:54:11         0.00      0.00      0.00      0.04
21:54:16         0.00      0.00      0.00      0.07
21:54:21         0.00      0.00      0.00      0.05
21:54:26         0.00      0.00      0.00      0.02
21:54:31         0.00      0.00      0.00      0.06
21:54:36         0.00      0.00      0.00      0.05
21:54:41         0.00      0.00      0.00      0.02
21:54:46         0.00      0.00      0.00      0.04
21:54:51         0.00      0.00      0.00      0.10
21:54:56         0.00      0.00      0.00      0.10
21:55:01         0.00      0.00      0.00      0.06
21:55:06         0.00      0.00      0.00      0.13
21:55:11         0.00      0.00      0.00      0.11
21:55:16         0.00      0.00      0.00      0.07
21:55:21         0.00      0.00      0.00      0.12
21:55:26         0.00      0.00      0.00      0.09
21:55:31         0.00      0.00      0.00      0.06
21:55:36         0.00      0.00      0.00      0.11
21:55:41         0.00      0.00      0.00      0.11
21:55:46         0.00      0.00      0.00      0.12
21:55:51         0.00      0.00      0.00      0.06
21:55:56         0.00      0.00      0.00      0.08
21:56:01         0.00      0.00      0.00      0.08
21:56:06         0.00      0.00      0.00      0.15
21:56:11         0.00      0.00      0.00      0.08
21:56:16         0.00      0.00      0.00      0.11
21:56:21         0.00      0.00      0.00      0.06
21:56:26         0.00      0.00      0.00      0.09
21:56:31         0.00      0.00      0.00      0.06
21:56:36         0.00      0.00      0.00      0.06
21:56:41         0.00      0.00      0.00      0.07
21:56:46         0.00      0.00      0.00      0.06
21:56:51         0.00      0.00      0.00      0.00
21:56:56         0.00      0.00      0.00      0.09
21:57:01         0.00      0.00      0.00      0.03
21:57:06         0.00      0.00      0.00      0.06
21:57:11         0.00      0.00      0.00      0.08
21:57:16         0.00      0.00      0.00      0.09
21:57:21         0.00      0.00      0.00      0.06
21:57:26         0.00      0.00      0.00      0.08
21:57:31         0.00      0.00      0.00      0.06
21:57:36         0.00      0.00      0.00      0.06
21:57:41         0.00      0.00      0.00      0.08
21:57:46         0.00      0.00      0.00      0.08
21:57:51         0.00      0.00      0.00      0.33
21:57:56         0.00      0.00      0.00      0.04
21:58:01         0.00      0.00      0.00      0.04
21:58:06         0.00      0.00      0.00      0.04
21:58:11         0.00      0.00      0.00      0.06
21:58:16         0.00      0.00      0.00      0.11
21:58:21         0.00      0.00      0.00      0.08
21:58:26         0.00      0.00      0.00      0.11
21:58:31         0.00      0.00      0.00      0.07
21:58:36         0.00      0.00      0.00      0.08
21:58:41         0.00      0.00      0.00      0.07
21:58:46         0.00      0.00      0.00      0.03
21:58:51         0.00      0.00      0.00      0.02
21:58:56         0.00      0.00      0.00      0.05
21:59:01         0.00      0.00      0.00      0.04
21:59:06         0.00      0.00      0.00      0.05
21:59:11         0.00      0.00      0.00      0.03
21:59:16         0.00      0.00      0.00      0.08
21:59:21         0.00      0.00      0.00      0.20
21:59:26         0.00      0.00      0.00      0.13
21:59:31         0.00      0.00      0.00      0.15
21:59:36         0.00      0.00      0.00      0.12
21:59:41         0.00      0.00      0.00      0.11
21:59:46         0.00      0.00      0.00      0.12
21:59:51         0.00      0.00      0.00      0.03
21:59:56         0.00      0.00      0.00      0.03
22:00:01         0.00      0.00      0.00      0.07
22:00:06         0.00      0.00      0.00      0.05
22:00:11         0.00      0.00      0.00      0.07
22:00:16         0.00      0.00      0.00      0.05
22:00:21         0.00      0.00      0.00      0.05
22:00:26         0.00      0.00      0.00      0.09
22:00:31         0.00      0.00      0.00      0.02
22:00:36         0.00      0.00      0.00      0.08
22:00:41         0.00      0.00      0.00      0.03
22:00:46         0.00      0.00      0.00      0.10
22:00:51         0.00      0.00      0.00      0.03
22:00:56         0.00      0.00      0.00      0.44
22:01:01         0.00      0.00      0.00      0.06
22:01:06         0.00      0.00      0.00      0.08
22:01:11         0.00      0.00      0.00      0.03
22:01:16         0.00      0.00      0.00      0.08
22:01:21         0.00      0.00      0.00      0.09
22:01:26         0.00      0.00      0.00      0.06
22:01:31         0.00      0.00      0.00      0.05
22:01:36         0.00      0.00      0.00      0.08
22:01:41         0.00      0.00      0.00      0.06
22:01:46         0.00      0.00      0.00      0.06
22:01:51         0.00      0.00      0.00      0.08
22:01:56         0.00      0.00      0.00      0.07
22:02:01         0.00      0.00      0.00      0.03
22:02:06         0.00      0.00      0.00      0.04
22:02:11         0.00      0.00      0.00      0.22
22:02:16         0.00      0.00      0.00      0.04
22:02:21         0.00      0.00      0.00      0.15
22:02:26         0.00      0.00      0.00      0.58
22:02:31         0.00      0.00      0.00      0.21
22:02:36         0.00      0.00      0.00      0.22
22:02:41         0.00      0.00      0.00      0.07
22:02:46         0.00      0.00      0.00      0.16
22:02:51         0.00      0.00      0.00      0.03
22:02:56         0.00      0.00      0.00      0.06
22:03:01         0.00      0.00      0.00      0.05
22:03:06         0.00      0.00      0.00      0.06
22:03:11         0.00      0.00      0.00      0.07
22:03:16         0.00      0.00      0.00      0.02
22:03:21         0.00      0.00      0.00      0.04
22:03:26         0.00      0.00      0.00      0.09
22:03:31         0.00      0.00      0.00      0.08
22:03:36         0.00      0.00      0.00      0.07
22:03:41         0.00      0.00      0.00      0.04
22:03:46         0.00      0.00      0.00      0.14
22:03:51         0.00      0.00      0.00      0.07
22:03:56         0.00      0.00      0.00      0.02
22:04:01         0.00      0.00      0.00      0.05
22:04:06         0.00      0.00      0.00      0.05
22:04:11         0.00      0.00      0.00      0.08
22:04:16         0.00      0.00      0.00      0.10
22:04:21         0.00      0.00      0.00      0.05
22:04:26         0.00      0.00      0.00      0.04
22:04:31         0.00      0.00      0.00      0.04
22:04:36         0.00      0.00      0.00      0.13
22:04:41         0.00      0.00      0.00      0.05
22:04:46         0.00      0.00      0.00      0.07
22:04:51         0.00      0.00      0.00      0.05
22:04:56         0.00      0.00      0.00      0.04
22:05:01         0.00      0.00      0.00      0.07
22:05:06         0.00      0.00      0.00      0.07
22:05:11         0.00      0.00      0.00      0.07
22:05:16         0.00      0.00      0.00      0.06
22:05:21         0.00      0.00      0.00      0.04
22:05:26         0.00      0.00      0.00      0.06
22:05:31         0.00      0.00      0.00      0.04
22:05:36         0.00      0.00      0.00      0.07
22:05:41         0.00      0.00      0.00      0.09
22:05:46         0.00      0.00      0.00      0.11
22:05:51         0.00      0.00      0.00      0.03
22:05:56         0.00      0.00      0.00      0.06
22:06:01         0.00      0.00      0.00      0.03
22:06:06         0.00      0.00      0.00      0.07
22:06:11         0.00      0.00      0.00      0.05
22:06:16         0.00      0.00      0.00      0.05
22:06:21         0.00      0.00      0.00      0.05
22:06:26         0.00      0.00      0.00      0.16
22:06:31         0.00      0.00      0.00      0.21
22:06:36         0.00      0.00      0.00      0.07
22:06:41         0.00      0.00      0.00      0.07
22:06:46         0.00      0.00      0.00      0.04
22:06:51         0.00      0.00      0.00      0.29
22:06:56         0.00      0.00      0.00      0.11
22:07:01         0.00      0.00      0.00      0.07
22:07:06         0.00      0.00      0.00      0.04
22:07:11         0.00      0.00      0.00      0.03
22:07:16         0.00      0.00      0.00      0.11
22:07:21         0.00      0.00      0.00      0.05
22:07:26         0.00      0.00      0.00      0.05
22:07:31         0.00      0.00      0.00      0.07
22:07:36         0.00      0.00      0.00      0.11
22:07:41         0.00      0.00      0.00      0.09
22:07:46         0.00      0.00      0.00      0.04
22:07:51         0.00      0.00      0.00      0.04
22:07:56         0.00      0.00      0.00      0.07
22:08:01         0.00      0.00      0.00      0.08
22:08:06         0.00      0.00      0.00      0.07
22:08:11         0.00      0.00      0.00      0.07
22:08:16         0.00      0.00      0.00      0.02
22:08:21         0.00      0.00      0.00      0.03
22:08:26         0.00      0.00      0.00      0.07
22:08:31         0.00      0.00      0.00      0.03
22:08:36         0.00      0.00      0.00      0.07
22:08:41         0.00      0.00      0.00      0.04
22:08:46         0.00      0.00      0.00      0.07
22:08:51         0.00      0.00      0.00      0.06
22:08:56         0.00      0.00      0.00      0.06
22:09:01         0.00      0.00      0.00      0.10
22:09:06         0.00      0.00      0.00      0.04
22:09:11         0.00      0.00      0.00      0.02
22:09:16         0.00      0.00      0.00      0.03
22:09:21         0.00      0.00      0.00      0.02
22:09:26         0.00      0.00      0.00      0.09
22:09:31         0.00      0.00      0.00      0.08
22:09:36         0.00      0.00      0.00      0.05
22:09:41         0.00      0.00      0.00      0.07
22:09:46         0.00      0.00      0.00      0.06
22:09:51         0.00      0.00      0.00      0.05
22:09:56         0.00      0.00      0.00      0.09
22:10:01         0.00      0.00      0.00      0.07
22:10:06         0.00      0.00      0.00      0.09
22:10:11         0.00      0.00      0.00      0.08
22:10:16         0.00      0.00      0.00      0.02
22:10:21         0.00      0.00      0.00      0.05
22:10:26         0.00      0.00      0.00      0.03
22:10:31         0.00      0.00      0.00      0.07
22:10:36         0.00      0.00      0.00      0.07
22:10:41         0.00      0.00      0.00      0.04
22:10:46         0.00      0.00      0.00      0.04
22:10:51         0.00      0.00      0.00      0.12
22:10:56         0.00      0.00      0.00      0.12
22:11:01         0.00      0.00      0.00      0.07
22:11:06         0.00      0.00      0.00      0.02
22:11:11         0.00      0.00      0.00      0.07
22:11:16         0.00      0.00      0.00      0.05
22:11:21         0.00      0.00      0.00      0.02
22:11:26         0.00      0.00      0.00      0.04
22:11:31         0.00      0.00      0.00      0.03
22:11:36         0.00      0.00      0.00      0.10
22:11:41         0.00      0.00      0.00      0.04
22:11:46         0.00      0.00      0.00      0.03
22:11:51         0.00      0.00      0.00      0.10
22:11:56         0.00      0.00      0.00      0.04
22:12:01         0.00      0.00      0.00      0.03
22:12:06         0.00      0.00      0.00      0.10
22:12:11         0.00      0.00      0.00      0.02
22:12:16         0.00      0.00      0.00      0.05
22:12:21         0.00      0.00      0.00      0.03
22:12:26         0.00      0.00      0.00      0.15
22:12:31         0.00      0.00      0.00      0.03
22:12:36         0.00      0.00      0.00      0.05
22:12:41         0.00      0.00      0.00      0.03
22:12:46         0.00      0.00      0.00      0.04
22:12:51         0.00      0.00      0.00      0.10
22:12:56         0.00      0.00      0.00      0.02
22:13:01         0.00      0.00      0.00      0.04
22:13:06         0.00      0.00      0.00      0.08
22:13:11         0.00      0.00      0.00      0.05
22:13:16         0.00      0.00      0.00      0.03
22:13:21         0.00      0.00      0.00      0.10
22:13:26         0.00      0.00      0.00      0.04
22:13:31         0.00      0.00      0.00      0.13
22:13:36         0.00      0.00      0.00      0.08
22:13:41         0.00      0.00      0.00      0.05
22:13:46         0.00      0.00      0.00      0.05
22:13:51         0.00      0.00      0.00      0.03
22:13:56         0.00      0.00      0.00      0.05
22:14:01         0.00      0.00      0.00      0.03
22:14:06         0.00      0.00      0.00      0.07
22:14:11         0.00      0.00      0.00      0.02
22:14:16         0.00      0.00      0.00      0.04
22:14:21         0.00      0.00      0.00      0.08
22:14:26         0.00      0.00      0.00      0.06
22:14:31         0.00      0.00      0.00      0.07
22:14:36         0.00      0.00      0.00      0.03
22:14:41         0.00      0.00      0.00      0.19
22:14:46         0.00      0.00      0.00      0.06
22:14:51         0.00      0.00      0.00      0.08
22:14:56         0.00      0.00      0.00      0.07
22:15:01         0.00      0.00      0.00      0.05
22:15:06         0.00      0.00      0.00      0.06
22:15:11         0.00      0.00      0.00      0.05
22:15:16         0.00      0.00      0.00      0.07
22:15:21         0.00      0.00      0.00      0.07
22:15:26         0.00      0.00      0.00      0.11
22:15:31         0.00      0.00      0.00      0.16
22:15:36         0.00      0.00      0.00      0.03
22:15:41         0.00      0.00      0.00      0.03
22:15:46         0.00      0.00      0.00      0.04
22:15:51         0.00      0.00      0.00      0.01
22:15:56         0.00      0.00      0.00      0.04
22:16:01         0.00      0.00      0.00      0.06
22:16:06         0.00      0.00      0.00      0.08
22:16:11         0.00      0.00      0.00      0.04
22:16:16         0.00      0.00      0.00      0.05
22:16:21         0.00      0.00      0.00      0.07
22:16:26         0.00      0.00      0.00      0.08
22:16:31         0.00      0.00      0.00      0.04
22:16:36         0.00      0.00      0.00      0.06
22:16:41         0.00      0.00      0.00      0.03
22:16:46         0.00      0.00      0.00      0.04
22:16:51         0.00      0.00      0.00      0.03
22:16:56         0.00      0.00      0.00      0.06
22:17:01         0.00      0.00      0.00      0.08
22:17:06         0.00      0.00      0.00      0.05
22:17:11         0.00      0.00      0.00      0.03
22:17:16         0.00      0.00      0.00      0.05
22:17:21         0.00      0.00      0.00      0.08
22:17:26         0.00      0.00      0.00      0.07
22:17:31         0.00      0.00      0.00      0.01
22:17:36         0.00      0.00      0.00      0.01
22:17:41         0.00      0.00      0.00      0.07
22:17:46         0.00      0.00      0.00      0.09
22:17:51         0.00      0.00      0.00      0.03
22:17:56         0.00      0.00      0.00      0.05
22:18:01         0.00      0.00      0.00      0.09
22:18:06         0.00      0.00      0.00      0.03

Average:         0.00      0.00      0.00      0.08
