Linux 7.2.0-rc5-virtme (virtme-ng) 	08/01/26 	_x86_64_	(12 CPU)

21:18:51     pgpgin/s pgpgout/s   fault/s  majflt/s  pgfree/s pgscank/s pgscand/s pgsteal/s  pgprom/s   pgdem/s
21:18:56         0.00      0.00 178760.24     18.49    678.53      0.00      0.00      0.00      0.00      0.00
21:19:01         0.00      0.00 135729.52     29.12    589.76      0.00      0.00      0.00      0.00      0.00
21:19:06         0.00      0.00  52677.20     29.60    836.20      0.00      0.00      0.00      0.00      0.00
21:19:11         0.00      0.00  26457.40     30.60   1378.20    570.40      0.00   1071.60      0.00      0.00
21:19:16       160.00  34922.40  26521.80     84.00  11474.80   7830.40   2810.60  21138.80      0.00      0.00
21:19:21         7.20  34816.00   6815.20     37.00   9077.00   6809.60   1894.40  17408.00      0.00      0.00
21:19:26         0.00   8550.40   3525.20     29.40   2969.00   1702.40    435.20   4275.20      0.00      0.00
21:19:31         0.00  19558.40   6816.20     30.00  10663.80   4083.20    806.40   9779.20      0.00      0.00
21:19:36         0.00      0.00  10910.80     30.20  10709.80      0.00      0.00      0.00      0.00      0.00
21:19:41         0.00      0.00   9237.00     24.60   8958.80      0.00      0.00      0.00      0.00      0.00
21:19:46         0.80  10752.00  22955.60      0.60  25284.60   2688.00      0.00   5376.00      0.00      0.00
21:19:51         0.00      0.00  13931.00      0.40  13565.40      0.00      0.00      0.00      0.00      0.00
21:19:56         0.00      0.00   9421.60      0.20   9459.20      0.00      0.00      0.00      0.00      0.00
21:20:01         0.00      0.00   5325.40      0.00   4938.20      0.00      0.00      0.00      0.00      0.00
21:20:06         0.00      0.00  16029.00      0.00  15670.20      0.00      0.00      0.00      0.00      0.00
21:20:11         0.00      0.00  11476.80      0.00  10281.60      0.00      0.00      0.00      0.00      0.00
21:20:16         0.00   1638.40  38422.20      0.20  45606.20      0.00      0.00      0.00      0.00      0.00
21:20:21         0.00      0.00  18229.40      0.00  14388.00      0.00      0.00      0.00      0.00      0.00
21:20:26         0.00      0.00  12676.40      0.00   8738.80      0.00      0.00      0.00      0.00      0.00
21:20:31         0.00   3276.80   6144.00      0.00   6199.60      0.00      0.00      0.00      0.00      0.00
21:20:36         0.00   3276.80  11059.60      0.00  10279.40      0.00      0.00      0.00      0.00      0.00
21:20:41         0.00   1638.40  13108.00      0.00  12798.00      0.00      0.00      0.00      0.00      0.00
21:20:46         0.00      0.00   8244.00      0.00   8225.00      0.00      0.00      0.00      0.00      0.00
21:20:51         0.00   1638.40  21711.20      0.00  21810.60      0.00      0.00      0.00      0.00      0.00
21:20:56         0.00   1638.40  15155.80      0.00  14416.60      0.00      0.00      0.00      0.00      0.00
21:21:01         0.00      0.00   8601.80      0.00   8635.20      0.00      0.00      0.00      0.00      0.00
21:21:06         0.00      0.00   6144.00      0.00   4532.40      0.00      0.00      0.00      0.00      0.00
21:21:11         0.00      0.00  22264.80      0.00  67743.60      0.00      0.00      0.00      0.00      0.00
21:21:16         0.00   3276.80  81578.60      0.00  35953.60      0.00      0.00      0.00      0.00      0.00
21:21:21         0.00      0.00  16567.00      0.00  19309.00      0.00      0.00      0.00      0.00      0.00
21:21:26         0.00      0.00  19887.80      0.00  16028.60      0.00      0.00      0.00      0.00      0.00
21:21:31         0.00      0.00   5324.80      0.00   5349.60      0.00      0.00      0.00      0.00      0.00
21:21:36         0.00   1638.40   9421.00      0.00   9468.60      0.00      0.00      0.00      0.00      0.00
21:21:41         0.00      0.00   9420.80      0.00   8640.40      0.00      0.00      0.00      0.00      0.00
21:21:46         0.00   3276.80  14439.80      0.00  13593.00      0.00      0.00      0.00      0.00      0.00
21:21:51         0.00   3276.80   9830.40      0.00   9045.60      0.00      0.00      0.00      0.00      0.00
21:21:56         0.00      0.00  18432.40      0.00  18485.80      0.00      0.00      0.00      0.00      0.00
21:22:01         0.00      0.00  15974.40      0.00  15619.40      0.00      0.00      0.00      0.00      0.00
21:22:06         0.00      0.00  10240.20      0.00  10279.80      0.00      0.00      0.00      0.00      0.00
21:22:11         0.00   1638.40   5324.80      0.00   5349.40      0.00      0.00      0.00      0.00      0.00
21:22:16         0.00   1638.40  16384.40      0.00  16029.00      0.00      0.00      0.00      0.00      0.00
21:22:21         0.00   3698.40  35228.20      0.00  34908.80      0.00      0.00      0.00      0.00      0.00
21:22:26         0.00  33110.40  21299.20      0.00  20642.00      0.00      0.00      0.00      0.00      0.00
21:22:31         0.00      0.00  15564.80      0.00  15211.00      0.00      0.00      0.00      0.00      0.00
21:22:36         0.00      0.00   6949.30      0.00   6160.08      0.00      0.00      0.00      0.00      0.00
21:22:41         0.00   1638.40   8601.80      0.00   4944.40      0.00      0.00      0.00      0.00      0.00
21:22:46         0.00  13107.20   9830.40      0.00   9909.40      0.00      0.00      0.00      0.00      0.00
21:22:51         0.00  27852.80  13926.60      0.00  13725.20      0.00      0.00      0.00      0.00      0.00
21:22:56         0.00      0.00  10650.40      0.00   9050.40      0.00      0.00      0.00      0.00      0.00
21:23:01         0.00      0.00  18022.40      0.00  18074.80      0.00      0.00      0.00      0.00      0.00
21:23:06         0.00      0.00  15564.80      0.00  15207.00      0.00      0.00      0.00      0.00      0.00
21:23:11         0.00      0.00  11024.00      0.00  11104.00      0.00      0.00      0.00      0.00      0.00
21:23:16         0.00   3276.80  16675.20      0.00 110490.80      0.00      0.00      0.00      0.00      0.00
21:23:21         0.00  13107.20 156629.00      0.00  61581.00      0.00      0.00      0.00      0.00      0.00
21:23:26         0.00   1638.40  43008.20      0.00  41475.40      0.00      0.00      0.00      0.00      0.00
21:23:31         0.00   8857.60  18022.60      0.00  19504.00   1395.80      0.00   2791.60      0.00      0.00
21:23:36         0.00   1638.40  11059.20      0.00  11113.60      0.00      0.00      0.00      0.00      0.00
21:23:41         0.00      0.00  11878.60      0.00  10278.00      0.00      0.00      0.00      0.00      0.00
21:23:46         0.00  16384.00  12697.60      0.00   9887.20      0.00      0.00      0.00      0.00      0.00
21:23:51         0.00      0.00   5939.60      0.00   5349.20      0.00      0.00      0.00      0.00      0.00
21:23:56         0.00      0.00  17613.80      0.00  17260.80      0.00      0.00      0.00      0.00      0.00
21:24:01         0.00      0.00   9011.20      0.00   8636.20      0.00      0.00      0.00      0.00      0.00
21:24:06         0.00      0.00  18841.80      0.00  18896.80      0.00      0.00      0.00      0.00      0.00
21:24:11         0.00      0.00  18432.00      0.00  15206.80      0.00      0.00      0.00      0.00      0.00
21:24:16         0.00   1638.40  11757.80      0.00   8637.40      0.00      0.00      0.00      0.00      0.00
21:24:21         0.00   4915.20   8312.60      0.00   7050.20      0.00      0.00      0.00      0.00      0.00
21:24:26         0.00      0.00   8601.60      0.00   8636.40      0.00      0.00      0.00      0.00      0.00
21:24:31         0.00   3276.80  38912.40      0.00  39083.40      0.00      0.00      0.00      0.00      0.00
21:24:36         0.00   3276.80  22528.00      0.00  21771.60      0.00      0.00      0.00      0.00      0.00
21:24:41         0.00   1638.40   9111.80      0.00   9463.40      0.00      0.00      0.00      0.00      0.00
21:24:46         0.00      0.00  13416.20      0.00  13153.80      0.00      0.00      0.00      0.00      0.00
21:24:51         0.00  13107.20   9544.40      0.00   9534.80      0.00      0.00      0.00      0.00      0.00
21:24:56         0.00      0.00   6020.40      0.00   5351.80      0.00      0.00      0.00      0.00      0.00
21:25:01         0.00   1638.40  16793.60      0.00  15235.20      0.00      0.00      0.00      0.00      0.00
21:25:06         0.00      0.00  11468.80      0.00  11105.00      0.00      0.00      0.00      0.00      0.00
21:25:11         0.00      0.00  18432.20      0.00  18486.20      0.00      0.00      0.00      0.00      0.00
21:25:16         0.00      0.00  18022.40      0.00  15207.80      0.00      0.00      0.00      0.00      0.00
21:25:21         0.00   1638.40   8601.60      0.00   8641.80      0.00      0.00      0.00      0.00      0.00
21:25:26         0.00      0.00   8601.60      0.00   7817.20      0.00      0.00      0.00      0.00      0.00
21:25:31         0.80      0.00  67996.60      0.20  67742.80      0.00      0.00      0.00      0.00      0.00
21:25:36         0.00   1638.40  31539.20      0.00  30956.80      0.00      0.00      0.00      0.00      0.00
21:25:41         0.00   6553.60  25804.80      0.00  22621.20      0.00      0.00      0.00      0.00      0.00
21:25:46         0.00      0.00   8601.60      0.00   8635.60      0.00      0.00      0.00      0.00      0.00
21:25:51         0.00      0.00  15155.20      0.00   7831.20      0.00      0.00      0.00      0.00      0.00
21:25:56         0.00      0.00   8192.00      0.00   7813.40      0.00      0.00      0.00      0.00      0.00
21:26:01         0.00   4915.20   6144.00      0.00   6168.80      0.00      0.00      0.00      0.00      0.00
21:26:06         0.00      0.00  15155.20      0.00  15206.80      0.00      0.00      0.00      0.00      0.00
21:26:11         0.00   6553.60  10649.60      0.00  10506.00      0.00      0.00      0.00      0.00      0.00
21:26:16         0.00   1638.40  19251.20      0.00  17669.20      0.00      0.00      0.00      0.00      0.00
21:26:21         0.00   1638.40  15975.40      0.00  16134.00      0.00      0.00      0.00      0.00      0.00
21:26:26         0.00   3276.80   6553.60      0.00   6169.40      0.00      0.00      0.00      0.00      0.00
21:26:31         0.00      0.00   8175.65      0.00   8208.58      0.00      0.00      0.00      0.00      0.00
21:26:36         0.00      0.00  11878.40      0.00  10692.20      0.00      0.00      0.00      0.00      0.00
21:26:41         0.00   6553.60  38092.80      0.00  38212.40      0.00      0.00      0.00      0.00      0.00
21:26:46         0.00      0.00  11059.20      0.00   9459.20      0.00      0.00      0.00      0.00      0.00
21:26:51         0.00      0.00  21709.00      0.00  20952.20      0.00      0.00      0.00      0.00      0.00
21:26:56         0.00   1638.40  11878.40      0.00  12024.40      0.00      0.00      0.00      0.00      0.00
21:27:01         0.00   6553.60  11902.20      0.00  11100.20      0.00      0.00      0.00      0.00      0.00
21:27:06         0.00      0.00   5301.00      0.00   4938.20      0.00      0.00      0.00      0.00      0.00
21:27:11         0.00      0.00  15974.40      0.00  16029.00      0.00      0.00      0.00      0.00      0.00
21:27:16         0.00      0.00   9011.20      0.00   8226.40      0.00      0.00      0.00      0.00      0.00
21:27:21         0.00      0.00   7782.40      0.00   7816.80      0.00      0.00      0.00      0.00      0.00
21:27:26         0.00      0.00  30720.20      0.00  28343.80      0.00      0.00      0.00      0.00      0.00
21:27:31        31.20      0.00  36791.80      7.80 189245.60      0.00      0.00      0.00      0.00      0.00
21:27:36      3125.60  51156.80 298590.60    915.40 137718.60 160468.20 159832.00  49320.00      0.00      0.00
21:27:41     10001.60  16562.40  66972.00   2501.20  65073.20  24191.60   2589.80   9569.20      0.00      0.00
21:27:46         8.80  21356.80  45878.20      2.80  37768.40  15540.60  17292.40  11517.20      0.00      0.00
21:27:51         2.40  18437.60  10241.00      0.60  11334.00   6877.00     25.60   9218.80      0.00      0.00
21:27:56       216.80  45624.80  22583.00     54.40  21588.00  14482.00   5130.60  22327.60      0.00      0.00
21:28:01         0.00      0.00  14336.00      0.00  11919.20      0.00      0.00      0.00      0.00      0.00
21:28:06         2.40   3276.80  11879.20      0.60  11217.40      0.00      0.00      0.00      0.00      0.00
21:28:11         0.00   7235.20   4915.20      0.00   6028.40   2752.00      0.00   3617.60      0.00      0.00
21:28:16       410.40      0.00   8704.20    102.60   8675.40      0.00      0.00      0.00      0.00      0.00
21:28:21         4.00   1638.40  15975.80      1.00  16437.20      0.00      0.00      0.00      0.00      0.00
21:28:26         0.00      0.00   8192.00      0.00   5348.80      0.00      0.00      0.00      0.00      0.00
21:28:31         0.00      0.00  24166.40      0.00  23834.80      0.00      0.00      0.00      0.00      0.00
21:28:36         0.00    969.60  11878.40      0.00  11921.00      0.00      0.00      0.00      0.00      0.00
21:28:41         0.00      0.00   9011.20      0.00   9047.40      0.00      0.00      0.00      0.00      0.00
21:28:46         0.00      0.00   8207.40      0.00   8633.20      0.00      0.00      0.00      0.00      0.00
21:28:51         0.00   1638.40  43402.40      0.00  39171.40      0.00      0.00      0.00      0.00      0.00
21:28:56         0.00   9830.40  12288.00      0.00   9074.60      0.00      0.00      0.00      0.00      0.00
21:29:01       820.00      0.00  18637.00    205.00  18575.40      0.00      0.00      0.00      0.00      0.00
21:29:06         0.00      0.00  16384.00      0.00  16029.80      0.00      0.00      0.00      0.00      0.00
21:29:11         0.00   1638.40   9420.80      0.00   8692.20      0.00      0.00      0.00      0.00      0.00
21:29:16         0.00   1638.40   7423.20      0.00   7815.80      0.00      0.00      0.00      0.00      0.00
21:29:21         0.00      0.00  10599.20      0.00   8224.60      0.00      0.00      0.00      0.00      0.00
21:29:26         0.80      0.00  12697.80      0.20  11921.40      0.00      0.00      0.00      0.00      0.00
21:29:31         0.00   3276.80   8601.60      0.00   8642.80      0.00      0.00      0.00      0.00      0.00
21:29:36         0.00   1638.40  22528.00      0.00  22702.20      0.00      0.00      0.00      0.00      0.00
21:29:41         0.00      0.00  16384.00      0.00  13562.40      0.00      0.00      0.00      0.00      0.00
21:29:46         0.00      0.00   8601.60      0.00   8636.40      0.00      0.00      0.00      0.00      0.00
21:29:51         3.20      0.00  61441.00      0.80  61172.80      0.00      0.00      0.00      0.00      0.00
21:29:56         2.40   1638.40  38093.40      0.60  38194.60      0.00      0.00      0.00      0.00      0.00
21:30:01         0.00  12152.00  11059.20      0.00  12539.80   1761.40      0.00   2799.20      0.00      0.00
21:30:06         1.60   3276.80  18432.40      0.40  18484.00      0.00      0.00      0.00      0.00      0.00
21:30:11         0.00      0.00  15974.40      0.00  16030.40      0.00      0.00      0.00      0.00      0.00
21:30:16         0.00   1638.40   8601.60      0.00   8635.60      0.00      0.00      0.00      0.00      0.00
21:30:21         0.00      0.00   6963.20      0.00   6993.20      0.00      0.00      0.00      0.00      0.00
21:30:26         1.60      0.00  15974.80      0.40  16029.60      0.00      0.00      0.00      0.00      0.00
21:30:31         0.00      0.00   4915.20      0.00   4937.60      0.00      0.00      0.00      0.00      0.00
21:30:36         7.20    969.60  22530.00      1.80  22597.80      0.00      0.00      0.00      0.00      0.00
21:30:41         0.00      0.00   8601.60      0.00   8634.80      0.00      0.00      0.00      0.00      0.00
21:30:46         0.00      0.00  15124.95      0.00  13539.72      0.00      0.00      0.00      0.00      0.00
21:30:51         0.00      0.00   8601.60      0.00   8636.60      0.00      0.00      0.00      0.00      0.00
21:30:56         0.00      0.00  12697.60      0.00   9458.40      0.00      0.00      0.00      0.00      0.00
21:31:01         0.00      0.00  39321.80      0.00  38189.40      0.00      0.00      0.00      0.00      0.00
21:31:06         0.00      0.00   9830.40      0.00   9866.00      0.00      0.00      0.00      0.00      0.00
21:31:11         0.00      0.00  19251.20      0.00  18899.20      0.00      0.00      0.00      0.00      0.00
21:31:16         0.00      0.00  16793.60      0.00  15206.80      0.00      0.00      0.00      0.00      0.00
21:31:21         0.00      0.00   9830.40      0.00   9459.40      0.00      0.00      0.00      0.00      0.00
21:31:26         0.00      0.00   5324.80      0.00   5349.40      0.00      0.00      0.00      0.00      0.00
21:31:31         0.00  13107.20  17612.80      0.00  16111.20      0.00      0.00      0.00      0.00      0.00
21:31:36         0.00      0.00   6553.60      0.00   4938.00      0.00      0.00      0.00      0.00      0.00
21:31:41         0.00      0.00  22528.00      0.00  22596.00      0.00      0.00      0.00      0.00      0.00
21:31:46         0.00   1638.40   8601.60      0.00   8281.40      0.00      0.00      0.00      0.00      0.00
21:31:51         0.00      0.00  13516.80      0.00  13564.60      0.00      0.00      0.00      0.00      0.00
21:31:56         9.60      0.00 115102.00      2.40 114385.40      0.00      0.00      0.00      0.00      0.00
21:32:01         0.00      0.00  57753.80      0.00  57885.00      0.00      0.00      0.00      0.00      0.00
21:32:06         0.00   2684.00  42598.40      0.00  42309.20      0.00      0.00      0.00      0.00      0.00
21:32:11         0.00      0.00   8601.60      0.00   8636.20      0.00      0.00      0.00      0.00      0.00
21:32:16         0.00      0.00  18770.40      0.00   5785.40      0.00      0.00      0.00      0.00      0.00
21:32:21         0.00      0.00  24237.60      0.00  16851.80      0.00      0.00      0.00      0.00      0.00
21:32:26         0.00      0.00   8601.60      0.00   8226.00      0.00      0.00      0.00      0.00      0.00
21:32:31         0.00      0.00   6144.00      0.00   6171.80      0.00      0.00      0.00      0.00      0.00
21:32:36         0.00  26214.40  15155.20      0.00  15202.80      0.00      0.00      0.00      0.00      0.00
21:32:41         0.00      0.00   8192.00      0.00   7817.00      0.00      0.00      0.00      0.00      0.00
21:32:46         0.00      0.00  21708.80      0.00  21774.20      0.00      0.00      0.00      0.00      0.00
21:32:51         0.00      0.00   9011.20      0.00   9047.80      0.00      0.00      0.00      0.00      0.00
21:32:56         0.00      0.00  11878.40      0.00  11919.20      0.00      0.00      0.00      0.00      0.00
21:33:01         0.00      0.00  15564.80      0.00  10281.80      0.00      0.00      0.00      0.00      0.00
21:33:06         0.00   3276.80   6144.00      0.00   5816.00      0.00      0.00      0.00      0.00      0.00
21:33:11         0.00  26214.40  18841.60      0.00  15368.20      0.00      0.00      0.00      0.00      0.00
21:33:16         0.00      0.00  35225.60      0.00  35312.00      0.00      0.00      0.00      0.00      0.00
21:33:21         0.80   5644.80  20071.40      0.20  20722.20   2304.00     38.40   2822.40      0.00      0.00
21:33:26         0.00   1638.40  15958.20      0.00  17675.80      0.00      0.00      0.00      0.00      0.00
21:33:31         0.00   1638.40   9967.60      0.00   8747.60      0.00      0.00      0.00      0.00      0.00
21:33:36         0.00   1638.40   5613.40      0.00   5357.20      0.00      0.00      0.00      0.00      0.00
21:33:41         0.00  13107.20   9420.80      0.00   9455.80      0.00      0.00      0.00      0.00      0.00
21:33:46         0.00      0.00  14336.00      0.00  13154.20      0.00      0.00      0.00      0.00      0.00
21:33:51         0.00      0.00  10240.00      0.00   9047.40      0.00      0.00      0.00      0.00      0.00
21:33:56         0.00      0.00  20350.40      0.00  21773.20      0.00      0.00      0.00      0.00      0.00
21:34:01         0.00      0.00  14465.60      0.00  12740.80      0.00      0.00      0.00      0.00      0.00
21:34:06         0.00   1027.20  10240.00      0.00   8642.40      0.00      0.00      0.00      0.00      0.00
21:34:11         0.00      0.00 111001.60      0.00  58708.40      0.00      0.00      0.00      0.00      0.00
21:34:16         0.00      0.00  15155.20      0.00  15206.80      0.00      0.00      0.00      0.00      0.00
21:34:21         0.00      0.00  34193.40      0.00  35734.00      0.00      0.00      0.00      0.00      0.00
21:34:26         0.00      0.00  21922.00      0.00  18076.00      0.00      0.00      0.00      0.00      0.00
21:34:31         0.00      0.00   9023.80      0.00   9869.60      0.00      0.00      0.00      0.00      0.00
21:34:36         0.00      0.00  15552.20      0.00  12741.40      0.00      0.00      0.00      0.00      0.00
21:34:41         0.00      0.00   8601.60      0.00   7815.60      0.00      0.00      0.00      0.00      0.00
21:34:46         0.00      0.00   9420.80      0.00   9460.20      0.00      0.00      0.00      0.00      0.00
21:34:51         0.00      0.00  12263.47      0.00  11896.01      0.00      0.00      0.00      0.00      0.00
21:34:56         0.00      0.00  37273.60      0.00  24239.80      0.00      0.00      0.00      0.00      0.00
21:35:01         0.00   1638.40   5324.80      0.00   4995.00      0.00      0.00      0.00      0.00      0.00
21:35:06         0.00      0.00  16384.00      0.00  14789.60      0.00      0.00      0.00      0.00      0.00
21:35:11         0.00      0.00   9420.80      0.00   9459.00      0.00      0.00      0.00      0.00      0.00
21:35:16         0.00      0.00   6963.20      0.00   6994.40      0.00      0.00      0.00      0.00      0.00
21:35:21         0.00      0.00  16793.60      0.00  16033.60      0.00      0.00      0.00      0.00      0.00
21:35:26         0.00      0.00   8601.60      0.00   8636.60      0.00      0.00      0.00      0.00      0.00
21:35:31         0.00      0.00  58573.00      0.00  45579.20      0.00      0.00      0.00      0.00      0.00
21:35:36         0.00  13107.20   8601.60      0.00   8632.20      0.00      0.00      0.00      0.00      0.00
21:35:41         0.00   1638.40  14336.00      0.00  14031.80      0.00      0.00      0.00      0.00      0.00
21:35:46         0.00      0.00   8601.60      0.00   8224.60      0.00      0.00      0.00      0.00      0.00
21:35:51         0.00   1638.40   9420.80      0.00   9464.20      0.00      0.00      0.00      0.00      0.00
21:35:56         0.00      0.00  11878.40      0.00  11099.00      0.00      0.00      0.00      0.00      0.00
21:36:01         0.00   1638.40  10854.00      0.00  23423.80      0.00      0.00      0.00      0.00      0.00
21:36:06         0.00      0.00  16311.40      0.00   6171.80      0.00      0.00      0.00      0.00      0.00
21:36:11         4.00      0.00  94441.20      1.00 192063.20      0.00      0.00      0.00      0.00      0.00
21:36:16      9350.40 146901.60 210617.60    704.20 131574.40 182190.60 198864.00  75623.60      0.00      0.00
21:36:21        88.00  62041.60  98884.60     22.20  79076.80  87696.20  65697.60  48454.80      0.00      0.00
21:36:26         8.80      0.00  17489.20      2.20  18931.00   1395.60      0.00   2791.20      0.00      0.00
21:36:31        14.40   1638.40  22539.60      3.60  24747.00   1395.60      0.00   2791.20      0.00      0.00
21:36:36         0.00  49035.20  18557.80      0.80  19307.80  37349.80  10207.20  25734.40      0.00      0.00
21:36:41        24.00  12852.00  31141.40      8.00  28762.60  26347.80  27571.60  25913.60      0.00      0.00
21:36:46         0.00   3276.80   4915.20      0.00   6069.00      0.00      0.00      0.00      0.00      0.00
21:36:51       820.00  16384.00  12903.40    205.20  14730.20   1395.20      0.00   2790.40      0.00      0.00
21:36:56         0.00      0.00   7372.80      0.00   5349.00      0.00      0.00      0.00      0.00      0.00
21:37:01         0.00      0.00  15974.40      0.00  15619.20      0.00      0.00      0.00      0.00      0.00
21:37:06         0.00   1638.40  10240.00      0.00   8635.00      0.00      0.00      0.00      0.00      0.00
21:37:11         0.00   1638.40   6144.00      0.00   6170.00      0.00      0.00      0.00      0.00      0.00
21:37:16         4.80      0.00  37275.60      1.60  29988.40      0.00      0.00      0.00      0.00      0.00
21:37:21        16.80   3276.80   8201.00      4.20   8224.60      0.00      0.00      0.00      0.00      0.00
21:37:26         0.00      0.00   6144.00      0.00   6172.80      0.00      0.00      0.00      0.00      0.00
21:37:31         0.00   3276.80  21708.80      0.00  15281.00      0.00      0.00      0.00      0.00      0.00
21:37:36         0.00      0.00  21607.80      0.00  23068.00      0.00      0.00      0.00      0.00      0.00
21:37:41         9.60  43842.40  21402.60      2.40  17610.80   7154.60   2260.20  18645.20      0.00      0.00
21:37:46         0.00   8857.60  22937.60      0.00  23989.20   1395.20      0.00   2790.40      0.00      0.00
21:37:51         0.00      0.00  11468.80      0.00  11812.00      0.00      0.00      0.00      0.00      0.00
21:37:56         0.00   1638.40   8601.60      0.00   8666.60      0.00      0.00      0.00      0.00      0.00
21:38:01         0.00      0.00  10240.20      0.00   7817.80      0.00      0.00      0.00      0.00      0.00
21:38:06         0.00      0.00  15565.00      0.00  18759.00      0.00      0.00      0.00      0.00      0.00
21:38:11         0.00   1638.40  13107.20      0.00   9869.00      0.00      0.00      0.00      0.00      0.00
21:38:16         0.00      0.00   5324.80      0.00   5349.20      0.00      0.00      0.00      0.00      0.00
21:38:21         0.00   1638.40  24166.40      0.00  23842.00      0.00      0.00      0.00      0.00      0.00
21:38:26      1639.20      0.00  15155.40    409.80  14983.40      0.00      0.00      0.00      0.00      0.00
21:38:31         1.60   8857.60  59802.40      0.40  59239.40   1395.20      0.00   2790.40      0.00      0.00
21:38:36         0.00      0.00   8606.20      0.00   8636.40      0.00      0.00      0.00      0.00      0.00
21:38:41         0.00   1638.40  38092.80      0.00  38295.00      0.00      0.00      0.00      0.00      0.00
21:38:46         0.00   7219.20  11468.80      0.00  12611.20   1395.20      0.00   2790.40      0.00      0.00
21:38:51         0.00   6553.60  21708.80      0.00  21789.20      0.00      0.00      0.00      0.00      0.00
21:38:56         0.00      0.00  12697.60      0.00  12332.00      0.00      0.00      0.00      0.00      0.00
21:39:01         0.00      0.00   9810.78      0.00   8208.18      0.00      0.00      0.00      0.00      0.00
21:39:06         0.00   1638.40   7782.40      0.00   7854.20      0.00      0.00      0.00      0.00      0.00
21:39:11         0.00      0.00  15564.80      0.00  15206.60      0.00      0.00      0.00      0.00      0.00
21:39:16         0.00   3276.80   5324.80      0.00   3709.60      0.00      0.00      0.00      0.00      0.00
21:39:21         0.80   4915.20  22937.80      0.20  22675.80      0.00      0.00      0.00      0.00      0.00
21:39:26         0.00   1638.40   9011.20      0.00   9047.80      0.00      0.00      0.00      0.00      0.00
21:39:31         0.00   1638.40  14336.00      0.00  14388.20      0.00      0.00      0.00      0.00      0.00
21:39:36         0.00      0.00   8601.60      0.00   8221.00      0.00      0.00      0.00      0.00      0.00
21:39:41         0.00      0.00   9011.20      0.00   9050.60      0.00      0.00      0.00      0.00      0.00
21:39:46         0.00   1638.40  39731.20      0.00  38226.80      0.00      0.00      0.00      0.00      0.00
21:39:51         0.00   4915.20   9420.80      0.00   8747.80      0.00      0.00      0.00      0.00      0.00
21:39:56         0.00      0.00  20070.40      0.00  20131.60      0.00      0.00      0.00      0.00      0.00
21:40:01         0.00      0.00  16793.60      0.00  15207.00      0.00      0.00      0.00      0.00      0.00
21:40:06         0.00      0.00  10240.00      0.00   9459.20      0.00      0.00      0.00      0.00      0.00
21:40:11         0.00      0.00   5109.20      0.00   5348.00      0.00      0.00      0.00      0.00      0.00
21:40:16         0.00      0.00  17828.40      0.00  17264.20      0.00      0.00      0.00      0.00      0.00
21:40:21         0.00      0.00  10240.00      0.00   8635.40      0.00      0.00      0.00      0.00      0.00
21:40:26         0.00      0.00  19251.20      0.00  19309.60      0.00      0.00      0.00      0.00      0.00
21:40:31         0.00      0.00  15155.20      0.00  15206.60      0.00      0.00      0.00      0.00      0.00
21:40:36        12.00      0.00 113462.40      3.00 111330.80      0.00      0.00      0.00      0.00      0.00
21:40:41         8.00      0.00  61851.60      2.00  61993.20      0.00      0.00      0.00      0.00      0.00
21:40:46         0.00      0.00   8192.20      0.00   8225.20      0.00      0.00      0.00      0.00      0.00
21:40:51         1.60   1638.40  39322.00      0.40  39014.00      0.00      0.00      0.00      0.00      0.00
21:40:56         0.00   1638.40  11878.40      0.00   9926.80      0.00      0.00      0.00      0.00      0.00
21:41:01         0.00      0.00  19251.20      0.00  19309.20      0.00      0.00      0.00      0.00      0.00
21:41:06         0.00      0.00  16384.20      0.00  15207.40      0.00      0.00      0.00      0.00      0.00
21:41:11         0.00   1638.40   9420.80      0.00   8637.40      0.00      0.00      0.00      0.00      0.00
21:41:16         0.00   3276.80   5734.40      0.00   5376.80      0.00      0.00      0.00      0.00      0.00
21:41:21         0.00      0.00  17203.40      0.00  16440.40      0.00      0.00      0.00      0.00      0.00
21:41:26         0.00      0.00   9830.40      0.00   9458.80      0.00      0.00      0.00      0.00      0.00
21:41:31         6.40   3276.80  18433.60      1.60  18485.20      0.00      0.00      0.00      0.00      0.00
21:41:36         0.00      0.00  18022.40      0.00  16030.00      0.00      0.00      0.00      0.00      0.00
21:41:41         0.00    969.60   6963.20      0.00   6995.20      0.00      0.00      0.00      0.00      0.00
21:41:46         0.00      0.00   9420.80      0.00   9459.20      0.00      0.00      0.00      0.00      0.00
21:41:51         0.00   1638.40   8192.00      0.00   6589.00      0.00      0.00      0.00      0.00      0.00
21:41:56         7.20      0.00  38933.60      1.80  39010.80      0.00      0.00      0.00      0.00      0.00
21:42:01         0.00   3276.80   9810.80      0.00   8853.20      0.00      0.00      0.00      0.00      0.00
21:42:06         0.00      0.00  21708.80      0.00  20130.60      0.00      0.00      0.00      0.00      0.00
21:42:11         0.00      0.00  16384.00      0.00  16033.20      0.00      0.00      0.00      0.00      0.00
21:42:16         0.00      0.00   9011.20      0.00   8225.80      0.00      0.00      0.00      0.00      0.00
21:42:21         0.00      0.00   6963.20      0.00   5761.40      0.00      0.00      0.00      0.00      0.00
21:42:26         0.00      0.00  15155.20      0.00  14385.20      0.00      0.00      0.00      0.00      0.00
21:42:31         0.00      0.00   8601.60      0.00   7817.60      0.00      0.00      0.00      0.00      0.00
21:42:36         0.00    851.20  21709.00      0.00  21772.80      0.00      0.00      0.00      0.00      0.00
21:42:41         0.00      0.00  15155.20      0.00  15207.60      0.00      0.00      0.00      0.00      0.00
21:42:46         0.00      0.00   6144.00      0.00   6170.00      0.00      0.00      0.00      0.00      0.00
21:42:51         0.00   1638.40  62669.00      0.00  62409.40      0.00      0.00      0.00      0.00      0.00
21:42:56         0.00   1635.13   9402.00      0.00   9455.69      0.00      0.00      0.00      0.00      0.00
21:43:01         0.00      0.00  37683.20      0.00  37778.20      0.00      0.00      0.00      0.00      0.00
21:43:06         0.00      0.00  10649.60      0.00   9459.40      0.00      0.00      0.00      0.00      0.00
21:43:11         0.00   8192.00  33163.60      0.00  20133.40      0.00      0.00      0.00      0.00      0.00
21:43:16         0.00      0.00  22542.00      0.00  16027.00      0.00      0.00      0.00      0.00      0.00
21:43:21         0.00      0.00   8601.60      0.00   5358.80      0.00      0.00      0.00      0.00      0.00
21:43:26         0.00      0.00   6144.00      0.00   5347.20      0.00      0.00      0.00      0.00      0.00
21:43:31         0.00  13107.20  15974.60      0.00  16072.20      0.00      0.00      0.00      0.00      0.00
21:43:36         0.00   1638.40   6553.60      0.00   6582.00      0.00      0.00      0.00      0.00      0.00
21:43:41         0.00      0.00  22528.20      0.00  22595.40      0.00      0.00      0.00      0.00      0.00
21:43:46         0.00   1638.40  11878.40      0.00   7815.20      0.00      0.00      0.00      0.00      0.00
21:43:51         0.00      0.00  12697.60      0.00  12742.80      0.00      0.00      0.00      0.00      0.00
21:43:56         0.00   3276.80   9420.80      0.00   8646.20      0.00      0.00      0.00      0.00      0.00
21:44:01         0.00      0.00   7372.80      0.00   6991.00      0.00      0.00      0.00      0.00      0.00
21:44:06         0.00      0.00  42188.80      0.00  42299.20      0.00      0.00      0.00      0.00      0.00
21:44:11         0.00   1638.40   8192.00      0.00   7869.80      0.00      0.00      0.00      0.00      0.00
21:44:16         0.00   1638.40  19251.20      0.00  19307.00      0.00      0.00      0.00      0.00      0.00
21:44:21         0.00      0.00  16793.60      0.00  16851.00      0.00      0.00      0.00      0.00      0.00
21:44:26         0.00      0.00   6144.00      0.00   4531.80      0.00      0.00      0.00      0.00      0.00
21:44:31         0.00  13107.20   9011.20      0.00   8943.80      0.00      0.00      0.00      0.00      0.00
21:44:36         0.00  14745.60  23347.20      0.00  16137.60      0.00      0.00      0.00      0.00      0.00
21:44:41         0.00      0.00   8601.60      0.00   6994.40      0.00      0.00      0.00      0.00      0.00
21:44:46         0.00      0.00  21708.80      0.00  21359.60      0.00      0.00      0.00      0.00      0.00
21:44:51        12.00      0.00 137521.00      3.00 189419.80      0.00      0.00      0.00      0.00      0.00
21:44:56      5595.20   6579.20 255051.60   1398.80 174774.00   8010.20      0.00   2839.20      0.00      0.00
21:45:01         0.00      0.00   9421.00      0.20   8638.20      0.00      0.00      0.00      0.00      0.00
21:45:06         0.00   4915.20   5324.80      0.00   5352.00      0.00      0.00      0.00      0.00      0.00
21:45:11        14.40 156928.00  43011.80      3.80  55085.60  21491.20  16512.00  76006.40      0.00      0.00
21:45:16         0.00      0.00   9011.20      0.00  10164.60      0.00      0.00      0.00      0.00      0.00
21:45:21         0.00   8448.00  20070.40      0.00  20594.00   2112.00      0.00   4224.00      0.00      0.00
21:45:26         0.00      0.00  18432.00      0.00  16023.20      0.00      0.00      0.00      0.00      0.00
21:45:31         0.00      0.00   7372.80      0.00   6583.80      0.00      0.00      0.00      0.00      0.00
21:45:36         0.00   2662.40   9830.40      0.00  10112.00    665.60      0.00   1305.60      0.00      0.00
21:45:41         0.00   7833.60  15155.20      0.00  16272.80    729.60      0.00   1484.80      0.00      0.00
21:45:46         0.00      0.00   5324.80      0.00   4937.80      0.00      0.00      0.00      0.00      0.00
21:45:51         0.00      0.00  38075.40      0.00  24241.80      0.00      0.00      0.00      0.00      0.00
21:45:56         0.00      0.00  10257.40      0.00   9664.80      0.00      0.00      0.00      0.00      0.00
21:46:01         0.00      0.00  12697.60      0.00  12742.20      0.00      0.00      0.00      0.00      0.00
21:46:06         0.00      0.00   8601.60      0.00   8636.00      0.00      0.00      0.00      0.00      0.00
21:46:11         0.00      0.00   6553.60      0.00   5759.20      0.00      0.00      0.00      0.00      0.00
21:46:16         0.00  46240.00  16384.00      0.00  16782.60      0.00      0.00      0.00      0.00      0.00
21:46:21         0.00  61894.40  35635.20      0.00  38260.80      0.00      0.00      0.00      0.00      0.00
21:46:26         0.00      0.00  18432.00      0.00  18486.60      0.00      0.00      0.00      0.00      0.00
21:46:31         0.00      0.00  15155.20      0.00   8649.20      0.00      0.00      0.00      0.00      0.00
21:46:36         0.00      0.00   6963.20      0.00   6172.60      0.00      0.00      0.00      0.00      0.00
21:46:41         0.00      0.00  10240.00      0.00  10281.00      0.00      0.00      0.00      0.00      0.00
21:46:46         0.00   3276.80  16793.60      0.00  15680.20      0.00      0.00      0.00      0.00      0.00
21:46:51         0.00      0.00   5324.80      0.00   5349.20      0.00      0.00      0.00      0.00      0.00
21:46:56         0.00  13081.04  22074.45      0.00  23051.10      0.00      0.00      0.00      0.00      0.00
21:47:01         0.00      0.00   6963.20      0.00   5352.80      0.00      0.00      0.00      0.00      0.00
21:47:06         0.00   6553.60  17612.80      0.00  16252.20      0.00      0.00      0.00      0.00      0.00
21:47:11         0.00  19719.20   8601.60      0.00  13338.20   1395.20      0.00   2790.40      0.00      0.00
21:47:16         0.00   6553.60  58163.40      0.00  57940.60      0.00      0.00      0.00      0.00      0.00
21:47:21         0.00  27852.80  15974.40      0.00  16267.20      0.00      0.00      0.00      0.00      0.00
21:47:26         0.80  10956.80  36455.40      0.40  39291.20   2688.00     51.20   5478.40      0.00      0.00
21:47:31         0.00      0.00  22528.20      0.00  22184.40      0.00      0.00      0.00      0.00      0.00
21:47:36         0.00   3276.80  15155.20      0.00  16028.20      0.00      0.00      0.00      0.00      0.00
21:47:41         0.00      0.00   7782.40      0.00   5351.40      0.00      0.00      0.00      0.00      0.00
21:47:46         0.00      0.00   9011.20      0.00   8636.60      0.00      0.00      0.00      0.00      0.00
21:47:51         0.00   9830.40  10240.00      0.00  10304.00      0.00      0.00      0.00      0.00      0.00
21:47:56         0.00   3276.80  13516.80      0.00  12740.60      0.00      0.00      0.00      0.00      0.00
21:48:01         0.00   1638.40   8601.60      0.00   8638.80      0.00      0.00      0.00      0.00      0.00
21:48:06         0.00      0.00  18841.60      0.00  18486.60      0.00      0.00      0.00      0.00      0.00
21:48:11         0.00      0.00  16793.60      0.00  16852.20      0.00      0.00      0.00      0.00      0.00
21:48:16         0.00      0.00   9830.40      0.00   9459.40      0.00      0.00      0.00      0.00      0.00
21:48:21         0.00      0.00   5324.80      0.00   5348.40      0.00      0.00      0.00      0.00      0.00
21:48:26         0.00      0.00  14474.00      0.00  16029.00      0.00      0.00      0.00      0.00      0.00
21:48:31         0.00   3276.80  34678.00      0.00  33489.40      0.00      0.00      0.00      0.00      0.00
21:48:36         0.00      0.00  34406.40      0.00  18081.20      0.00      0.00      0.00      0.00      0.00
21:48:41         0.00      0.00  10240.00      0.00   9459.00      0.00      0.00      0.00      0.00      0.00
21:48:46         0.00      0.00  12697.60      0.00  11507.80      0.00      0.00      0.00      0.00      0.00
21:48:51         0.00      0.00   9420.80      0.00   9461.40      0.00      0.00      0.00      0.00      0.00
21:48:56         0.00   1638.40  10240.00      0.00   9459.60      0.00      0.00      0.00      0.00      0.00
21:49:01         0.00   3115.20  11878.40      0.00  11944.00      0.00      0.00      0.00      0.00      0.00
21:49:06         0.00   3438.40   9420.80      0.00   9475.80      0.00      0.00      0.00      0.00      0.00
21:49:11         0.00      0.00  47888.60      0.00 123142.60      0.00      0.00      0.00      0.00      0.00
21:49:16         0.00   3276.80  92604.40      0.00  17672.80      0.00      0.00      0.00      0.00      0.00
21:49:21         0.00      0.00   8601.60      0.00   8635.40      0.00      0.00      0.00      0.00      0.00
21:49:26         0.00  54078.40   6769.00      0.00  71884.20  44250.60     25.80   7558.40      0.00      0.00
21:49:31         0.00    969.60  60405.40      0.00   8225.80      0.00      0.00      0.00      0.00      0.00
21:49:36         0.00  69619.20  45465.60      0.00  39356.00      0.00      0.00      0.00      0.00      0.00
21:49:41         0.00      0.00  23347.20      0.00  21778.00      0.00      0.00      0.00      0.00      0.00
21:49:46         0.00   3276.80   6144.00      0.00   6330.80      0.00      0.00      0.00      0.00      0.00
21:49:51         0.00  13107.20  15564.80      0.00  15203.80      0.00      0.00      0.00      0.00      0.00
21:49:56         0.00      0.00   9011.20      0.00   8636.00      0.00      0.00      0.00      0.00      0.00
21:50:01         0.00   3276.80   8601.60      0.00   7873.60      0.00      0.00      0.00      0.00      0.00
21:50:06         0.00  13107.20  14745.60      0.00  14791.40      0.00      0.00      0.00      0.00      0.00
21:50:11         0.00      0.00   9420.80      0.00   9459.20      0.00      0.00      0.00      0.00      0.00
21:50:16         0.00   1638.40  18432.00      0.00  17663.80      0.00      0.00      0.00      0.00      0.00
21:50:21         0.00  27852.80  15974.40      0.00  16032.60      0.00      0.00      0.00      0.00      0.00
21:50:26         0.00      0.00   6963.20      0.00   6988.80      0.00      0.00      0.00      0.00      0.00
21:50:31         0.00      0.00   8601.60      0.00   8637.40      0.00      0.00      0.00      0.00      0.00
21:50:36         0.00      0.00  16384.00      0.00  16028.80      0.00      0.00      0.00      0.00      0.00
21:50:41         0.00   9830.40  31129.60      0.00  31264.00      0.00      0.00      0.00      0.00      0.00
21:50:46         0.00   2608.00  22528.00      0.00  22242.00      0.00      0.00      0.00      0.00      0.00
21:50:51         0.00   1635.13  10219.56      0.00  10298.00      0.00      0.00      0.00      0.00      0.00
21:50:56         0.00      0.00  12697.60      0.00  12743.00      0.00      0.00      0.00      0.00      0.00
21:51:01         0.00      0.00   9011.20      0.00   8633.20      0.00      0.00      0.00      0.00      0.00
21:51:06         0.00      0.00   7782.40      0.00   6172.40      0.00      0.00      0.00      0.00      0.00
21:51:11         0.00   6553.60  16384.00      0.00  16554.80      0.00      0.00      0.00      0.00      0.00
21:51:16         0.00      0.00   8601.60      0.00   8635.40      0.00      0.00      0.00      0.00      0.00
21:51:21         0.00      0.00  19251.20      0.00  18898.60      0.00      0.00      0.00      0.00      0.00
21:51:26         0.00      0.00  15974.40      0.00  15207.20      0.00      0.00      0.00      0.00      0.00
21:51:31         0.00   3276.80   7782.40      0.00   6994.40      0.00      0.00      0.00      0.00      0.00
21:51:36         0.00   1638.40   9011.20      0.00   8635.20      0.00      0.00      0.00      0.00      0.00
21:51:41         0.00   3276.80  19251.20      0.00  16057.20      0.00      0.00      0.00      0.00      0.00
21:51:46         0.00   3276.80  83968.20      0.00  84161.20      0.00      0.00      0.00      0.00      0.00
21:51:51         0.00      0.00  21708.80      0.00  21362.00      0.00      0.00      0.00      0.00      0.00
21:51:56         0.00      0.00  11878.40      0.00  11104.20      0.00      0.00      0.00      0.00      0.00
21:52:01         0.00      0.00  11878.40      0.00  11509.40      0.00      0.00      0.00      0.00      0.00
21:52:06         0.00   3267.20   9830.40      0.00   9473.00      0.00      0.00      0.00      0.00      0.00
21:52:11         0.00      0.00   5324.80      0.00   5347.20      0.00      0.00      0.00      0.00      0.00
21:52:16         0.00   1638.40  18432.00      0.00  16034.20      0.00      0.00      0.00      0.00      0.00
21:52:21         0.00   1638.40   8192.00      0.00   8384.20      0.00      0.00      0.00      0.00      0.00
21:52:26         0.00      0.00  19660.80      0.00  19309.20      0.00      0.00      0.00      0.00      0.00
21:52:31         0.00   4915.20  15155.20      0.00  16037.40      0.00      0.00      0.00      0.00      0.00
21:52:36         0.00      0.00   5324.80      0.00   5349.80      0.00      0.00      0.00      0.00      0.00
21:52:41         0.00      0.00  12349.60      0.00  10694.00      0.00      0.00      0.00      0.00      0.00
21:52:46         0.00      0.00  15443.60      0.00  15206.80      0.00      0.00      0.00      0.00      0.00
21:52:51         0.00      0.00   9304.40      0.00  31209.00      0.00      0.00      0.00      0.00      0.00
21:52:56         0.00      0.00  31771.40      0.00   8661.60      0.00      0.00      0.00      0.00      0.00
21:53:01         0.00      0.00  17137.80      0.00   6173.80      0.00      0.00      0.00      0.00      0.00
21:53:06         0.00   1638.40  19670.00      0.00  16963.20      0.00      0.00      0.00      0.00      0.00
21:53:11         0.00   3276.80   9011.20      0.00   8634.40      0.00      0.00      0.00      0.00      0.00
21:53:16         0.00      0.00   7372.80      0.00   6172.00      0.00      0.00      0.00      0.00      0.00
21:53:21         0.00      0.00  15155.20      0.00  14796.60      0.00      0.00      0.00      0.00      0.00
21:53:26         0.00      0.00  12288.00      0.00  10693.00      0.00      0.00      0.00      0.00      0.00
21:53:31         0.00   3275.20 124108.80      0.00 123554.00      0.00      0.00      0.00      0.00      0.00
21:53:36    129715.20 135900.00  23347.20      0.00  50027.60  20560.20  13507.40  68002.40      0.00      0.00
21:53:41    361782.40 164632.80  19089.40      0.60 304907.00  89642.60  17818.00 214926.40      0.00      0.00
21:53:46     18189.60  94213.60 221473.80   4551.60  36145.60 167586.60 150628.60  57499.60      0.00      0.00
21:53:51        17.60   8755.20   9437.20      5.40  12569.60   1398.20      0.00   2788.80      0.00      0.00
21:53:56         0.80  25804.80  78872.20   5572.80  70872.20   5201.60   1267.20  12931.20      0.00      0.00
21:54:01      1850.40  45988.80  24220.60    462.60  25085.40   7446.40   4108.80  22997.60      0.00      0.00
21:54:06         0.00      0.00   7782.80      0.00   5348.20      0.00      0.00      0.00      0.00      0.00
21:54:11       410.40 112572.00  43111.60    103.20  53971.20  14895.60  10854.80  51385.60      0.00      0.00
21:54:16         0.00      0.00  10241.00      0.40  10281.40      0.00      0.00      0.00      0.00      0.00
21:54:21         0.00   1638.40   7222.60      0.00   6276.00      0.00      0.00      0.00      0.00      0.00
21:54:26         0.00      0.00  15716.00      0.00  15207.00      0.00      0.00      0.00      0.00      0.00
21:54:31         0.00      0.00   6754.20      0.00   8636.00      0.00      0.00      0.00      0.00      0.00
21:54:36         0.00      0.00  23966.60      0.00  20543.40      0.00      0.00      0.00      0.00      0.00
21:54:41         0.00      0.00  14746.20      0.00  14795.20      0.00      0.00      0.00      0.00      0.00
21:54:46         0.00      0.00   7373.20      0.00   6172.00      0.00      0.00      0.00      0.00      0.00
21:54:51         0.00  13107.20   8601.60      0.00   7302.40      0.00      0.00      0.00      0.00      0.00
21:54:56       803.20      0.00   8802.40    200.80   7901.00      0.00      0.00      0.00      0.00      0.00
21:55:01         0.00   6553.60  15155.60      0.00  15260.40      0.00      0.00      0.00      0.00      0.00
21:55:06         0.00      0.00  21709.00      0.00  21772.40      0.00      0.00      0.00      0.00      0.00
21:55:11         0.00      0.00   5734.40      0.00   5758.40      0.00      0.00      0.00      0.00      0.00
21:55:16         2.40  26214.40  41781.80      1.00  41179.60      0.00      0.00      0.00      0.00      0.00
21:55:21         0.00      0.00   6144.00      0.00   6171.80      0.00      0.00      0.00      0.00      0.00
21:55:26         0.00      0.00  10240.60      0.00   9462.40      0.00      0.00      0.00      0.00      0.00
21:55:31         0.00  13107.20  16384.20      0.00  16276.60      0.00      0.00      0.00      0.00      0.00
21:55:36         0.00      0.00   5324.80      0.00   5348.60      0.00      0.00      0.00      0.00      0.00
21:55:41         0.00   6553.60  23347.20      0.00  21770.40      0.00      0.00      0.00      0.00      0.00
21:55:46         0.00      0.00  19252.00      0.00  17261.20      0.00      0.00      0.00      0.00      0.00
21:55:51         0.00   6540.52   5314.77      0.00   5397.60      0.00      0.00      0.00      0.00      0.00
21:55:56         0.00      0.00   9421.20      0.00   9048.80      0.00      0.00      0.00      0.00      0.00
21:56:01         0.00   1638.40   5324.80      0.00   5354.00      0.00      0.00      0.00      0.00      0.00
21:56:06         0.00   5580.80  73318.80      0.00  71607.20   1395.20      0.00   2790.40      0.00      0.00
21:56:11         0.00      0.00  21708.80      0.00  21773.20      0.00      0.00      0.00      0.00      0.00
21:56:16         0.00 106496.00  30579.60      0.00  33755.20      0.00      0.00      0.00      0.00      0.00
21:56:21         0.00      0.00  18573.00      0.00  14796.20      0.00      0.00      0.00      0.00      0.00
21:56:26         0.00   1638.40   8739.20      0.00  11214.40      0.00      0.00      0.00      0.00      0.00
21:56:31         0.00      0.00   7644.80      0.00   5350.80      0.00      0.00      0.00      0.00      0.00
21:56:36         0.00      0.00  15155.60      0.00  14796.80      0.00      0.00      0.00      0.00      0.00
21:56:41         0.00      0.00   6144.00      0.00   6171.20      0.00      0.00      0.00      0.00      0.00
21:56:46         0.00   1638.40  29216.00      0.00  20948.80      0.00      0.00      0.00      0.00      0.00
21:56:51         0.00      0.00  26080.00      0.00  10705.80      0.00      0.00      0.00      0.00      0.00
21:56:56         0.00   4915.20   5324.80      0.00   5500.60      0.00      0.00      0.00      0.00      0.00
21:57:01         0.00   1638.40   9830.40      0.00   8663.40      0.00      0.00      0.00      0.00      0.00
21:57:06         0.00      0.00   6144.00      0.00   6168.40      0.00      0.00      0.00      0.00      0.00
21:57:11         0.00      0.00  16793.60      0.00  16851.40      0.00      0.00      0.00      0.00      0.00
21:57:16         0.00      0.00   9420.80      0.00   9049.00      0.00      0.00      0.00      0.00      0.00
21:57:21         0.00  15428.80  31129.80      0.00  31334.00      0.00      0.00      0.00      0.00      0.00
21:57:26         0.00  38638.40  29081.80      0.00  28677.20      0.00      0.00      0.00      0.00      0.00
21:57:31         0.00   1638.40   5324.80      0.00   5379.20      0.00      0.00      0.00      0.00      0.00
21:57:36         0.00   3276.80  11468.80      0.00  11330.00      0.00      0.00      0.00      0.00      0.00
21:57:41         0.00    448.00  15564.80      0.00  15203.80      0.00      0.00      0.00      0.00      0.00
21:57:46         0.00   1638.40   6144.00      0.00   6581.80      0.00      0.00      0.00      0.00      0.00
21:57:51         1.60  88254.40 115031.00    248.40 112551.40 139523.80 125678.20  45214.00      0.00      0.00
21:57:56       115.20  10086.40  18982.60     90.60  26306.20   1702.40      0.00   3404.80      0.00      0.00
21:58:01         0.00      0.00  19060.60      0.00  10252.60      0.00      0.00      0.00      0.00      0.00
21:58:06        16.80      0.00   9425.00      4.20   8638.40      0.00      0.00      0.00      0.00      0.00
21:58:11         0.00      0.00   6553.60      0.00   6171.80      0.00      0.00      0.00      0.00      0.00
21:58:16         0.00   5580.80  67584.00      0.00  72017.00   1395.20      0.00   2790.40      0.00      0.00
21:58:21         0.00   1638.40  10240.20      0.00  10280.80      0.00      0.00      0.00      0.00      0.00
21:58:26         0.00      0.00  45875.40      0.00  45391.80      0.00      0.00      0.00      0.00      0.00
21:58:31         0.00      0.00  15564.80      0.00  15207.20      0.00      0.00      0.00      0.00      0.00
21:58:36         0.00   1638.40   5734.40      0.00   5816.00      0.00      0.00      0.00      0.00      0.00
21:58:41         0.00      0.00   9011.20      0.00   8636.20      0.00      0.00      0.00      0.00      0.00
21:58:46         0.00   3276.80  15160.80      0.00  17673.00      0.00      0.00      0.00      0.00      0.00
21:58:51         0.00      0.00  11053.60      0.00   5349.20      0.00      0.00      0.00      0.00      0.00
21:58:56         0.00   3276.80  10240.00      0.00   6195.20      0.00      0.00      0.00      0.00      0.00
21:59:01         0.00      0.00  18432.00      0.00  18485.00      0.00      0.00      0.00      0.00      0.00
21:59:06         0.00      0.00  17203.20      0.00  17260.20      0.00      0.00      0.00      0.00      0.00
21:59:11         0.00      0.00   8602.20      0.00   8226.40      0.00      0.00      0.00      0.00      0.00
21:59:16         0.00      0.00   5324.80      0.00   5349.60      0.00      0.00      0.00      0.00      0.00
21:59:21         0.00  13107.20  15974.80      0.00  16141.00      0.00      0.00      0.00      0.00      0.00
21:59:26         0.00      0.00  10649.60      0.00   8637.00      0.00      0.00      0.00      0.00      0.00
21:59:31         0.80      0.00  48333.40      0.20  47220.60      0.00      0.00      0.00      0.00      0.00
21:59:36         0.00      0.00  10240.00      0.00   8636.20      0.00      0.00      0.00      0.00      0.00
21:59:41         0.00   1638.40  11878.40      0.00  11514.80      0.00      0.00      0.00      0.00      0.00
21:59:46         0.00   1638.40  11059.20      0.00   9461.40      0.00      0.00      0.00      0.00      0.00
21:59:51         0.00      0.00   8520.20      0.00   9871.60      0.00      0.00      0.00      0.00      0.00
21:59:56         0.00      0.00  14827.00      0.00  12740.60      0.00      0.00      0.00      0.00      0.00
22:00:01         0.00   1638.40   9011.20      0.00   6995.60      0.00      0.00      0.00      0.00      0.00
22:00:06         0.00      0.00  19251.40      0.00  19308.40      0.00      0.00      0.00      0.00      0.00
22:00:11         0.00      0.00  14716.17      0.00  14766.27      0.00      0.00      0.00      0.00      0.00
22:00:16         0.00      0.00  11178.76      0.00  11125.25      0.00      0.00      0.00      0.00      0.00
22:00:21         0.00   1638.40   6456.40      0.00   5357.60      0.00      0.00      0.00      0.00      0.00
22:00:26         0.00  13107.20  72089.60      0.00  73712.00      0.00      0.00      0.00      0.00      0.00
22:00:31         0.00      0.00   6540.52      0.00   5338.92      0.00      0.00      0.00      0.00      0.00
22:00:36         0.00   1638.40  49152.00      0.00  48047.40      0.00      0.00      0.00      0.00      0.00
22:00:41         0.00      0.00  18841.60      0.00  16442.20      0.00      0.00      0.00      0.00      0.00
22:00:46         0.00      0.00   6144.00      0.00   5348.80      0.00      0.00      0.00      0.00      0.00
22:00:51         0.00      0.00   9420.80      0.00   9459.40      0.00      0.00      0.00      0.00      0.00
22:00:56         0.00   3276.80   6144.00      0.00   5482.20      0.00      0.00      0.00      0.00      0.00
22:01:01         0.00      0.00  21709.20      0.00  17674.60      0.00      0.00      0.00      0.00      0.00
22:01:06         0.00      0.00   9420.80      0.00   8636.40      0.00      0.00      0.00      0.00      0.00
22:01:11         0.00   1638.40  18841.80      0.00  18089.20      0.00      0.00      0.00      0.00      0.00
22:01:16         0.00      0.00  22937.80      0.00  15618.20      0.00      0.00      0.00      0.00      0.00
22:01:21         0.00      0.00  11059.20      0.00  10281.80      0.00      0.00      0.00      0.00      0.00
22:01:26         0.00   6553.60   6144.00      0.00   6176.80      0.00      0.00      0.00      0.00      0.00
22:01:31         0.00      0.00  15155.20      0.00  15207.20      0.00      0.00      0.00      0.00      0.00
22:01:36         0.00      0.00   6144.00      0.00   6172.40      0.00      0.00      0.00      0.00      0.00
22:01:41         0.00      0.00  50336.20      0.00  49687.40      0.00      0.00      0.00      0.00      0.00
22:01:46         0.00      0.00  16019.60      0.00  16029.80      0.00      0.00      0.00      0.00      0.00
22:01:51         0.00      0.00   5324.80      0.00   4939.00      0.00      0.00      0.00      0.00      0.00
22:01:56         0.00      0.00   9420.80      0.00   8226.60      0.00      0.00      0.00      0.00      0.00
22:02:01         0.00   3276.80   6144.00      0.00   5347.20      0.00      0.00      0.00      0.00      0.00
22:02:06         0.00      0.00  17203.40      0.00  16851.80      0.00      0.00      0.00      0.00      0.00
22:02:11         8.00      0.00 114280.40      2.00 125527.40      0.00      0.00      0.00      0.00      0.00
22:02:16         0.00   4915.20  19660.80      0.00  18483.60      0.00      0.00      0.00      0.00      0.00
22:02:21         1.60 286858.40  15974.80      0.40  18137.40      0.00      0.00      0.00      0.00      0.00
22:02:26        56.00 512880.00 212084.40     18.80 266572.20 135855.20 201979.80  42097.40      0.00      0.00
22:02:31       239.20  50176.00  19849.20   2838.20  19166.60   9996.80   2534.40  25109.00      0.00      0.00
22:02:36       302.40  47515.20  69225.20      1.60  69336.80   6529.20    883.20  14746.40      0.00      0.00
22:02:41         0.00      0.00   5325.00      0.20   5348.80      0.00      0.00      0.00      0.00      0.00
22:02:46       831.20  84393.60  49360.80    208.20  48950.60  16946.80   3840.00  41377.60      0.00      0.00
22:02:51         0.00   9305.60  13517.00      0.00  14973.40   1395.20      0.00   2790.40      0.00      0.00
22:02:56         0.00      0.00   8602.40      0.20   8636.40      0.00      0.00      0.00      0.00      0.00
22:03:01         0.00      0.00   9420.80      0.00   9894.20      0.00      0.00      0.00      0.00      0.00
22:03:06         0.00      0.00   5324.80      0.00   4938.80      0.00      0.00      0.00      0.00      0.00
22:03:11         1.60   2608.00  19251.60      0.40  16083.80      0.00      0.00      0.00      0.00      0.00
22:03:16         0.00      0.00   8192.20      0.00   6995.20      0.00      0.00      0.00      0.00      0.00
22:03:21       417.60  52428.80  23042.60    104.40  22646.40      0.00      0.00      0.00      0.00      0.00
22:03:26         5.60   1032.80  15566.20      1.40  15206.60      0.00      0.00      0.00      0.00      0.00
22:03:31         0.00      0.00   5324.80      0.00   5349.00      0.00      0.00      0.00      0.00      0.00
22:03:36         0.00      0.00  11469.00      0.00  10693.00      0.00      0.00      0.00      0.00      0.00
22:03:41         0.00      0.00  15565.00      0.00  15258.80      0.00      0.00      0.00      0.00      0.00
22:03:46         0.00      0.00   6144.00      0.00   6172.40      0.00      0.00      0.00      0.00      0.00
22:03:51         7.20      0.00  47925.20      1.80  48043.20      0.00      0.00      0.00      0.00      0.00
22:03:56         0.00   1635.13  14307.39      0.00  12754.49      0.00      0.00      0.00      0.00      0.00
22:04:01         0.00      0.00  10649.60      0.00  10281.60      0.00      0.00      0.00      0.00      0.00
22:04:06         0.00   5580.80  12288.00      0.00  10443.40   1395.20      0.00   2790.40      0.00      0.00
22:04:11         0.00   1638.40   5324.80      0.00   5349.40      0.00      0.00      0.00      0.00      0.00
22:04:16         0.00      0.00  15974.40      0.00  16029.80      0.00      0.00      0.00      0.00      0.00
22:04:21         0.00   6553.60   6963.40      0.00   7444.80      0.00      0.00      0.00      0.00      0.00
22:04:26      1636.80      0.00  22118.20    409.20  21552.00      0.00      0.00      0.00      0.00      0.00
22:04:31         0.00    969.60  16384.00      0.00  15209.60      0.00      0.00      0.00      0.00      0.00
22:04:36         0.00      0.00   4915.40      0.00   4935.80      0.00      0.00      0.00      0.00      0.00
22:04:41         8.00      0.00  45670.60      2.00  61996.20      0.00      0.00      0.00      0.00      0.00
22:04:46         0.00   3276.80  35432.60      0.00  16860.80      0.00      0.00      0.00      0.00      0.00
22:04:51         0.00  14182.40   5734.40      0.00   7847.40   2316.80      0.00   4633.60      0.00      0.00
22:04:56         0.00   3276.80  49152.20      0.00  48864.20      0.00      0.00      0.00      0.00      0.00
22:05:01         0.00      0.00   7782.40      0.00   5348.80      0.00      0.00      0.00      0.00      0.00
22:05:06         0.00      0.00  18432.00      0.00  17264.60      0.00      0.00      0.00      0.00      0.00
22:05:11         0.00    969.60   4915.20      0.00   3296.60      0.00      0.00      0.00      0.00      0.00
22:05:16         0.00   6553.60  11059.20      0.00   9680.60      0.00      0.00      0.00      0.00      0.00
22:05:21         0.00   6553.60  18841.80      0.00  15203.40      0.00      0.00      0.00      0.00      0.00
22:05:26         0.00      0.00   6553.60      0.00   6172.60      0.00      0.00      0.00      0.00      0.00
22:05:31         0.00      0.00  23347.20      0.00  23418.60      0.00      0.00      0.00      0.00      0.00
22:05:36         0.00      0.00  16384.20      0.00  16029.20      0.00      0.00      0.00      0.00      0.00
22:05:41         0.00      0.00   6553.60      0.00   5345.20      0.00      0.00      0.00      0.00      0.00
22:05:46         0.00   4915.20   8192.00      0.00   7926.60      0.00      0.00      0.00      0.00      0.00
22:05:51         0.00      0.00  12697.60      0.00  11921.20      0.00      0.00      0.00      0.00      0.00
22:05:56         0.00      0.00  10240.00      0.00  10281.40      0.00      0.00      0.00      0.00      0.00
22:06:01         1.60      0.00  48743.00      0.40  48865.60      0.00      0.00      0.00      0.00      0.00
22:06:06         0.00      0.00   5734.40      0.00   5348.80      0.00      0.00      0.00      0.00      0.00
22:06:11         0.00      0.00  15564.80      0.00  15207.60      0.00      0.00      0.00      0.00      0.00
22:06:16         0.00      0.00   9011.20      0.00   7816.80      0.00      0.00      0.00      0.00      0.00
22:06:21         0.00      0.00   8601.60      0.00   8226.00      0.00      0.00      0.00      0.00      0.00
22:06:26         0.00      0.00  15564.80      0.00  15619.00      0.00      0.00      0.00      0.00      0.00
22:06:31         4.80  42917.60 105748.00      1.20 108838.60 122468.80 112662.20  33472.00      0.00      0.00
22:06:36      1333.60  20772.00  30278.80    336.60  30628.00  40627.20  64162.60  16115.20      0.00      0.00
22:06:41         0.80   1638.40  16801.20      1.20  16973.80      0.00      0.00      0.00      0.00      0.00
22:06:46         0.00      0.00   6144.00      0.00   6172.40      0.00      0.00      0.00      0.00      0.00
22:06:51      1234.40      0.00  64954.20    308.60  68299.60      0.00      0.00      0.00      0.00      0.00
22:06:56         0.00   1638.40  11878.40      0.00  11922.40      0.00      0.00      0.00      0.00      0.00
22:07:01         0.00   6553.60  10649.60      0.00  10318.40      0.00      0.00      0.00      0.00      0.00
22:07:06         0.00    969.60  47923.20      0.00  47903.60      0.00      0.00      0.00      0.00      0.00
22:07:11         0.00   3276.80   6144.00      0.00   5350.20      0.00      0.00      0.00      0.00      0.00
22:07:16         0.00   9892.80  15155.20      0.00  12566.20   3916.80      0.00   7833.60      0.00      0.00
22:07:21         0.00      0.00  10135.40      0.00   9459.40      0.00      0.00      0.00      0.00      0.00
22:07:26         0.00   3276.80   7067.80      0.00   6992.40      0.00      0.00      0.00      0.00      0.00
22:07:31         0.00      0.00  14745.80      0.00  14792.20      0.00      0.00      0.00      0.00      0.00
22:07:36         0.00   3276.80   6144.00      0.00   6170.00      0.00      0.00      0.00      0.00      0.00
22:07:41         0.00   8192.00  22937.60      0.00  21647.00      0.00      0.00      0.00      0.00      0.00
22:07:46      3277.60      0.00  19251.60    819.40  16412.80      0.00      0.00      0.00      0.00      0.00
22:07:51         0.00      0.00   5314.17      0.00   5338.12      0.00      0.00      0.00      0.00      0.00
22:07:56         0.00   1638.40   9420.80      0.00   9489.80      0.00      0.00      0.00      0.00      0.00
22:08:01         0.00      0.00  11878.40      0.00  11920.00      0.00      0.00      0.00      0.00      0.00
22:08:06         0.00      0.00   9420.80      0.00   9047.60      0.00      0.00      0.00      0.00      0.00
22:08:11         0.00   6553.60  36454.40      0.00  36548.00      0.00      0.00      0.00      0.00      0.00
22:08:16         0.00      0.00  18841.60      0.00  18485.80      0.00      0.00      0.00      0.00      0.00
22:08:21         0.00      0.00  18022.60      0.00  15619.60      0.00      0.00      0.00      0.00      0.00
22:08:26         0.00   1638.40   5324.80      0.00   4533.40      0.00      0.00      0.00      0.00      0.00
22:08:31         0.00      0.00   9420.80      0.00   9459.00      0.00      0.00      0.00      0.00      0.00
22:08:36         0.00   1638.40  18022.40      0.00  16443.60      0.00      0.00      0.00      0.00      0.00
22:08:41         0.00      0.00   6144.00      0.00   6173.80      0.00      0.00      0.00      0.00      0.00
22:08:46         0.00   6553.60  34816.20      0.00  21772.60      0.00      0.00      0.00      0.00      0.00
22:08:51         0.00   1638.40  11878.40      0.00  11926.20      0.00      0.00      0.00      0.00      0.00
22:08:56         0.00      0.00  11878.40      0.00  11104.80      0.00      0.00      0.00      0.00      0.00
22:09:01         0.00      0.00  63078.60      0.00  67266.80      0.00      0.00      0.00      0.00      0.00
22:09:06         0.00  26214.40  12288.00      0.00  12326.20      0.00      0.00      0.00      0.00      0.00
22:09:11         0.00      0.00  10240.00      0.00   8633.00      0.00      0.00      0.00      0.00      0.00
22:09:16         0.00      0.00  38093.00      0.00  34097.20      0.00      0.00      0.00      0.00      0.00
22:09:21         0.00   1638.40  18432.00      0.00  18485.40      0.00      0.00      0.00      0.00      0.00
22:09:26         0.00      0.00  15974.40      0.00  16026.60      0.00      0.00      0.00      0.00      0.00
22:09:31         0.00   1638.40   8192.00      0.00   5352.00      0.00      0.00      0.00      0.00      0.00
22:09:36         0.00   3276.80  14336.00      0.00   9469.80      0.00      0.00      0.00      0.00      0.00
22:09:41         0.00      0.00  10685.80      0.00  16427.40      0.00      0.00      0.00      0.00      0.00
22:09:46         0.00      0.00  11023.20      0.00   4129.40      0.00      0.00      0.00      0.00      0.00
22:09:51         0.00      0.00  22528.00      0.00  22596.20      0.00      0.00      0.00      0.00      0.00
22:09:56         0.00   4915.20   5324.80      0.00   5361.00      0.00      0.00      0.00      0.00      0.00
22:10:01         0.00      0.00  18022.40      0.00  17672.40      0.00      0.00      0.00      0.00      0.00
22:10:06         0.00      0.00   9011.20      0.00   8637.40      0.00      0.00      0.00      0.00      0.00
22:10:11         0.00   3276.80   5324.80      0.00   5409.60      0.00      0.00      0.00      0.00      0.00
22:10:16         0.00      0.00  16384.00      0.00  15619.40      0.00      0.00      0.00      0.00      0.00
22:10:21         0.00      0.00  31539.20      0.00  31207.40      0.00      0.00      0.00      0.00      0.00
22:10:26         0.00  52428.80  24166.40      0.00  22782.40      0.00      0.00      0.00      0.00      0.00
22:10:31         0.00      0.00  15155.20      0.00  15206.60      0.00      0.00      0.00      0.00      0.00
22:10:36         0.00   1638.40   6144.00      0.00   6179.20      0.00      0.00      0.00      0.00      0.00
22:10:41         0.00      0.00   9011.20      0.00   8633.40      0.00      0.00      0.00      0.00      0.00
22:10:46         0.00      0.00  20889.60      0.00  14387.60      0.00      0.00      0.00      0.00      0.00
22:10:51         0.00 158365.60   9011.20      0.00   9794.80      0.00      0.00      0.00      0.00      0.00
22:10:56         8.00 261064.80 121405.60      2.00 156102.00      0.00      0.00      0.00      0.00      0.00
22:11:01     70069.60      0.00  64403.60  27688.20 214451.20      0.00      0.00      0.00      0.00      0.00
22:11:06         0.00      0.00 204036.40      0.00  15381.00      0.00      0.00      0.00      0.00      0.00
22:11:11    236027.15 324716.97 122797.21  59012.77  92576.65 146416.37  78821.96 162796.21      0.00      0.00
22:11:16    189121.44 206927.45  53040.48  47280.96  57651.10  72835.67  38655.71 102286.77      0.00      0.00
22:11:21         0.00  10905.60  15975.20      0.00  19482.40   2689.20     38.40   5453.60      0.00      0.00
22:11:26         0.00   5560.00  31949.40      0.00  33420.80   1394.80      0.00   2781.60      0.00      0.00
22:11:31         0.00   4962.87  34747.11      0.00  21760.28      0.00      0.00      0.00      0.00      0.00
22:11:36         0.00  11411.20  18433.60      0.20  17920.20      0.00      0.00      0.00      0.00      0.00
22:11:41         0.00   3276.80   6553.60      0.00   5666.20      0.00      0.00      0.00      0.00      0.00
22:11:46         0.00   1638.40   9420.80      0.00   9458.40      0.00      0.00      0.00      0.00      0.00
22:11:51         0.00      0.00  11878.80      0.00  11919.40      0.00      0.00      0.00      0.00      0.00
22:11:56         0.00      0.00  11878.40      0.00  11100.40      0.00      0.00      0.00      0.00      0.00
22:12:01         0.00      0.00  21709.00      0.00  21775.20      0.00      0.00      0.00      0.00      0.00
22:12:06         0.00   1638.40   4915.20      0.00   5346.20      0.00      0.00      0.00      0.00      0.00
22:12:11         0.00  27852.80  19661.00      0.00  18609.80   1399.00      0.00   2794.00      0.00      0.00
22:12:16         0.00      0.00   9011.40      0.00   8226.60      0.00      0.00      0.00      0.00      0.00
22:12:21         0.00   1638.40   8192.00      0.00   6995.00      0.00      0.00      0.00      0.00      0.00
22:12:26         0.00      0.00  15155.20      0.00  15203.60      0.00      0.00      0.00      0.00      0.00
22:12:31         0.00      0.00  33177.80      0.00  32443.80      0.00      0.00      0.00      0.00      0.00
22:12:36         0.00      0.00  21708.80      0.00  21365.20      0.00      0.00      0.00      0.00      0.00
22:12:41         0.00      0.00  16793.60      0.00  16852.20      0.00      0.00      0.00      0.00      0.00
22:12:46         0.00      0.00   7373.00      0.00   6170.60      0.00      0.00      0.00      0.00      0.00
22:12:51         0.00  13107.20  10240.00      0.00   9548.80      0.00      0.00      0.00      0.00      0.00
22:12:56         0.00   3276.80  12697.80      0.00  12348.60      0.00      0.00      0.00      0.00      0.00
22:13:01         0.00   1638.40  13926.40      0.00   8229.40      0.00      0.00      0.00      0.00      0.00
22:13:06         0.00      0.00  22528.00      0.00  22595.80      0.00      0.00      0.00      0.00      0.00
22:13:11         0.00      0.00   5324.80      0.00   5349.20      0.00      0.00      0.00      0.00      0.00
22:13:16         0.00   3276.80  18432.00      0.00  16184.20      0.00      0.00      0.00      0.00      0.00
22:13:21    110550.90  88954.89  85287.82  27642.51  83531.74  22120.36    339.72  44639.12      0.00      0.00
22:13:26         0.80   6412.83  11093.39      1.20  13342.69   1612.02      0.00   3253.71      0.00      0.00
22:13:31         0.00      0.00  41370.80      0.40  41471.80      0.00      0.00      0.00      0.00      0.00
22:13:36         0.00      0.00   5744.60      0.20   4937.80      0.00      0.00      0.00      0.00      0.00
22:13:41         0.00   6758.40  23757.40      0.20  23067.00   1707.40      0.00   3399.20      0.00      0.00
22:13:46         0.00   1638.40  15155.80      0.20  15232.20      0.00      0.00      0.00      0.00      0.00
22:13:51         0.00      0.00  10241.40      0.20   7816.80      0.00      0.00      0.00      0.00      0.00
22:13:56         0.00      0.00   8602.40      0.00   8639.60      0.00      0.00      0.00      0.00      0.00
22:14:01         0.00   8192.00  13481.20      0.00  13210.00      0.00      0.00      0.00      0.00      0.00
22:14:06         0.00      0.00   8638.20      0.00   8635.80      0.00      0.00      0.00      0.00      0.00
22:14:11         0.00   1638.40  23348.00      0.00  23553.40      0.00      0.00      0.00      0.00      0.00
22:14:16         0.00      0.00   5734.80      0.00   5760.60      0.00      0.00      0.00      0.00      0.00
22:14:21         0.00      0.00  15155.40      0.00  15201.40      0.00      0.00      0.00      0.00      0.00
22:14:26         0.00      0.00   6131.94      0.00   6159.48      0.00      0.00      0.00      0.00      0.00
22:14:31         0.00   1638.40   9011.20      0.00   5364.80      0.00      0.00      0.00      0.00      0.00
22:14:36         0.00   2668.80  18432.20      0.00  17783.40      0.00      0.00      0.00      0.00      0.00
22:14:41         0.00   1638.40  31539.40      0.00  32025.60      0.00      0.00      0.00      0.00      0.00
22:14:46      1637.60   5632.00  24548.80    409.40  25837.80   1399.40     12.80   2822.00      0.00      0.00
22:14:51         0.00      0.00  14774.00      0.00  14386.20      0.00      0.00      0.00      0.00      0.00
22:14:56         0.00   2608.00   7782.40      0.00   7400.00      0.00      0.00      0.00      0.00      0.00
22:15:01         0.00      0.00   8601.80      0.00   8635.40      0.00      0.00      0.00      0.00      0.00
22:15:06         0.00      0.00   5324.80      0.00   5348.80      0.00      0.00      0.00      0.00      0.00
22:15:11         0.00      0.00  15974.40      0.00  16030.60      0.00      0.00      0.00      0.00      0.00
22:15:16         0.00      0.00  21709.00      0.00  21769.80      0.00      0.00      0.00      0.00      0.00
22:15:21         0.00   3276.80   9830.40      0.00   7466.40      0.00      0.00      0.00      0.00      0.00
22:15:26         0.00      0.00  15565.20      0.00  15206.60      0.00      0.00      0.00      0.00      0.00
22:15:31        10.40   9113.60  65130.20      2.80  59813.40   1804.80     69.20   3744.00      0.00      0.00
22:15:36         1.60      0.00   9421.40      0.40  14388.40      0.00      0.00      0.00      0.00      0.00
22:15:41     43178.40  31236.00 129180.00  10794.60 125328.80   9515.80     76.80  15614.40      0.00      0.00
22:15:46         0.00   1638.40  20264.60      0.00  35758.80      0.00      0.00      0.00      0.00      0.00
22:15:51         0.00  38947.20  40766.60      0.00  21925.40      0.00      0.00      0.00      0.00      0.00
22:15:56         0.00      0.00  11582.80      0.00  12742.40      0.00      0.00      0.00      0.00      0.00
22:16:01         0.00  13107.20  10535.80      0.00   8220.80      0.00      0.00      0.00      0.00      0.00
22:16:06         0.00      0.00  11468.80      0.00  11104.40      0.00      0.00      0.00      0.00      0.00
22:16:11         0.00   1638.40   5324.80      0.00   4993.40      0.00      0.00      0.00      0.00      0.00
22:16:16         0.00      0.00  15155.40      0.00  14386.60      0.00      0.00      0.00      0.00      0.00
22:16:21         0.00      0.00  19251.20      0.00  19308.60      0.00      0.00      0.00      0.00      0.00
22:16:26         0.00   1638.40   8192.00      0.00   8254.60      0.00      0.00      0.00      0.00      0.00
22:16:31         0.00  16384.00  17612.80      0.00  17795.60      0.00      0.00      0.00      0.00      0.00
22:16:36         0.00   1638.40   5324.80      0.00   5453.80      0.00      0.00      0.00      0.00      0.00
22:16:41         0.00   3276.80   9420.80      0.00   9520.20      0.00      0.00      0.00      0.00      0.00
22:16:46         0.00   6553.60  15974.60      0.00  15229.40      0.00      0.00      0.00      0.00      0.00
22:16:51         0.00      0.00   7782.40      0.00   6584.20      0.00      0.00      0.00      0.00      0.00
22:16:56         0.00      0.00  48333.00      0.00  48454.40      0.00      0.00      0.00      0.00      0.00
22:17:01         0.00   1638.40  12697.60      0.00  11918.40      0.00      0.00      0.00      0.00      0.00
22:17:06         0.00      0.00   9421.00      0.00   9459.60      0.00      0.00      0.00      0.00      0.00
22:17:11         0.00   1638.40  10240.00      0.00  10281.60      0.00      0.00      0.00      0.00      0.00
22:17:16         0.00      0.00   6553.60      0.00   6172.40      0.00      0.00      0.00      0.00      0.00
22:17:21         0.00      0.00  15155.40      0.00  15205.60      0.00      0.00      0.00      0.00      0.00
22:17:26         0.00   1638.40   7790.00      0.00  19364.20      0.00      0.00      0.00      0.00      0.00
22:17:31         0.00      0.00  18295.20      0.00   6994.00      0.00      0.00      0.00      0.00      0.00
22:17:36         0.00      0.00  21838.20      0.00  10294.60      0.00      0.00      0.00      0.00      0.00
22:17:41         0.00      0.00   6553.60      0.00   6171.60      0.00      0.00      0.00      0.00      0.00
22:17:46         0.00   6553.60  61030.60      0.00  65021.20      0.00      0.00      0.00      0.00      0.00
22:17:51         0.00      0.00  15974.40      0.00  16030.00      0.00      0.00      0.00      0.00      0.00
22:17:56         0.00   1638.40   6963.20      0.00   7106.40      0.00      0.00      0.00      0.00      0.00
22:18:01         0.00   6553.60  35635.40      0.00  35951.00      0.00      0.00      0.00      0.00      0.00
22:18:06      3277.60      0.00  25805.20    819.40  25029.40      0.00      0.00      0.00      0.00      0.00

Average:      1700.25   7660.52  21324.63    277.00  20168.38   2446.01   1884.68   2125.54      0.00      0.00
