Linux 7.2.0-rc5-virtme (virtme-ng) 	08/01/26 	_x86_64_	(12 CPU)

21:18:51     %smem-10  %smem-60 %smem-300     %smem  %fmem-10  %fmem-60 %fmem-300     %fmem
21:18:56         0.00      0.00      0.00      0.00      0.00      0.00      0.00      0.00
21:19:01         0.00      0.00      0.00      0.00      0.00      0.00      0.00      0.00
21:19:06         0.00      0.00      0.00      0.00      0.00      0.00      0.00      0.00
21:19:11         0.00      0.00      0.00      0.37      0.00      0.00      0.00      0.37
21:19:16         1.33      0.28      0.06      3.95      1.33      0.28      0.06      3.95
21:19:21         1.70      0.50      0.11      3.29      1.70      0.50      0.11      3.29
21:19:26         1.29      0.50      0.11      0.55      1.29      0.50      0.11      0.55
21:19:31         1.19      0.57      0.14      1.90      1.19      0.57      0.14      1.90
21:19:36         0.80      0.53      0.14      0.00      0.80      0.53      0.14      0.00
21:19:41         0.43      0.48      0.13      0.00      0.43      0.48      0.13      0.00
21:19:46         0.29      0.45      0.13      0.24      0.29      0.45      0.13      0.24
21:19:51         0.16      0.41      0.13      0.00      0.16      0.41      0.13      0.00
21:19:56         0.10      0.38      0.13      0.00      0.10      0.38      0.13      0.00
21:20:01         0.05      0.34      0.12      0.00      0.05      0.34      0.12      0.00
21:20:06         0.03      0.32      0.12      0.00      0.03      0.32      0.12      0.00
21:20:11         0.02      0.29      0.12      0.00      0.02      0.29      0.12      0.00
21:20:16         0.01      0.27      0.12      0.00      0.01      0.27      0.12      0.00
21:20:21         0.00      0.24      0.11      0.00      0.00      0.24      0.11      0.00
21:20:26         0.00      0.23      0.11      0.00      0.00      0.23      0.11      0.00
21:20:31         0.00      0.20      0.11      0.00      0.00      0.20      0.11      0.00
21:20:36         0.00      0.19      0.11      0.00      0.00      0.19      0.11      0.00
21:20:41         0.00      0.17      0.10      0.00      0.00      0.17      0.10      0.00
21:20:46         0.00      0.16      0.10      0.00      0.00      0.16      0.10      0.00
21:20:51         0.00      0.14      0.10      0.00      0.00      0.14      0.10      0.00
21:20:56         0.00      0.13      0.10      0.00      0.00      0.13      0.10      0.00
21:21:01         0.00      0.12      0.09      0.00      0.00      0.12      0.09      0.00
21:21:06         0.00      0.11      0.09      0.00      0.00      0.11      0.09      0.00
21:21:11         0.00      0.10      0.09      0.00      0.00      0.10      0.09      0.00
21:21:16         0.00      0.09      0.09      0.00      0.00      0.09      0.09      0.00
21:21:21         0.00      0.08      0.08      0.00      0.00      0.08      0.08      0.00
21:21:26         0.00      0.08      0.08      0.00      0.00      0.08      0.08      0.00
21:21:31         0.00      0.07      0.08      0.00      0.00      0.07      0.08      0.00
21:21:36         0.00      0.06      0.08      0.00      0.00      0.06      0.08      0.00
21:21:41         0.00      0.05      0.07      0.00      0.00      0.05      0.07      0.00
21:21:46         0.00      0.05      0.07      0.00      0.00      0.05      0.07      0.00
21:21:51         0.00      0.04      0.07      0.00      0.00      0.04      0.07      0.00
21:21:56         0.00      0.04      0.07      0.00      0.00      0.04      0.07      0.00
21:22:01         0.00      0.04      0.07      0.00      0.00      0.04      0.07      0.00
21:22:06         0.00      0.03      0.06      0.00      0.00      0.03      0.06      0.00
21:22:11         0.00      0.03      0.06      0.00      0.00      0.03      0.06      0.00
21:22:16         0.00      0.03      0.06      0.00      0.00      0.03      0.06      0.00
21:22:21         0.00      0.02      0.06      0.00      0.00      0.02      0.06      0.00
21:22:26         0.00      0.02      0.06      0.00      0.00      0.02      0.06      0.00
21:22:31         0.00      0.02      0.06      0.00      0.00      0.02      0.06      0.00
21:22:36         0.00      0.02      0.06      0.00      0.00      0.02      0.06      0.00
21:22:41         0.00      0.01      0.06      0.00      0.00      0.01      0.06      0.00
21:22:46         0.00      0.01      0.05      0.00      0.00      0.01      0.05      0.00
21:22:51         0.00      0.01      0.05      0.00      0.00      0.01      0.05      0.00
21:22:56         0.00      0.01      0.05      0.00      0.00      0.01      0.05      0.00
21:23:01         0.00      0.01      0.05      0.00      0.00      0.01      0.05      0.00
21:23:06         0.00      0.01      0.05      0.00      0.00      0.01      0.05      0.00
21:23:11         0.00      0.00      0.05      0.00      0.00      0.00      0.05      0.00
21:23:16         0.00      0.00      0.05      0.00      0.00      0.00      0.05      0.00
21:23:21         0.00      0.00      0.05      0.00      0.00      0.00      0.05      0.00
21:23:26         0.00      0.00      0.04      0.00      0.00      0.00      0.04      0.00
21:23:31         0.44      0.09      0.06      1.59      0.44      0.09      0.06      1.59
21:23:36         0.29      0.09      0.06      0.00      0.29      0.09      0.06      0.00
21:23:41         0.16      0.08      0.06      0.00      0.16      0.08      0.06      0.00
21:23:46         0.10      0.07      0.06      0.00      0.10      0.07      0.06      0.00
21:23:51         0.05      0.06      0.06      0.00      0.05      0.06      0.06      0.00
21:23:56         0.03      0.06      0.06      0.00      0.03      0.06      0.06      0.00
21:24:01         0.02      0.05      0.06      0.00      0.02      0.05      0.06      0.00
21:24:06         0.01      0.05      0.06      0.00      0.01      0.05      0.06      0.00
21:24:11         0.00      0.04      0.05      0.00      0.00      0.04      0.05      0.00
21:24:16         0.00      0.04      0.05      0.00      0.00      0.04      0.05      0.00
21:24:21         0.00      0.03      0.05      0.00      0.00      0.03      0.05      0.00
21:24:26         0.00      0.03      0.05      0.00      0.00      0.03      0.05      0.00
21:24:31         0.00      0.03      0.05      0.00      0.00      0.03      0.05      0.00
21:24:36         0.00      0.02      0.05      0.00      0.00      0.02      0.05      0.00
21:24:41         0.00      0.02      0.05      0.00      0.00      0.02      0.05      0.00
21:24:46         0.00      0.02      0.05      0.00      0.00      0.02      0.05      0.00
21:24:51         0.00      0.02      0.04      0.00      0.00      0.02      0.04      0.00
21:24:56         0.00      0.01      0.04      0.00      0.00      0.01      0.04      0.00
21:25:01         0.00      0.01      0.04      0.00      0.00      0.01      0.04      0.00
21:25:06         0.00      0.01      0.04      0.00      0.00      0.01      0.04      0.00
21:25:11         0.00      0.01      0.04      0.00      0.00      0.01      0.04      0.00
21:25:16         0.00      0.01      0.04      0.00      0.00      0.01      0.04      0.00
21:25:21         0.00      0.01      0.04      0.00      0.00      0.01      0.04      0.00
21:25:26         0.00      0.00      0.04      0.00      0.00      0.00      0.04      0.00
21:25:31         0.00      0.00      0.04      0.00      0.00      0.00      0.04      0.00
21:25:36         0.00      0.00      0.03      0.00      0.00      0.00      0.03      0.00
21:25:41         0.00      0.00      0.03      0.00      0.00      0.00      0.03      0.00
21:25:46         0.00      0.00      0.03      0.00      0.00      0.00      0.03      0.00
21:25:51         0.00      0.00      0.03      0.00      0.00      0.00      0.03      0.00
21:25:56         0.00      0.00      0.03      0.00      0.00      0.00      0.03      0.00
21:26:01         0.00      0.00      0.03      0.00      0.00      0.00      0.03      0.00
21:26:06         0.00      0.00      0.03      0.00      0.00      0.00      0.03      0.00
21:26:11         0.00      0.00      0.03      0.00      0.00      0.00      0.03      0.00
21:26:16         0.00      0.00      0.02      0.00      0.00      0.00      0.02      0.00
21:26:21         0.00      0.00      0.02      0.00      0.00      0.00      0.02      0.00
21:26:26         0.00      0.00      0.02      0.00      0.00      0.00      0.02      0.00
21:26:31         0.00      0.00      0.02      0.00      0.00      0.00      0.02      0.00
21:26:36         0.00      0.00      0.02      0.00      0.00      0.00      0.02      0.00
21:26:41         0.00      0.00      0.02      0.00      0.00      0.00      0.02      0.00
21:26:46         0.00      0.00      0.02      0.00      0.00      0.00      0.02      0.00
21:26:51         0.00      0.00      0.02      0.00      0.00      0.00      0.02      0.00
21:26:56         0.00      0.00      0.01      0.00      0.00      0.00      0.01      0.00
21:27:01         0.00      0.00      0.01      0.00      0.00      0.00      0.01      0.00
21:27:06         0.00      0.00      0.01      0.00      0.00      0.00      0.01      0.00
21:27:11         0.00      0.00      0.01      0.00      0.00      0.00      0.01      0.00
21:27:16         0.00      0.00      0.01      0.00      0.00      0.00      0.01      0.00
21:27:21         0.00      0.00      0.01      0.00      0.00      0.00      0.01      0.00
21:27:26         0.00      0.00      0.01      0.00      0.00      0.00      0.01      0.00
21:27:31         0.00      0.00      0.01      0.00      0.00      0.00      0.01      0.00
21:27:36         5.79      1.04      0.22     25.69      5.79      1.04      0.22     25.69
21:27:41         7.54      2.02      0.46      2.08      7.54      2.02      0.46      2.08
21:27:46         5.96      2.05      0.48      2.12      5.96      2.05      0.48      2.12
21:27:51         3.39      1.89      0.48      0.82      3.39      1.89      0.48      0.82
21:27:56         3.18      1.93      0.51      2.28      3.18      1.93      0.51      2.28
21:28:01         1.74      1.74      0.50      0.00      1.74      1.74      0.50      0.00
21:28:06         1.17      1.63      0.49      0.00      1.17      1.63      0.49      0.00
21:28:11         0.64      1.47      0.48      0.30      0.64      1.47      0.48      0.30
21:28:16         0.43      1.38      0.47      0.00      0.43      1.38      0.47      0.00
21:28:21         0.23      1.25      0.46      0.00      0.23      1.25      0.46      0.00
21:28:26         0.15      1.17      0.45      0.00      0.15      1.17      0.45      0.00
21:28:31         0.08      1.05      0.44      0.00      0.08      1.05      0.44      0.00
21:28:36         0.05      0.99      0.44      0.00      0.05      0.99      0.44      0.00
21:28:41         0.03      0.89      0.43      0.00      0.03      0.89      0.43      0.00
21:28:46         0.02      0.83      0.42      0.00      0.02      0.83      0.42      0.00
21:28:51         0.01      0.75      0.41      0.00      0.01      0.75      0.41      0.00
21:28:56         0.00      0.70      0.41      0.00      0.00      0.70      0.41      0.00
21:29:01         0.00      0.63      0.40      0.00      0.00      0.63      0.40      0.00
21:29:06         0.00      0.59      0.39      0.00      0.00      0.59      0.39      0.00
21:29:11         0.00      0.54      0.38      0.00      0.00      0.54      0.38      0.00
21:29:16         0.00      0.50      0.38      0.00      0.00      0.50      0.38      0.00
21:29:21         0.00      0.45      0.37      0.00      0.00      0.45      0.37      0.00
21:29:26         0.00      0.42      0.36      0.00      0.00      0.42      0.36      0.00
21:29:31         0.00      0.38      0.35      0.00      0.00      0.38      0.35      0.00
21:29:36         0.00      0.36      0.35      0.00      0.00      0.36      0.35      0.00
21:29:41         0.00      0.32      0.34      0.00      0.00      0.32      0.34      0.00
21:29:46         0.00      0.30      0.34      0.00      0.00      0.30      0.34      0.00
21:29:51         0.00      0.27      0.33      0.00      0.00      0.27      0.33      0.00
21:29:56         0.00      0.25      0.32      0.00      0.00      0.25      0.32      0.00
21:30:01         0.00      0.23      0.32      0.14      0.00      0.23      0.32      0.14
21:30:06         0.00      0.21      0.31      0.00      0.00      0.21      0.31      0.00
21:30:11         0.00      0.19      0.30      0.00      0.00      0.19      0.30      0.00
21:30:16         0.00      0.18      0.30      0.00      0.00      0.18      0.30      0.00
21:30:21         0.00      0.16      0.29      0.00      0.00      0.16      0.29      0.00
21:30:26         0.00      0.15      0.29      0.00      0.00      0.15      0.29      0.00
21:30:31         0.00      0.13      0.28      0.00      0.00      0.13      0.28      0.00
21:30:36         0.00      0.12      0.28      0.00      0.00      0.12      0.28      0.00
21:30:41         0.00      0.11      0.27      0.00      0.00      0.11      0.27      0.00
21:30:46         0.00      0.10      0.27      0.00      0.00      0.10      0.27      0.00
21:30:51         0.00      0.09      0.26      0.00      0.00      0.09      0.26      0.00
21:30:56         0.00      0.08      0.26      0.00      0.00      0.08      0.26      0.00
21:31:01         0.00      0.08      0.25      0.00      0.00      0.08      0.25      0.00
21:31:06         0.00      0.07      0.25      0.00      0.00      0.07      0.25      0.00
21:31:11         0.00      0.06      0.24      0.00      0.00      0.06      0.24      0.00
21:31:16         0.00      0.06      0.24      0.00      0.00      0.06      0.24      0.00
21:31:21         0.00      0.05      0.23      0.00      0.00      0.05      0.23      0.00
21:31:26         0.00      0.05      0.23      0.00      0.00      0.05      0.23      0.00
21:31:31         0.00      0.04      0.22      0.00      0.00      0.04      0.22      0.00
21:31:36         0.00      0.04      0.22      0.00      0.00      0.04      0.22      0.00
21:31:41         0.00      0.03      0.21      0.00      0.00      0.03      0.21      0.00
21:31:46         0.00      0.03      0.21      0.00      0.00      0.03      0.21      0.00
21:31:51         0.00      0.03      0.20      0.00      0.00      0.03      0.20      0.00
21:31:56         0.00      0.02      0.20      0.00      0.00      0.02      0.20      0.00
21:32:01         0.00      0.02      0.20      0.00      0.00      0.02      0.20      0.00
21:32:06         0.00      0.02      0.19      0.00      0.00      0.02      0.19      0.00
21:32:11         0.00      0.02      0.19      0.00      0.00      0.02      0.19      0.00
21:32:16         0.00      0.01      0.19      0.00      0.00      0.01      0.19      0.00
21:32:21         0.00      0.01      0.18      0.00      0.00      0.01      0.18      0.00
21:32:26         0.00      0.01      0.18      0.00      0.00      0.01      0.18      0.00
21:32:31         0.00      0.01      0.17      0.00      0.00      0.01      0.17      0.00
21:32:36         0.00      0.01      0.17      0.00      0.00      0.01      0.17      0.00
21:32:41         0.00      0.01      0.17      0.00      0.00      0.01      0.17      0.00
21:32:46         0.00      0.00      0.16      0.00      0.00      0.00      0.16      0.00
21:32:51         0.00      0.00      0.16      0.00      0.00      0.00      0.16      0.00
21:32:56         0.00      0.00      0.16      0.00      0.00      0.00      0.16      0.00
21:33:01         0.00      0.00      0.15      0.00      0.00      0.00      0.15      0.00
21:33:06         0.00      0.00      0.15      0.00      0.00      0.00      0.15      0.00
21:33:11         0.00      0.00      0.14      0.00      0.00      0.00      0.14      0.00
21:33:16         0.00      0.00      0.14      0.00      0.00      0.00      0.14      0.00
21:33:21         0.00      0.00      0.14      0.03      0.00      0.00      0.14      0.03
21:33:26         0.00      0.00      0.14      0.00      0.00      0.00      0.14      0.00
21:33:31         0.00      0.00      0.13      0.00      0.00      0.00      0.13      0.00
21:33:36         0.00      0.00      0.13      0.00      0.00      0.00      0.13      0.00
21:33:41         0.00      0.00      0.13      0.00      0.00      0.00      0.13      0.00
21:33:46         0.00      0.00      0.13      0.00      0.00      0.00      0.13      0.00
21:33:51         0.00      0.00      0.12      0.00      0.00      0.00      0.12      0.00
21:33:56         0.00      0.00      0.12      0.00      0.00      0.00      0.12      0.00
21:34:01         0.00      0.00      0.12      0.00      0.00      0.00      0.12      0.00
21:34:06         0.00      0.00      0.12      0.00      0.00      0.00      0.12      0.00
21:34:11         0.00      0.00      0.11      0.00      0.00      0.00      0.11      0.00
21:34:16         0.00      0.00      0.11      0.00      0.00      0.00      0.11      0.00
21:34:21         0.00      0.00      0.11      0.00      0.00      0.00      0.11      0.00
21:34:26         0.00      0.00      0.11      0.00      0.00      0.00      0.11      0.00
21:34:31         0.00      0.00      0.10      0.00      0.00      0.00      0.10      0.00
21:34:36         0.00      0.00      0.10      0.00      0.00      0.00      0.10      0.00
21:34:41         0.00      0.00      0.10      0.00      0.00      0.00      0.10      0.00
21:34:46         0.00      0.00      0.10      0.00      0.00      0.00      0.10      0.00
21:34:51         0.00      0.00      0.09      0.00      0.00      0.00      0.09      0.00
21:34:56         0.00      0.00      0.09      0.00      0.00      0.00      0.09      0.00
21:35:01         0.00      0.00      0.09      0.00      0.00      0.00      0.09      0.00
21:35:06         0.00      0.00      0.09      0.00      0.00      0.00      0.09      0.00
21:35:11         0.00      0.00      0.08      0.00      0.00      0.00      0.08      0.00
21:35:16         0.00      0.00      0.08      0.00      0.00      0.00      0.08      0.00
21:35:21         0.00      0.00      0.08      0.00      0.00      0.00      0.08      0.00
21:35:26         0.00      0.00      0.08      0.00      0.00      0.00      0.08      0.00
21:35:31         0.00      0.00      0.07      0.00      0.00      0.00      0.07      0.00
21:35:36         0.00      0.00      0.07      0.00      0.00      0.00      0.07      0.00
21:35:41         0.00      0.00      0.07      0.00      0.00      0.00      0.07      0.00
21:35:46         0.00      0.00      0.07      0.00      0.00      0.00      0.07      0.00
21:35:51         0.00      0.00      0.06      0.00      0.00      0.00      0.06      0.00
21:35:56         0.00      0.00      0.06      0.00      0.00      0.00      0.06      0.00
21:36:01         0.00      0.00      0.06      0.00      0.00      0.00      0.06      0.00
21:36:06         0.00      0.00      0.06      0.00      0.00      0.00      0.06      0.00
21:36:11         0.00      0.00      0.06      0.00      0.00      0.00      0.06      0.00
21:36:16        19.89      3.81      0.86     50.83     19.89      3.81      0.86     50.80
21:36:21        15.66      4.59      1.10     12.35     15.66      4.59      1.10     12.35
21:36:26        10.50      4.29      1.08      0.01     10.50      4.29      1.08      0.01
21:36:31         5.76      3.88      1.06      0.04      5.76      3.88      1.06      0.04
21:36:36         6.46      4.15      1.15      6.60      6.46      4.15      1.15      6.60
21:36:41         5.36      4.08      1.20      4.17      5.36      4.08      1.20      4.17
21:36:46         3.59      3.82      1.18      0.00      3.59      3.82      1.18      0.00
21:36:51         1.97      3.45      1.16      0.01      1.97      3.45      1.16      0.01
21:36:56         1.32      3.23      1.14      0.00      1.32      3.23      1.14      0.00
21:37:01         0.72      2.92      1.12      0.00      0.72      2.92      1.12      0.00
21:37:06         0.48      2.73      1.10      0.00      0.48      2.73      1.10      0.00
21:37:11         0.26      2.47      1.08      0.00      0.26      2.47      1.08      0.00
21:37:16         0.17      2.31      1.06      0.01      0.17      2.31      1.06      0.01
21:37:21         0.09      2.09      1.04      0.00      0.09      2.09      1.04      0.00
21:37:26         0.06      1.96      1.02      0.00      0.06      1.96      1.02      0.00
21:37:31         0.03      1.77      1.00      0.00      0.03      1.77      1.00      0.00
21:37:36         0.02      1.65      0.99      0.00      0.02      1.65      0.99      0.00
21:37:41         0.49      1.62      0.99      2.07      0.49      1.62      0.99      2.07
21:37:46         0.33      1.51      0.98      0.08      0.33      1.51      0.98      0.08
21:37:51         0.18      1.37      0.96      0.00      0.18      1.37      0.96      0.00
21:37:56         0.12      1.28      0.95      0.00      0.12      1.28      0.95      0.00
21:38:01         0.06      1.16      0.93      0.00      0.06      1.16      0.93      0.00
21:38:06         0.04      1.08      0.91      0.00      0.04      1.08      0.91      0.00
21:38:11         0.02      0.98      0.89      0.00      0.02      0.98      0.89      0.00
21:38:16         0.01      0.91      0.88      0.00      0.01      0.91      0.88      0.00
21:38:21         0.00      0.83      0.86      0.00      0.00      0.83      0.86      0.00
21:38:26         0.00      0.77      0.85      0.00      0.00      0.77      0.85      0.00
21:38:31         0.18      0.73      0.84      0.54      0.18      0.73      0.84      0.54
21:38:36         0.12      0.68      0.83      0.00      0.12      0.68      0.83      0.00
21:38:41         0.06      0.62      0.81      0.00      0.06      0.62      0.81      0.00
21:38:46         0.04      0.58      0.80      0.15      0.04      0.58      0.80      0.15
21:38:51         0.02      0.52      0.78      0.00      0.02      0.52      0.78      0.00
21:38:56         0.01      0.49      0.77      0.00      0.01      0.49      0.77      0.00
21:39:01         0.00      0.44      0.75      0.00      0.00      0.44      0.75      0.00
21:39:06         0.00      0.41      0.74      0.00      0.00      0.41      0.74      0.00
21:39:11         0.00      0.37      0.73      0.00      0.00      0.37      0.73      0.00
21:39:16         0.00      0.35      0.72      0.00      0.00      0.35      0.72      0.00
21:39:21         0.00      0.31      0.70      0.00      0.00      0.31      0.70      0.00
21:39:26         0.00      0.29      0.69      0.00      0.00      0.29      0.69      0.00
21:39:31         0.00      0.26      0.68      0.00      0.00      0.26      0.68      0.00
21:39:36         0.00      0.24      0.67      0.00      0.00      0.24      0.67      0.00
21:39:41         0.00      0.22      0.65      0.00      0.00      0.22      0.65      0.00
21:39:46         0.00      0.20      0.64      0.00      0.00      0.20      0.64      0.00
21:39:51         0.00      0.18      0.63      0.00      0.00      0.18      0.63      0.00
21:39:56         0.00      0.17      0.62      0.00      0.00      0.17      0.62      0.00
21:40:01         0.00      0.15      0.61      0.00      0.00      0.15      0.61      0.00
21:40:06         0.00      0.14      0.60      0.00      0.00      0.14      0.60      0.00
21:40:11         0.00      0.13      0.58      0.00      0.00      0.13      0.58      0.00
21:40:16         0.00      0.12      0.58      0.00      0.00      0.12      0.58      0.00
21:40:21         0.00      0.11      0.56      0.00      0.00      0.11      0.56      0.00
21:40:26         0.00      0.10      0.55      0.00      0.00      0.10      0.55      0.00
21:40:31         0.00      0.09      0.54      0.00      0.00      0.09      0.54      0.00
21:40:36         0.00      0.08      0.54      0.00      0.00      0.08      0.54      0.00
21:40:41         0.00      0.07      0.52      0.00      0.00      0.07      0.52      0.00
21:40:46         0.00      0.07      0.52      0.00      0.00      0.07      0.52      0.00
21:40:51         0.00      0.06      0.50      0.00      0.00      0.06      0.50      0.00
21:40:56         0.00      0.06      0.50      0.00      0.00      0.06      0.50      0.00
21:41:01         0.00      0.05      0.49      0.00      0.00      0.05      0.49      0.00
21:41:06         0.00      0.04      0.48      0.00      0.00      0.04      0.48      0.00
21:41:11         0.00      0.04      0.47      0.00      0.00      0.04      0.47      0.00
21:41:16         0.00      0.04      0.46      0.00      0.00      0.04      0.46      0.00
21:41:21         0.00      0.03      0.45      0.00      0.00      0.03      0.45      0.00
21:41:26         0.00      0.03      0.44      0.00      0.00      0.03      0.44      0.00
21:41:31         0.00      0.02      0.43      0.00      0.00      0.02      0.43      0.00
21:41:36         0.00      0.02      0.43      0.00      0.00      0.02      0.43      0.00
21:41:41         0.00      0.02      0.42      0.00      0.00      0.02      0.42      0.00
21:41:46         0.00      0.02      0.41      0.00      0.00      0.02      0.41      0.00
21:41:51         0.00      0.01      0.40      0.00      0.00      0.01      0.40      0.00
21:41:56         0.00      0.01      0.40      0.00      0.00      0.01      0.40      0.00
21:42:01         0.00      0.01      0.39      0.00      0.00      0.01      0.39      0.00
21:42:06         0.00      0.01      0.38      0.00      0.00      0.01      0.38      0.00
21:42:11         0.00      0.01      0.37      0.00      0.00      0.01      0.37      0.00
21:42:16         0.00      0.01      0.37      0.00      0.00      0.01      0.37      0.00
21:42:21         0.00      0.00      0.36      0.00      0.00      0.00      0.36      0.00
21:42:26         0.00      0.00      0.35      0.00      0.00      0.00      0.35      0.00
21:42:31         0.00      0.00      0.35      0.00      0.00      0.00      0.35      0.00
21:42:36         0.00      0.00      0.34      0.00      0.00      0.00      0.34      0.00
21:42:41         0.00      0.00      0.33      0.00      0.00      0.00      0.33      0.00
21:42:46         0.00      0.00      0.33      0.00      0.00      0.00      0.33      0.00
21:42:51         0.00      0.00      0.32      0.00      0.00      0.00      0.32      0.00
21:42:56         0.00      0.00      0.32      0.00      0.00      0.00      0.32      0.00
21:43:01         0.00      0.00      0.31      0.00      0.00      0.00      0.31      0.00
21:43:06         0.00      0.00      0.30      0.00      0.00      0.00      0.30      0.00
21:43:11         0.00      0.00      0.30      0.00      0.00      0.00      0.30      0.00
21:43:16         0.00      0.00      0.29      0.00      0.00      0.00      0.29      0.00
21:43:21         0.00      0.00      0.28      0.00      0.00      0.00      0.28      0.00
21:43:26         0.00      0.00      0.28      0.00      0.00      0.00      0.28      0.00
21:43:31         0.00      0.00      0.27      0.00      0.00      0.00      0.27      0.00
21:43:36         0.00      0.00      0.27      0.00      0.00      0.00      0.27      0.00
21:43:41         0.00      0.00      0.27      0.00      0.00      0.00      0.27      0.00
21:43:46         0.00      0.00      0.26      0.00      0.00      0.00      0.26      0.00
21:43:51         0.00      0.00      0.26      0.00      0.00      0.00      0.26      0.00
21:43:56         0.00      0.00      0.25      0.00      0.00      0.00      0.25      0.00
21:44:01         0.00      0.00      0.25      0.00      0.00      0.00      0.25      0.00
21:44:06         0.00      0.00      0.24      0.00      0.00      0.00      0.24      0.00
21:44:11         0.00      0.00      0.24      0.00      0.00      0.00      0.24      0.00
21:44:16         0.00      0.00      0.23      0.00      0.00      0.00      0.23      0.00
21:44:21         0.00      0.00      0.23      0.00      0.00      0.00      0.23      0.00
21:44:26         0.00      0.00      0.22      0.00      0.00      0.00      0.22      0.00
21:44:31         0.00      0.00      0.22      0.00      0.00      0.00      0.22      0.00
21:44:36         0.00      0.00      0.21      0.00      0.00      0.00      0.21      0.00
21:44:41         0.00      0.00      0.21      0.00      0.00      0.00      0.21      0.00
21:44:46         0.00      0.00      0.20      0.00      0.00      0.00      0.20      0.00
21:44:51         0.00      0.00      0.20      0.00      0.00      0.00      0.20      0.00
21:44:56         0.00      0.00      0.20      0.22      0.00      0.00      0.20      0.22
21:45:01         0.00      0.00      0.19      0.00      0.00      0.00      0.19      0.00
21:45:06         0.00      0.00      0.19      0.00      0.00      0.00      0.19      0.00
21:45:11         3.44      0.62      0.32     36.82      3.44      0.62      0.32     36.82
21:45:16        10.51      2.73      0.79      0.00     10.51      2.73      0.79      0.00
21:45:21         7.49      2.65      0.80      1.31      7.49      2.65      0.80      1.31
21:45:26         4.11      2.40      0.78      0.00      4.11      2.40      0.78      0.00
21:45:31         2.75      2.24      0.77      0.00      2.75      2.24      0.77      0.00
21:45:36         1.51      2.03      0.75      0.90      1.51      2.03      0.75      0.90
21:45:41         1.75      2.06      0.78      1.45      1.75      2.06      0.78      1.45
21:45:46         0.96      1.86      0.76      0.00      0.96      1.86      0.76      0.00
21:45:51         0.64      1.74      0.75      0.00      0.64      1.74      0.75      0.00
21:45:56         0.35      1.57      0.73      0.00      0.35      1.57      0.73      0.00
21:46:01         0.23      1.47      0.72      0.00      0.23      1.47      0.72      0.00
21:46:06         0.12      1.33      0.71      0.00      0.12      1.33      0.71      0.00
21:46:11         0.08      1.24      0.70      0.00      0.08      1.24      0.70      0.00
21:46:16         0.04      1.12      0.68      0.00      0.04      1.12      0.68      0.00
21:46:21         0.03      1.05      0.67      0.00      0.03      1.05      0.67      0.00
21:46:26         0.01      0.95      0.66      0.00      0.01      0.95      0.66      0.00
21:46:31         0.01      0.89      0.65      0.00      0.01      0.89      0.65      0.00
21:46:36         0.00      0.80      0.63      0.00      0.00      0.80      0.63      0.00
21:46:41         0.00      0.75      0.62      0.00      0.00      0.75      0.62      0.00
21:46:46         0.00      0.68      0.61      0.00      0.00      0.68      0.61      0.00
21:46:51         0.00      0.63      0.60      0.00      0.00      0.63      0.60      0.00
21:46:56         0.00      0.57      0.59      0.00      0.00      0.57      0.59      0.00
21:47:01         0.00      0.53      0.58      0.00      0.00      0.53      0.58      0.00
21:47:06         0.00      0.48      0.57      0.00      0.00      0.48      0.57      0.00
21:47:11         0.00      0.45      0.56      0.56      0.00      0.45      0.56      0.56
21:47:16         0.12      0.44      0.55      0.00      0.12      0.44      0.55      0.00
21:47:21         0.08      0.41      0.55      0.00      0.08      0.41      0.55      0.00
21:47:26         0.34      0.43      0.55      1.07      0.34      0.43      0.55      1.07
21:47:31         0.22      0.40      0.54      0.00      0.22      0.40      0.54      0.00
21:47:36         0.12      0.37      0.53      0.00      0.12      0.37      0.53      0.00
21:47:41         0.08      0.34      0.52      0.00      0.08      0.34      0.52      0.00
21:47:46         0.04      0.31      0.51      0.00      0.04      0.31      0.51      0.00
21:47:51         0.02      0.29      0.50      0.00      0.02      0.29      0.50      0.00
21:47:56         0.01      0.26      0.49      0.00      0.01      0.26      0.49      0.00
21:48:01         0.01      0.24      0.48      0.00      0.01      0.24      0.48      0.00
21:48:06         0.00      0.22      0.47      0.00      0.00      0.22      0.47      0.00
21:48:11         0.00      0.20      0.47      0.00      0.00      0.20      0.47      0.00
21:48:16         0.00      0.18      0.46      0.00      0.00      0.18      0.46      0.00
21:48:21         0.00      0.17      0.45      0.00      0.00      0.17      0.45      0.00
21:48:26         0.00      0.15      0.44      0.00      0.00      0.15      0.44      0.00
21:48:31         0.00      0.14      0.43      0.00      0.00      0.14      0.43      0.00
21:48:36         0.00      0.13      0.42      0.00      0.00      0.13      0.42      0.00
21:48:41         0.00      0.12      0.42      0.00      0.00      0.12      0.42      0.00
21:48:46         0.00      0.11      0.41      0.00      0.00      0.11      0.41      0.00
21:48:51         0.00      0.10      0.40      0.00      0.00      0.10      0.40      0.00
21:48:56         0.00      0.09      0.39      0.00      0.00      0.09      0.39      0.00
21:49:01         0.00      0.08      0.39      0.00      0.00      0.08      0.39      0.00
21:49:06         0.00      0.07      0.38      0.00      0.00      0.07      0.38      0.00
21:49:11         0.00      0.07      0.37      0.00      0.00      0.07      0.37      0.00
21:49:16         0.00      0.06      0.36      0.00      0.00      0.06      0.36      0.00
21:49:21         0.00      0.05      0.36      0.00      0.00      0.05      0.36      0.00
21:49:26         0.00      0.05      0.35      8.42      0.00      0.05      0.35      8.42
21:49:31         2.81      0.65      0.47      0.00      2.81      0.65      0.47      0.00
21:49:36         1.54      0.58      0.46      0.00      1.54      0.58      0.46      0.00
21:49:41         1.03      0.55      0.46      0.00      1.03      0.55      0.46      0.00
21:49:46         0.56      0.49      0.45      0.00      0.56      0.49      0.45      0.00
21:49:51         0.38      0.46      0.44      0.00      0.38      0.46      0.44      0.00
21:49:56         0.20      0.41      0.43      0.00      0.20      0.41      0.43      0.00
21:50:01         0.13      0.39      0.42      0.00      0.13      0.39      0.42      0.00
21:50:06         0.07      0.35      0.41      0.00      0.07      0.35      0.41      0.00
21:50:11         0.05      0.33      0.41      0.00      0.05      0.33      0.41      0.00
21:50:16         0.02      0.29      0.40      0.00      0.02      0.29      0.40      0.00
21:50:21         0.01      0.27      0.39      0.00      0.01      0.27      0.39      0.00
21:50:26         0.00      0.25      0.38      0.00      0.00      0.25      0.38      0.00
21:50:31         0.00      0.23      0.38      0.00      0.00      0.23      0.38      0.00
21:50:36         0.00      0.21      0.37      0.00      0.00      0.21      0.37      0.00
21:50:41         0.00      0.19      0.36      0.00      0.00      0.19      0.36      0.00
21:50:46         0.00      0.17      0.36      0.00      0.00      0.17      0.36      0.00
21:50:51         0.00      0.16      0.35      0.00      0.00      0.16      0.35      0.00
21:50:56         0.00      0.14      0.34      0.00      0.00      0.14      0.34      0.00
21:51:01         0.00      0.13      0.34      0.00      0.00      0.13      0.34      0.00
21:51:06         0.00      0.12      0.33      0.00      0.00      0.12      0.33      0.00
21:51:11         0.00      0.11      0.33      0.00      0.00      0.11      0.33      0.00
21:51:16         0.00      0.10      0.32      0.00      0.00      0.10      0.32      0.00
21:51:21         0.00      0.09      0.31      0.00      0.00      0.09      0.31      0.00
21:51:26         0.00      0.08      0.31      0.00      0.00      0.08      0.31      0.00
21:51:31         0.00      0.08      0.30      0.00      0.00      0.08      0.30      0.00
21:51:36         0.00      0.07      0.29      0.00      0.00      0.07      0.29      0.00
21:51:41         0.00      0.06      0.29      0.00      0.00      0.06      0.29      0.00
21:51:46         0.00      0.06      0.28      0.00      0.00      0.06      0.28      0.00
21:51:51         0.00      0.05      0.28      0.00      0.00      0.05      0.28      0.00
21:51:56         0.00      0.05      0.27      0.00      0.00      0.05      0.27      0.00
21:52:01         0.00      0.04      0.27      0.00      0.00      0.04      0.27      0.00
21:52:06         0.00      0.04      0.26      0.00      0.00      0.04      0.26      0.00
21:52:11         0.00      0.03      0.26      0.00      0.00      0.03      0.26      0.00
21:52:16         0.00      0.03      0.25      0.00      0.00      0.03      0.25      0.00
21:52:21         0.00      0.03      0.25      0.00      0.00      0.03      0.25      0.00
21:52:26         0.00      0.02      0.24      0.00      0.00      0.02      0.24      0.00
21:52:31         0.00      0.02      0.24      0.00      0.00      0.02      0.24      0.00
21:52:36         0.00      0.02      0.23      0.00      0.00      0.02      0.23      0.00
21:52:41         0.00      0.02      0.23      0.00      0.00      0.02      0.23      0.00
21:52:46         0.00      0.01      0.22      0.00      0.00      0.01      0.22      0.00
21:52:51         0.00      0.01      0.22      0.00      0.00      0.01      0.22      0.00
21:52:56         0.00      0.01      0.21      0.00      0.00      0.01      0.21      0.00
21:53:01         0.00      0.01      0.21      0.00      0.00      0.01      0.21      0.00
21:53:06         0.00      0.01      0.20      0.00      0.00      0.01      0.20      0.00
21:53:11         0.00      0.01      0.20      0.00      0.00      0.01      0.20      0.00
21:53:16         0.00      0.00      0.20      0.00      0.00      0.00      0.20      0.00
21:53:21         0.00      0.00      0.19      0.00      0.00      0.00      0.19      0.00
21:53:26         0.00      0.00      0.19      0.00      0.00      0.00      0.19      0.00
21:53:31         0.00      0.00      0.19      0.00      0.00      0.00      0.19      0.00
21:53:36         9.60      1.73      0.54     32.82      9.60      1.73      0.54     32.82
21:53:41        28.56      6.02      1.47     43.48     28.56      6.02      1.47     43.48
21:53:46        26.88      7.53      1.88     26.46     26.88      7.53      1.88     26.45
21:53:51        18.17      7.07      1.86      0.07     18.17      7.07      1.86      0.07
21:53:56        10.57      6.53      1.85      1.84     10.57      6.53      1.85      1.84
21:54:01         7.99      6.27      1.86      2.34      7.99      6.27      1.86      2.34
21:54:06         4.38      5.67      1.82      0.00      4.38      5.67      1.82      0.00
21:54:11         4.72      5.69      1.87      4.89      4.72      5.69      1.87      4.89
21:54:16         2.59      5.14      1.84      0.01      2.59      5.14      1.84      0.01
21:54:21         1.73      4.81      1.81      0.00      1.73      4.81      1.81      0.00
21:54:26         0.95      4.35      1.77      0.00      0.95      4.35      1.77      0.00
21:54:31         0.63      4.07      1.75      0.00      0.63      4.07      1.75      0.00
21:54:36         0.35      3.68      1.71      0.00      0.35      3.68      1.71      0.00
21:54:41         0.23      3.45      1.69      0.00      0.23      3.45      1.69      0.00
21:54:46         0.12      3.12      1.65      0.00      0.12      3.12      1.65      0.00
21:54:51         0.08      2.92      1.63      0.00      0.08      2.92      1.63      0.00
21:54:56         0.04      2.64      1.59      0.00      0.04      2.64      1.59      0.00
21:55:01         0.03      2.47      1.57      0.00      0.03      2.47      1.57      0.00
21:55:06         0.01      2.23      1.54      0.00      0.01      2.23      1.54      0.00
21:55:11         0.01      2.09      1.52      0.00      0.01      2.09      1.52      0.00
21:55:16         0.00      1.89      1.49      0.00      0.00      1.89      1.49      0.00
21:55:21         0.00      1.77      1.47      0.00      0.00      1.77      1.47      0.00
21:55:26         0.00      1.60      1.43      0.00      0.00      1.60      1.43      0.00
21:55:31         0.00      1.49      1.41      0.00      0.00      1.49      1.41      0.00
21:55:36         0.00      1.35      1.38      0.00      0.00      1.35      1.38      0.00
21:55:41         0.00      1.26      1.37      0.00      0.00      1.26      1.37      0.00
21:55:46         0.00      1.14      1.34      0.00      0.00      1.14      1.34      0.00
21:55:51         0.00      1.07      1.32      0.00      0.00      1.07      1.32      0.00
21:55:56         0.00      0.97      1.29      0.00      0.00      0.97      1.29      0.00
21:56:01         0.00      0.90      1.27      0.00      0.00      0.90      1.27      0.00
21:56:06         0.18      0.85      1.25      0.43      0.18      0.85      1.25      0.43
21:56:11         0.12      0.79      1.23      0.00      0.12      0.79      1.23      0.00
21:56:16         0.06      0.72      1.21      0.00      0.06      0.72      1.21      0.00
21:56:21         0.04      0.67      1.19      0.00      0.04      0.67      1.19      0.00
21:56:26         0.02      0.60      1.17      0.00      0.02      0.60      1.17      0.00
21:56:31         0.01      0.57      1.15      0.00      0.01      0.57      1.15      0.00
21:56:36         0.00      0.51      1.13      0.00      0.00      0.51      1.13      0.00
21:56:41         0.00      0.48      1.11      0.00      0.00      0.48      1.11      0.00
21:56:46         0.00      0.43      1.09      0.00      0.00      0.43      1.09      0.00
21:56:51         0.00      0.40      1.07      0.00      0.00      0.40      1.07      0.00
21:56:56         0.00      0.36      1.05      0.00      0.00      0.36      1.05      0.00
21:57:01         0.00      0.34      1.03      0.00      0.00      0.34      1.03      0.00
21:57:06         0.00      0.30      1.01      0.00      0.00      0.30      1.01      0.00
21:57:11         0.00      0.28      1.00      0.00      0.00      0.28      1.00      0.00
21:57:16         0.00      0.26      0.98      0.00      0.00      0.26      0.98      0.00
21:57:21         0.00      0.24      0.96      0.00      0.00      0.24      0.96      0.00
21:57:26         0.00      0.21      0.94      0.00      0.00      0.21      0.94      0.00
21:57:31         0.00      0.20      0.93      0.00      0.00      0.20      0.93      0.00
21:57:36         0.00      0.18      0.91      0.00      0.00      0.18      0.91      0.00
21:57:41         0.00      0.17      0.90      0.00      0.00      0.17      0.90      0.00
21:57:46         0.00      0.15      0.88      0.00      0.00      0.15      0.88      0.00
21:57:51         3.44      0.76      1.00     20.18      3.44      0.76      1.00     20.18
21:57:56         5.53      1.61      1.18      0.00      5.53      1.61      1.18      0.00
21:58:01         3.70      1.50      1.16      0.00      3.70      1.50      1.16      0.00
21:58:06         2.03      1.36      1.14      0.00      2.03      1.36      1.14      0.00
21:58:11         1.36      1.27      1.12      0.00      1.36      1.27      1.12      0.00
21:58:16         0.74      1.15      1.10      0.01      0.74      1.15      1.10      0.01
21:58:21         0.50      1.07      1.08      0.00      0.50      1.07      1.08      0.00
21:58:26         0.27      0.97      1.06      0.00      0.27      0.97      1.06      0.00
21:58:31         0.18      0.91      1.04      0.00      0.18      0.91      1.04      0.00
21:58:36         0.10      0.82      1.02      0.00      0.10      0.82      1.02      0.00
21:58:41         0.06      0.77      1.01      0.00      0.06      0.77      1.01      0.00
21:58:46         0.03      0.69      0.98      0.00      0.03      0.69      0.98      0.00
21:58:51         0.02      0.65      0.97      0.00      0.02      0.65      0.97      0.00
21:58:56         0.01      0.58      0.95      0.00      0.01      0.58      0.95      0.00
21:59:01         0.00      0.55      0.94      0.00      0.00      0.55      0.94      0.00
21:59:06         0.00      0.49      0.92      0.00      0.00      0.49      0.92      0.00
21:59:11         0.00      0.46      0.90      0.00      0.00      0.46      0.90      0.00
21:59:16         0.00      0.41      0.89      0.00      0.00      0.41      0.89      0.00
21:59:21         0.00      0.39      0.87      0.00      0.00      0.39      0.87      0.00
21:59:26         0.00      0.35      0.85      0.00      0.00      0.35      0.85      0.00
21:59:31         0.00      0.33      0.84      0.00      0.00      0.33      0.84      0.00
21:59:36         0.00      0.29      0.82      0.00      0.00      0.29      0.82      0.00
21:59:41         0.00      0.27      0.81      0.00      0.00      0.27      0.81      0.00
21:59:46         0.00      0.25      0.79      0.00      0.00      0.25      0.79      0.00
21:59:51         0.00      0.23      0.78      0.00      0.00      0.23      0.78      0.00
21:59:56         0.00      0.21      0.77      0.00      0.00      0.21      0.77      0.00
22:00:01         0.00      0.19      0.76      0.00      0.00      0.19      0.76      0.00
22:00:06         0.00      0.17      0.74      0.00      0.00      0.17      0.74      0.00
22:00:11         0.00      0.16      0.73      0.00      0.00      0.16      0.73      0.00
22:00:16         0.00      0.14      0.71      0.00      0.00      0.14      0.71      0.00
22:00:21         0.00      0.13      0.70      0.00      0.00      0.13      0.70      0.00
22:00:26         0.00      0.12      0.69      0.00      0.00      0.12      0.69      0.00
22:00:31         0.00      0.11      0.68      0.00      0.00      0.11      0.68      0.00
22:00:36         0.00      0.10      0.66      0.00      0.00      0.10      0.66      0.00
22:00:41         0.00      0.09      0.65      0.00      0.00      0.09      0.65      0.00
22:00:46         0.00      0.08      0.64      0.00      0.00      0.08      0.64      0.00
22:00:51         0.00      0.08      0.63      0.00      0.00      0.08      0.63      0.00
22:00:56         0.00      0.07      0.62      0.00      0.00      0.07      0.62      0.00
22:01:01         0.00      0.06      0.61      0.00      0.00      0.06      0.61      0.00
22:01:06         0.00      0.06      0.59      0.00      0.00      0.06      0.59      0.00
22:01:11         0.00      0.05      0.59      0.00      0.00      0.05      0.59      0.00
22:01:16         0.00      0.05      0.57      0.00      0.00      0.05      0.57      0.00
22:01:21         0.00      0.04      0.56      0.00      0.00      0.04      0.56      0.00
22:01:26         0.00      0.04      0.55      0.00      0.00      0.04      0.55      0.00
22:01:31         0.00      0.03      0.54      0.00      0.00      0.03      0.54      0.00
22:01:36         0.00      0.03      0.53      0.00      0.00      0.03      0.53      0.00
22:01:41         0.00      0.03      0.52      0.00      0.00      0.03      0.52      0.00
22:01:46         0.00      0.02      0.51      0.00      0.00      0.02      0.51      0.00
22:01:51         0.00      0.02      0.50      0.00      0.00      0.02      0.50      0.00
22:01:56         0.00      0.02      0.49      0.00      0.00      0.02      0.49      0.00
22:02:01         0.00      0.02      0.49      0.00      0.00      0.02      0.49      0.00
22:02:06         0.00      0.01      0.48      0.00      0.00      0.01      0.48      0.00
22:02:11         0.00      0.01      0.47      0.00      0.00      0.01      0.47      0.00
22:02:16         0.00      0.01      0.46      0.00      0.00      0.01      0.46      0.00
22:02:21         0.00      0.01      0.45      0.00      0.00      0.01      0.45      0.00
22:02:26        14.49      2.62      0.99     39.70     14.49      2.62      0.99     39.67
22:02:31        13.27      3.21      1.14      2.05     13.27      3.21      1.14      2.04
22:02:36         7.41      2.94      1.12      0.75      7.41      2.94      1.12      0.75
22:02:41         4.96      2.75      1.11      0.00      4.96      2.75      1.11      0.00
22:02:46         3.32      2.61      1.11      1.84      3.32      2.61      1.11      1.84
22:02:51         2.22      2.44      1.09      0.04      2.22      2.44      1.09      0.04
22:02:56         1.22      2.21      1.07      0.00      1.22      2.21      1.07      0.00
22:03:01         0.81      2.07      1.06      0.00      0.81      2.07      1.06      0.00
22:03:06         0.44      1.87      1.03      0.00      0.44      1.87      1.03      0.00
22:03:11         0.30      1.75      1.02      0.00      0.30      1.75      1.02      0.00
22:03:16         0.16      1.58      1.00      0.00      0.16      1.58      1.00      0.00
22:03:21         0.10      1.48      0.98      0.00      0.10      1.48      0.98      0.00
22:03:26         0.05      1.34      0.96      0.00      0.05      1.34      0.96      0.00
22:03:31         0.03      1.25      0.95      0.00      0.03      1.25      0.95      0.00
22:03:36         0.02      1.13      0.93      0.00      0.02      1.13      0.93      0.00
22:03:41         0.01      1.06      0.92      0.00      0.01      1.06      0.92      0.00
22:03:46         0.00      0.96      0.90      0.00      0.00      0.96      0.90      0.00
22:03:51         0.00      0.89      0.88      0.00      0.00      0.89      0.88      0.00
22:03:56         0.00      0.81      0.86      0.00      0.00      0.81      0.86      0.00
22:04:01         0.00      0.75      0.85      0.00      0.00      0.75      0.85      0.00
22:04:06         0.00      0.68      0.83      0.10      0.00      0.68      0.83      0.10
22:04:11         0.00      0.64      0.82      0.00      0.00      0.64      0.82      0.00
22:04:16         0.00      0.58      0.81      0.00      0.00      0.58      0.81      0.00
22:04:21         0.00      0.54      0.79      0.00      0.00      0.54      0.79      0.00
22:04:26         0.00      0.49      0.78      0.00      0.00      0.49      0.78      0.00
22:04:31         0.00      0.45      0.77      0.00      0.00      0.45      0.77      0.00
22:04:36         0.00      0.41      0.75      0.00      0.00      0.41      0.75      0.00
22:04:41         0.00      0.38      0.74      0.00      0.00      0.38      0.74      0.00
22:04:46         0.00      0.35      0.72      0.00      0.00      0.35      0.72      0.00
22:04:51         0.00      0.32      0.71      0.07      0.00      0.32      0.71      0.07
22:04:56         0.00      0.29      0.70      0.00      0.00      0.29      0.70      0.00
22:05:01         0.00      0.27      0.69      0.00      0.00      0.27      0.69      0.00
22:05:06         0.00      0.24      0.67      0.00      0.00      0.24      0.67      0.00
22:05:11         0.00      0.23      0.66      0.00      0.00      0.23      0.66      0.00
22:05:16         0.00      0.20      0.65      0.00      0.00      0.20      0.65      0.00
22:05:21         0.00      0.19      0.64      0.00      0.00      0.19      0.64      0.00
22:05:26         0.00      0.17      0.62      0.00      0.00      0.17      0.62      0.00
22:05:31         0.00      0.16      0.62      0.00      0.00      0.16      0.62      0.00
22:05:36         0.00      0.14      0.60      0.00      0.00      0.14      0.60      0.00
22:05:41         0.00      0.13      0.59      0.00      0.00      0.13      0.59      0.00
22:05:46         0.00      0.12      0.58      0.00      0.00      0.12      0.58      0.00
22:05:51         0.00      0.11      0.57      0.00      0.00      0.11      0.57      0.00
22:05:56         0.00      0.10      0.56      0.00      0.00      0.10      0.56      0.00
22:06:01         0.00      0.09      0.55      0.00      0.00      0.09      0.55      0.00
22:06:06         0.00      0.08      0.54      0.00      0.00      0.08      0.54      0.00
22:06:11         0.00      0.08      0.53      0.00      0.00      0.08      0.53      0.00
22:06:16         0.00      0.07      0.52      0.00      0.00      0.07      0.52      0.00
22:06:21         0.00      0.06      0.51      0.00      0.00      0.06      0.51      0.00
22:06:26         0.00      0.06      0.50      0.00      0.00      0.06      0.50      0.00
22:06:31         0.00      0.05      0.49     21.38      0.00      0.05      0.49     21.38
22:06:36         8.50      2.19      0.95      7.56      8.50      2.19      0.95      7.56
22:06:41         5.70      2.05      0.94      0.00      5.70      2.05      0.94      0.00
22:06:46         3.12      1.85      0.92      0.00      3.12      1.85      0.92      0.00
22:06:51         2.09      1.73      0.91      0.00      2.09      1.73      0.91      0.00
22:06:56         1.15      1.57      0.89      0.00      1.15      1.57      0.89      0.00
22:07:01         0.77      1.46      0.88      0.00      0.77      1.46      0.88      0.00
22:07:06         0.42      1.32      0.86      0.00      0.42      1.32      0.86      0.00
22:07:11         0.28      1.24      0.84      0.00      0.28      1.24      0.84      0.00
22:07:16         0.15      1.12      0.83      0.38      0.15      1.12      0.83      0.38
22:07:21         0.10      1.05      0.82      0.00      0.10      1.05      0.82      0.00
22:07:26         0.05      0.95      0.80      0.00      0.05      0.95      0.80      0.00
22:07:31         0.03      0.88      0.79      0.00      0.03      0.88      0.79      0.00
22:07:36         0.01      0.80      0.77      0.00      0.01      0.80      0.77      0.00
22:07:41         0.01      0.75      0.76      0.00      0.01      0.75      0.76      0.00
22:07:46         0.00      0.67      0.74      0.00      0.00      0.67      0.74      0.00
22:07:51         0.00      0.63      0.73      0.00      0.00      0.63      0.73      0.00
22:07:56         0.00      0.57      0.72      0.00      0.00      0.57      0.72      0.00
22:08:01         0.00      0.53      0.70      0.00      0.00      0.53      0.70      0.00
22:08:06         0.00      0.48      0.69      0.00      0.00      0.48      0.69      0.00
22:08:11         0.00      0.45      0.68      0.00      0.00      0.45      0.68      0.00
22:08:16         0.00      0.40      0.67      0.00      0.00      0.40      0.67      0.00
22:08:21         0.00      0.38      0.66      0.00      0.00      0.38      0.66      0.00
22:08:26         0.00      0.34      0.64      0.00      0.00      0.34      0.64      0.00
22:08:31         0.00      0.32      0.63      0.00      0.00      0.32      0.63      0.00
22:08:36         0.00      0.29      0.62      0.00      0.00      0.29      0.62      0.00
22:08:41         0.00      0.27      0.61      0.00      0.00      0.27      0.61      0.00
22:08:46         0.00      0.24      0.60      0.00      0.00      0.24      0.60      0.00
22:08:51         0.00      0.22      0.59      0.00      0.00      0.22      0.59      0.00
22:08:56         0.00      0.20      0.58      0.00      0.00      0.20      0.58      0.00
22:09:01         0.00      0.19      0.57      0.00      0.00      0.19      0.57      0.00
22:09:06         0.00      0.17      0.55      0.00      0.00      0.17      0.55      0.00
22:09:11         0.00      0.16      0.55      0.00      0.00      0.16      0.55      0.00
22:09:16         0.00      0.14      0.54      0.00      0.00      0.14      0.54      0.00
22:09:21         0.00      0.13      0.53      0.00      0.00      0.13      0.53      0.00
22:09:26         0.00      0.12      0.52      0.00      0.00      0.12      0.52      0.00
22:09:31         0.00      0.11      0.51      0.00      0.00      0.11      0.51      0.00
22:09:36         0.00      0.10      0.50      0.00      0.00      0.10      0.50      0.00
22:09:41         0.00      0.09      0.49      0.00      0.00      0.09      0.49      0.00
22:09:46         0.00      0.08      0.48      0.00      0.00      0.08      0.48      0.00
22:09:51         0.00      0.08      0.47      0.00      0.00      0.08      0.47      0.00
22:09:56         0.00      0.07      0.46      0.00      0.00      0.07      0.46      0.00
22:10:01         0.00      0.06      0.45      0.00      0.00      0.06      0.45      0.00
22:10:06         0.00      0.05      0.44      0.00      0.00      0.05      0.44      0.00
22:10:11         0.00      0.05      0.44      0.00      0.00      0.05      0.44      0.00
22:10:16         0.00      0.04      0.43      0.00      0.00      0.04      0.43      0.00
22:10:21         0.00      0.04      0.42      0.00      0.00      0.04      0.42      0.00
22:10:26         0.00      0.04      0.41      0.00      0.00      0.04      0.41      0.00
22:10:31         0.00      0.03      0.41      0.00      0.00      0.03      0.41      0.00
22:10:36         0.00      0.03      0.40      0.00      0.00      0.03      0.40      0.00
22:10:41         0.00      0.03      0.39      0.00      0.00      0.03      0.39      0.00
22:10:46         0.00      0.02      0.38      0.00      0.00      0.02      0.38      0.00
22:10:51         0.00      0.02      0.38      0.00      0.00      0.02      0.38      0.00
22:10:56         0.00      0.02      0.37      0.00      0.00      0.02      0.37      0.00
22:11:01         0.00      0.02      0.36      0.16      0.00      0.02      0.36      0.16
22:11:06         0.00      0.01      0.35      0.00      0.00      0.01      0.35      0.00
22:11:11         7.60      1.39      0.64     33.47      7.60      1.39      0.64     33.47
22:11:16        21.52      5.24      1.49     34.91     21.52      5.24      1.49     34.91
22:11:21        14.61      4.94      1.47      0.47     14.61      4.94      1.47      0.47
22:11:26         8.02      4.47      1.44      0.16      8.02      4.47      1.44      0.16
22:11:31         5.37      4.18      1.42      0.00      5.37      4.18      1.42      0.00
22:11:36         2.95      3.78      1.39      0.00      2.95      3.78      1.39      0.00
22:11:41         1.97      3.53      1.37      0.00      1.97      3.53      1.37      0.00
22:11:46         1.08      3.20      1.35      0.00      1.08      3.20      1.35      0.00
22:11:51         0.72      2.99      1.33      0.00      0.72      2.99      1.33      0.00
22:11:56         0.39      2.71      1.30      0.00      0.39      2.71      1.30      0.00
22:12:01         0.26      2.53      1.28      0.00      0.26      2.53      1.28      0.00
22:12:06         0.14      2.29      1.25      0.00      0.14      2.29      1.25      0.00
22:12:11         0.09      2.14      1.24      0.00      0.09      2.14      1.24      0.00
22:12:16         0.05      1.94      1.21      0.00      0.05      1.94      1.21      0.00
22:12:21         0.03      1.81      1.19      0.00      0.03      1.81      1.19      0.00
22:12:26         0.01      1.64      1.17      0.00      0.01      1.64      1.17      0.00
22:12:31         0.01      1.53      1.15      0.00      0.01      1.53      1.15      0.00
22:12:36         0.00      1.39      1.13      0.00      0.00      1.39      1.13      0.00
22:12:41         0.00      1.30      1.11      0.00      0.00      1.30      1.11      0.00
22:12:46         0.00      1.17      1.09      0.00      0.00      1.17      1.09      0.00
22:12:51         0.00      1.09      1.07      0.00      0.00      1.09      1.07      0.00
22:12:56         0.00      0.99      1.05      0.00      0.00      0.99      1.05      0.00
22:13:01         0.00      0.93      1.04      0.00      0.00      0.93      1.04      0.00
22:13:06         0.00      0.84      1.01      0.00      0.00      0.84      1.01      0.00
22:13:11         0.00      0.78      1.00      0.00      0.00      0.78      1.00      0.00
22:13:16         0.00      0.71      0.98      0.00      0.00      0.71      0.98      0.00
22:13:21         1.56      0.95      1.03      4.06      1.56      0.95      1.03      4.06
22:13:26         0.97      0.89      1.01      0.38      0.97      0.89      1.01      0.38
22:13:31         0.65      0.83      1.00      0.00      0.65      0.83      1.00      0.00
22:13:36         0.35      0.75      0.98      0.00      0.35      0.75      0.98      0.00
22:13:41         0.24      0.70      0.96      0.22      0.24      0.70      0.96      0.22
22:13:46         0.13      0.64      0.94      0.00      0.13      0.64      0.94      0.00
22:13:51         0.08      0.59      0.93      0.00      0.08      0.59      0.93      0.00
22:13:56         0.04      0.54      0.91      0.00      0.04      0.54      0.91      0.00
22:14:01         0.03      0.50      0.90      0.00      0.03      0.50      0.90      0.00
22:14:06         0.01      0.45      0.88      0.00      0.01      0.45      0.88      0.00
22:14:11         0.01      0.42      0.86      0.00      0.01      0.42      0.86      0.00
22:14:16         0.00      0.38      0.85      0.00      0.00      0.38      0.85      0.00
22:14:21         0.00      0.36      0.83      0.00      0.00      0.36      0.83      0.00
22:14:26         0.00      0.32      0.82      0.00      0.00      0.32      0.82      0.00
22:14:31         0.00      0.30      0.80      0.00      0.00      0.30      0.80      0.00
22:14:36         0.00      0.27      0.79      0.00      0.00      0.27      0.79      0.00
22:14:41         0.00      0.25      0.78      0.00      0.00      0.25      0.78      0.00
22:14:46         0.00      0.23      0.76      0.18      0.00      0.23      0.76      0.18
22:14:51         0.00      0.21      0.75      0.00      0.00      0.21      0.75      0.00
22:14:56         0.00      0.19      0.73      0.00      0.00      0.19      0.73      0.00
22:15:01         0.00      0.18      0.72      0.00      0.00      0.18      0.72      0.00
22:15:06         0.00      0.16      0.71      0.00      0.00      0.16      0.71      0.00
22:15:11         0.00      0.15      0.70      0.00      0.00      0.15      0.70      0.00
22:15:16         0.00      0.13      0.68      0.00      0.00      0.13      0.68      0.00
22:15:21         0.00      0.12      0.67      0.00      0.00      0.12      0.67      0.00
22:15:26         0.00      0.11      0.66      0.00      0.00      0.11      0.66      0.00
22:15:31         0.00      0.10      0.65      0.20      0.00      0.10      0.65      0.20
22:15:36         0.00      0.09      0.63      0.00      0.00      0.09      0.63      0.00
22:15:41         0.00      0.08      0.62      0.42      0.00      0.08      0.62      0.42
22:15:46         0.00      0.08      0.61      0.00      0.00      0.08      0.61      0.00
22:15:51         0.00      0.07      0.60      0.00      0.00      0.07      0.60      0.00
22:15:56         0.00      0.06      0.59      0.00      0.00      0.06      0.59      0.00
22:16:01         0.00      0.06      0.58      0.00      0.00      0.06      0.58      0.00
22:16:06         0.00      0.05      0.57      0.00      0.00      0.05      0.57      0.00
22:16:11         0.00      0.05      0.56      0.00      0.00      0.05      0.56      0.00
22:16:16         0.00      0.04      0.55      0.00      0.00      0.04      0.55      0.00
22:16:21         0.00      0.04      0.54      0.00      0.00      0.04      0.54      0.00
22:16:26         0.00      0.03      0.53      0.00      0.00      0.03      0.53      0.00
22:16:31         0.00      0.03      0.52      0.00      0.00      0.03      0.52      0.00
22:16:36         0.00      0.03      0.51      0.00      0.00      0.03      0.51      0.00
22:16:41         0.00      0.02      0.50      0.00      0.00      0.02      0.50      0.00
22:16:46         0.00      0.02      0.49      0.00      0.00      0.02      0.49      0.00
22:16:51         0.00      0.02      0.48      0.00      0.00      0.02      0.48      0.00
22:16:56         0.00      0.02      0.47      0.00      0.00      0.02      0.47      0.00
22:17:01         0.00      0.01      0.46      0.00      0.00      0.01      0.46      0.00
22:17:06         0.00      0.01      0.45      0.00      0.00      0.01      0.45      0.00
22:17:11         0.00      0.01      0.45      0.00      0.00      0.01      0.45      0.00
22:17:16         0.00      0.01      0.44      0.00      0.00      0.01      0.44      0.00
22:17:21         0.00      0.01      0.43      0.00      0.00      0.01      0.43      0.00
22:17:26         0.00      0.01      0.42      0.00      0.00      0.01      0.42      0.00
22:17:31         0.00      0.00      0.41      0.00      0.00      0.00      0.41      0.00
22:17:36         0.00      0.00      0.41      0.00      0.00      0.00      0.41      0.00
22:17:41         0.00      0.00      0.40      0.00      0.00      0.00      0.40      0.00
22:17:46         0.00      0.00      0.39      0.00      0.00      0.00      0.39      0.00
22:17:51         0.00      0.00      0.39      0.00      0.00      0.00      0.39      0.00
22:17:56         0.00      0.00      0.38      0.00      0.00      0.00      0.38      0.00
22:18:01         0.00      0.00      0.37      0.00      0.00      0.00      0.37      0.00
22:18:06         0.00      0.00      0.36      0.02      0.00      0.00      0.36      0.02

Average:         0.61      0.60      0.55      0.64      0.61      0.60      0.55      0.64
