Linux 7.2.0-rc5-virtme (virtme-ng) 	08/01/26 	_x86_64_	(12 CPU)

21:18:51    kbmemfree   kbavail kbmemused  %memused kbbuffers  kbcached  kbcommit   %commit  kbactive   kbinact   kbdirty   kbshmem
21:18:56      4386848   4350128   3791576     46.57       896     42208   4250936     34.46   3600784     42600         0       444
21:19:01      1653796   1621760   6519944     80.08       896     47040   6386468     51.77   6301728     47276         0       636
21:19:06       595596    563516   7578188     93.08       896     47156   7473720     60.58   7352168     47200         0       828
21:19:11        62796     21416   8120288     99.74       116     37412   8036684     65.15   7891484     23160         0      1020
21:19:16        55868     55868   8085836     99.31         0      6144   8337384     67.59    226632   7746408         0       828
21:19:21        95368     43312   8098392     99.47         0     17372   8507132     68.96    358052   7585064         0      1020
21:19:26        68272     16216   8125488     99.80         0     17560   8611344     69.81    425356   7542300         0      1212
21:19:31       118624     66652   8075052     99.18         0     17880   8682788     70.39    459892   7444632         0      1404
21:19:36       101176     49260   8092444     99.39         0     18172   8737848     70.83    478044   7444740         0      1596
21:19:41        82668     30752   8110952     99.62         0     18364   8784352     71.21    487936   7444740         0      1788
21:19:46       129848     78004   8063700     99.04         0     18508   8784352     71.21    528612   7350436         0      1788
21:19:51       120368     68560   8073144     99.16         0     18588   8784352     71.21    528688   7350512         0      1788
21:19:56       136016     84244   8057460     98.97         0     18656   8784352     71.21    528644   7350584         0      1788
21:20:01       120576     68808   8072896     99.15         0     18656   8784352     71.21    528604   7350588         0      1788
21:20:06       129384     77616   8064088     99.05         0     18656   8784352     71.21    528724   7350588         0      1788
21:20:11       131840     80068   8061636     99.02         0     18656   8784352     71.21    528728   7350584         0      1788
21:20:16       222720    170960   7970744     97.90         0     18672   8784352     71.21    926656   6826364         0      1788
21:20:21       184348    132584   8009120     98.37         0     18672   8784352     71.21    972660   6826360         0      1788
21:20:26       107180     55416   8086288     99.32         0     18672   8784352     71.21   1052872   6826360         0      1788
21:20:31       101596     49836   8091868     99.39         0     18672   8784352     71.21   1052872   6826364         0      1788
21:20:36       101912     50152   8091552     99.38         0     18672   8784352     71.21   1052924   6826364         0      1788
21:20:41        95916     44156   8097548     99.46         0     18672   8784352     71.21   1052800   6826364         0      1788
21:20:46       102860     51100   8090604     99.37         0     18672   8785424     71.22   1053972   6826364         0      1788
21:20:51        97572     45812   8095892     99.44         0     18672   8785424     71.22   1053904   6826364         0      1788
21:20:56        93500     41740   8099964     99.49         0     18672   8785424     71.22   1054032   6826364         0      1788
21:21:01       121872     70108   8071596     99.14         0     18672   8785424     71.22   1021252   6826360         0      1788
21:21:06       114200     62440   8079264     99.23         0     18672   8785424     71.22   1053940   6826364         0      1788
21:21:11      1019564    967800   7173904     88.11         0     18672   8785424     71.22   1195828   5777788         0      1788
21:21:16       104484     52720   8088984     99.35         0     18672   8785424     71.22   2102016   5777784         0      1788
21:21:21       156288    104528   8037176     98.72         0     18672   8785424     71.22   2039056   5777788         0      1788
21:21:26        96048     44288   8097416     99.46         0     18676   8785424     71.22   2102560   5777792         0      1788
21:21:31        93924     42164   8099540     99.48         0     18676   8785424     71.22   2102488   5777792         0      1788
21:21:36       103104     51344   8090360     99.37         0     18676   8785424     71.22   2086188   5777792         0      1788
21:21:41        81572     29812   8111892     99.63         0     18676   8785424     71.22   2102548   5777792         0      1788
21:21:46        88736     36976   8104728     99.55         0     18676   8787520     71.23   2104528   5777792         0      1788
21:21:51        81568     29812   8111892     99.63         0     18680   8787520     71.23   2104568   5777796         0      1788
21:21:56        81644     29888   8111816     99.63         0     18680   8787520     71.23   2104596   5777796         0      1788
21:22:01        89880     38124   8103580     99.53         0     18680   8787520     71.23   2104564   5777796         0      1788
21:22:06        92380     40624   8101080     99.50         0     18680   8787520     71.23   2104544   5777796         0      1788
21:22:11        93328     41572   8100132     99.49         0     18680   8787520     71.23   2104524   5777796         0      1788
21:22:16        91992     40236   8101468     99.51         0     18680   8787520     71.23   2104580   5777796         0      1788
21:22:21        92272     40512   8101192     99.50         0     18680   8787520     71.23   2104540   5777792         0      1788
21:22:26        74648     22888   8118816     99.72         0     18680   8787520     71.23   2104656   5777792         0      1788
21:22:31       126860     75124   8066580     99.08         0     18688   8787520     71.23   2038872   5777824         0      1788
21:22:36       130436     78700   8063004     99.03         0     18688   8787520     71.23   2039064   5777824         0      1788
21:22:41        91748     40012   8101692     99.51         0     18688   8787520     71.23   2104500   5777824         0      1788
21:22:46        89304     37568   8104136     99.54         0     18688   8787520     71.23   2104604   5777820         0      1788
21:22:51        87132     35396   8106308     99.57         0     18688   8787520     71.23   2104632   5777824         0      1788
21:22:56        95648     43912   8097792     99.46         0     18688   8787520     71.23   2104596   5777824         0      1788
21:23:01        84684     32948   8108756     99.60         0     18688   8787520     71.23   2104564   5777824         0      1788
21:23:06        97204     45468   8096236     99.44         0     18688   8787520     71.23   2104596   5777824         0      1788
21:23:11        90348     38612   8103092     99.53         0     18688   8787520     71.23   2104532   5777824         0      1788
21:23:16      1963208   1911472   6230232     76.52         0     18688   8787520     71.23   2322784   3680908         0      1788
21:23:21        71472     19736   8121968     99.76         0     18688   8787520     71.23   4201716   3680736         0      1788
21:23:26        60112      8376   8133328     99.90         0     18688   8787520     71.23   4201440   3680736         0      1788
21:23:31        67604     15820   8125884     99.81         0     18628   8787520     71.23   2933496   4921004         0      1776
21:23:36       105524     53740   8087964     99.34         0     18628   8787520     71.23   2900716   4921000         0      1776
21:23:41        89252     37468   8104236     99.54         0     18628   8787520     71.23   2933512   4921004         0      1776
21:23:46       113784     62000   8079704     99.24         0     18628   8787520     71.23   2933492   4921000         0      1776
21:23:51        97224     45440   8096264     99.44         0     18628   8791664     71.27   2937540   4921004         0      1776
21:23:56        94688     42904   8098800     99.47         0     18628   8791664     71.27   2937624   4921004         0      1776
21:24:01        99660     47880   8093824     99.41         0     18632   8791664     71.27   2937532   4921008         0      1776
21:24:06        99624     47844   8093860     99.41         0     18632   8791664     71.27   2937640   4921008         0      1776
21:24:11       107496     55712   8085992     99.32         0     18632   8791664     71.27   2937640   4921004         0      1776
21:24:16       133132     81348   8060356     99.00         0     18632   8791664     71.27   2926920   4921004         0      1776
21:24:21       121040     69256   8072448     99.15         0     18632   8791664     71.27   2937512   4921004         0      1776
21:24:26       111048     59268   8082436     99.27         0     18632   8791664     71.27   2937568   4921008         0      1776
21:24:31        92692     40912   8100792     99.50         0     18632   8791664     71.27   3091036   4767564         0      1776
21:24:36        96652     44868   8096836     99.45         0     18632   8791664     71.27   3091224   4767372         0      1776
21:24:41        95060     43280   8098424     99.47         0     18632   8791664     71.27   3084632   4767376         0      1776
21:24:46        93108     41328   8100376     99.49         0     18632   8791664     71.27   3091172   4767376         0      1776
21:24:51       112040     60260   8081444     99.26         0     18632   8791664     71.27   3076400   4767376         0      1776
21:24:56       103688     51904   8089800     99.36         0     18636   8791664     71.27   3091244   4767372         0      1776
21:25:01        99624     47844   8093860     99.41         0     18636   8791664     71.27   3091300   4767376         0      1776
21:25:06       103212     51432   8090272     99.37         0     18636   8791664     71.27   3091280   4767376         0      1776
21:25:11        99556     47776   8093928     99.41         0     18636   8791664     71.27   3091268   4767376         0      1776
21:25:16       106976     55196   8086508     99.32         0     18636   8791664     71.27   3091260   4767376         0      1776
21:25:21       102940     51156   8090548     99.37         0     18640   8791664     71.27   3091324   4767372         0      1776
21:25:26       113436     61656   8080048     99.24         0     18640   8791664     71.27   3091284   4767376         0      1776
21:25:31       212956    161176   7980528     98.02         0     18640   8791664     71.27   2955616   4755528         0      1776
21:25:36       173232    121452   8020252     98.51         0     18640   8791664     71.27   2971968   4755532         0      1776
21:25:41       224560    172784   7968920     97.88         0     18640   8791664     71.27   2971972   4755540         0      1776
21:25:46       226104    174328   7967376     97.86         0     18640   8791664     71.27   2971976   4755536         0      1776
21:25:51        97024     45248   8096456     99.44         0     18640   8791664     71.27   3103136   4755536         0      1776
21:25:56        93360     41584   8100120     99.49         0     18640   8791664     71.27   3103144   4755536         0      1776
21:26:01        86072     34296   8107408     99.58         0     18640   8791664     71.27   3103176   4755536         0      1776
21:26:06        95764     43988   8097716     99.46         0     18640   8791664     71.27   3103044   4755536         0      1776
21:26:11       126080     74304   8067400     99.09         0     18640   8791664     71.27   3070324   4755536         0      1776
21:26:16        85100     33324   8108380     99.59         0     18648   8791664     71.27   3103104   4755540         0      1776
21:26:21       101500     49724   8091980     99.39         0     18648   8791664     71.27   3103064   4755540         0      1776
21:26:26       107920     56144   8085560     99.31         0     18648   8791664     71.27   3103088   4755540         0      1776
21:26:31       101888     50112   8091592     99.38         0     18648   8791664     71.27   3103016   4755540         0      1776
21:26:36        99320     47544   8094160     99.42         0     18652   8791664     71.27   3103120   4755540         0      1776
21:26:41        99160     47384   8094320     99.42         0     18652   8791664     71.27   3103072   4755540         0      1776
21:26:46        90988     39212   8102492     99.52         0     18652   8791664     71.27   3103008   4755540         0      1776
21:26:51        84156     32380   8109324     99.60         0     18652   8791664     71.27   3103036   4755540         0      1776
21:26:56        78404     26628   8115076     99.67         0     18652   8791664     71.27   3103040   4755540         0      1776
21:27:01        96184     44408   8097296     99.45         0     18652   8791664     71.27   3095064   4755540         0      1776
21:27:06        90280     38504   8103200     99.53         0     18652   8791664     71.27   3103016   4755540         0      1776
21:27:11       102732     50956   8090748     99.37         0     18652   8791664     71.27   3094808   4755540         0      1776
21:27:16       106324     54548   8087156     99.33         0     18652   8791664     71.27   3103084   4755540         0      1776
21:27:21       111844     60068   8081636     99.26         0     18652   8791664     71.27   3102964   4755540         0      1776
21:27:26       107864     56088   8085616     99.31         0     18652   8791664     71.27   3103028   4755540         0      1776
21:27:31      3146628   3094852   5046852     61.99         0     18652   8791664     71.27   3715688   1124988         0      1776
21:27:36        62024      6932   8134772     99.91         0     11324   8791664     71.27   5368028   2584120         0      1064
21:27:41        68796     13716   8127988     99.83         0     10408   8791664     71.27   7391208    513560         0       140
21:27:46        52196     52196   8089508     99.36         0     10420   8791664     71.27   3686492   4254088         0       164
21:27:51        84948     29864   8111840     99.63         0     10432   8791664     71.27   3808836   4105072         0       164
21:27:56        80452     25368   8116336     99.69         0     10444   8791664     71.27   4242028   3693504         0       176
21:28:01        66456     11372   8130332     99.86         0     10448   8791664     71.27   4359236   3576268         0       176
21:28:06        85088     30004   8111700     99.63         0     10448   8799904     71.34   4351020   3576268         0       176
21:28:11       105892     50808   8090896     99.38         0     10448   8799904     71.34   4386784   3520724         0       176
21:28:16       103960     48876   8092828     99.40         0     10448   8799904     71.34   4388812   3520724         0       176
21:28:21        83816     28736   8112968     99.65         0     10448   8799904     71.34   4388736   3520704         0       176
21:28:26        92716     37636   8104068     99.54         0     10448   8799904     71.34   4388840   3520704         0       176
21:28:31        90976     35896   8105808     99.56         0     10448   8799904     71.34   4388692   3520704         0       176
21:28:36        91804     36724   8104980     99.55         0     10448   8799904     71.34   4388844   3520704         0       176
21:28:41        87080     32000   8109704     99.61         0     10448   8799904     71.34   4388696   3520704         0       176
21:28:46        92408     37328   8104376     99.54         0     10448   8799904     71.34   4381024   3520704         0       176
21:28:51        79560     24480   8117224     99.70         0     10448   8799904     71.34   4835860   3073640         0       176
21:28:56        77624     22544   8119160     99.72         0     10448   8799904     71.34   4835780   3073640         0       176
21:29:01        81184     26104   8115600     99.68         0     10448   8799904     71.34   4839884   3073704         0       176
21:29:06        76852     21772   8119932     99.73         0     10448   8799904     71.34   4839828   3073704         0       176
21:29:11        78652     23568   8118136     99.71         0     10452   8799904     71.34   4839812   3073700         0       176
21:29:16        91160     36080   8105624     99.56         0     10452   8799904     71.34   4832540   3073704         0       176
21:29:21        75656     20576   8121128     99.75         0     10452   8799904     71.34   4839832   3073704         0       176
21:29:26        82632     27552   8114152     99.66         0     10452   8799904     71.34   4839860   3073704         0       176
21:29:31        78520     23440   8118264     99.71         0     10452   8799904     71.34   4839784   3073704         0       176
21:29:36        79916     24836   8116868     99.69         0     10452   8799904     71.34   4839772   3073704         0       176
21:29:41        83712     28632   8113072     99.65         0     10452   8799904     71.34   4839888   3073704         0       176
21:29:46        85288     30208   8111496     99.63         0     10452   8799904     71.34   4839836   3073704         0       176
21:29:51        70032     14952   8126752     99.82         0     10452   8799904     71.34   5876544   2037012         0       176
21:29:56        63360      8280   8133424     99.90         0     10460   8799904     71.34   5876772   2037012         0       176
21:30:01        57428      2352   8139352     99.97         0     10460   8799904     71.34   5883960   2001764         0       176
21:30:06        77572     22496   8119208     99.72         0     10460   8799904     71.34   5884036   2001772         0       176
21:30:11        80568     25488   8116216     99.69         0     10460   8799904     71.34   5884068   2001768         0       176
21:30:16        87728     32652   8109052     99.60         0     10460   8799904     71.34   5884020   2001772         0       176
21:30:21        96676     41600   8100104     99.49         0     10460   8799904     71.34   5883972   2001772         0       176
21:30:26        84796     29720   8111984     99.63         0     10460   8799904     71.34   5883788   2001772         0       176
21:30:31        98408     43332   8098372     99.47         0     10460   8799904     71.34   5884064   2001772         0       176
21:30:36        99140     44060   8097644     99.46         0     10460   8799904     71.34   5883820   2001768         0       176
21:30:41       109036     53960   8087744     99.34         0     10460   8799904     71.34   5883916   2001800         0       176
21:30:46       109964     54888   8086816     99.33         0     10460   8799904     71.34   5883888   2001800         0       176
21:30:51       115472     60396   8081308     99.26         0     10460   8799904     71.34   5883928   2001800         0       176
21:30:56       103776     48700   8093004     99.40         0     10460   8799904     71.34   5883968   2001800         0       176
21:31:01       102188     47112   8094592     99.42         0     10464   8799904     71.34   5884016   2001800         0       176
21:31:06       105044     49968   8091736     99.39         0     10464   8799904     71.34   5875832   2001804         0       176
21:31:11        95460     40384   8101320     99.50         0     10464   8799904     71.34   5884044   2001804         0       176
21:31:16       107028     51952   8089752     99.36         0     10464   8799904     71.34   5883980   2001800         0       176
21:31:21       110260     55184   8086520     99.32         0     10464   8799904     71.34   5883940   2001804         0       176
21:31:26       116284     61208   8080496     99.25         0     10464   8799904     71.34   5851252   2001800         0       176
21:31:31       110232     55156   8086548     99.32         0     10464   8799904     71.34   5883896   2001800         0       176
21:31:36       114332     59256   8082448     99.27         0     10464   8799904     71.34   5883960   2001804         0       176
21:31:41       351960    296884   7844820     96.35         0     10464   8799904     71.34   5621856   2001804         0       176
21:31:46       390096    335020   7806684     95.89         0     10468   8799904     71.34   5621752   2001804         0       176
21:31:51       387864    332788   7808916     95.91         0     10468   8799904     71.34   5621868   2001804         0       176
21:31:56       350824    295752   7845952     96.37         0     10472   8799904     71.34   5900348   1725820         0       176
21:32:01       342356    287284   7854420     96.47         0     10472   8799904     71.34   5900600   1725820         0       176
21:32:06       338968    283896   7857808     96.51         0     10472   8799904     71.34   5900616   1725820         0       176
21:32:11       332100    277028   7864676     96.60         0     10472   8799904     71.34   5900564   1725824         0       176
21:32:16        76924     21852   8119852     99.73         0     10472   8799904     71.34   6152928   1725824         0       176
21:32:21        69616     14544   8127160     99.82         0     10472   8799904     71.34   6162816   1725820         0       176
21:32:26        77176     22104   8119600     99.73         0     10472   8799904     71.34   6162740   1725824         0       176
21:32:31        69892     14820   8126884     99.82         0     10472   8799904     71.34   6162692   1725824         0       176
21:32:36        78800     23728   8117976     99.71         0     10472   8799904     71.34   6162680   1725824         0       176
21:32:41        80644     25572   8116132     99.69         0     10472   8799904     71.34   6162700   1725820         0       176
21:32:46        86784     31712   8109992     99.61         0     10472   8799904     71.34   6162556   1725820         0       176
21:32:51       133076     78004   8063700     99.04         0     10472   8799904     71.34   6097260   1725820         0       176
21:32:56       140860     85788   8055916     98.95         0     10472   8799904     71.34   6097288   1725820         0       176
21:33:01        72700     17628   8124076     99.78         0     10472   8799904     71.34   6162732   1725824         0       176
21:33:06        75564     20492   8121212     99.75         0     10472   8799904     71.34   6162784   1725824         0       176
21:33:11        73156     18084   8123620     99.78         0     10472   8799904     71.34   6162812   1725824         0       176
21:33:16        59372      4308   8137396     99.95         0     10472   8799904     71.34   6162832   1725836         0       176
21:33:21        69420     14356   8127348     99.82         0     10472   8799904     71.34   6181544   1678924         0       176
21:33:26       138676     83612   8058092     98.97         0     10472   8799904     71.34   6148224   1678924         0       176
21:33:31       108204     53140   8088564     99.35         0     10472   8799904     71.34   6175740   1678924         0       176
21:33:36       102256     47192   8094512     99.42         0     10472   8799904     71.34   6181424   1678924         0       176
21:33:41       106352     51288   8090416     99.37         0     10480   8799904     71.34   6181552   1678928         0       176
21:33:46       110032     54968   8086736     99.32         0     10480   8799904     71.34   6181544   1678928         0       176
21:33:51       118796     63732   8077972     99.22         0     10480   8799904     71.34   6181520   1678928         0       176
21:33:56       147640     92576   8049128     98.86         0     10480   8799904     71.34   6146152   1678928         0       176
21:34:01       146484     91420   8050284     98.88         0     10480   8799904     71.34   6148804   1678924         0       176
21:34:06       115444     60380   8081324     99.26         0     10484   8799904     71.34   6181564   1678928         0       176
21:34:11       111828     56764   8084940     99.30         0     10484   8799904     71.34   6181548   1678928         0       176
21:34:16       109628     54564   8087140     99.33         0     10484   8799904     71.34   6181448   1678928         0       176
21:34:21       141180     86120   8055584     98.94         0     10488   8799904     71.34   6127628   1678932         0       176
21:34:26        92500     37440   8104264     99.54         0     10488   8799904     71.34   6181556   1678932         0       176
21:34:31        92988     37928   8103776     99.53         0     10488   8799904     71.34   6165288   1678932         0       176
21:34:36        97144     42084   8099620     99.48         0     10488   8799904     71.34   6165160   1678932         0       176
21:34:41        81848     26788   8114916     99.67         0     10488   8799904     71.34   6181484   1678932         0       176
21:34:46        79496     24436   8117268     99.70         0     10488   8799904     71.34   6181468   1678932         0       176
21:34:51        81420     26360   8115344     99.68         0     10488   8799904     71.34   6181416   1678932         0       176
21:34:56        91820     36760   8104944     99.55         0     10488   8799904     71.34   6181484   1678932         0       176
21:35:01        97748     42688   8099016     99.48         0     10488   8799904     71.34   6181416   1678932         0       176
21:35:06        94340     39280   8102424     99.52         0     10488   8799904     71.34   6181544   1678932         0       176
21:35:11        98960     43900   8097804     99.46         0     10488   8799904     71.34   6181560   1678932         0       176
21:35:16       102616     47556   8094148     99.42         0     10488   8799904     71.34   6181568   1678932         0       176
21:35:21       106616     51552   8090152     99.37         0     10488   8799904     71.34   6181604   1678928         0       176
21:35:26       107152     52088   8089616     99.36         0     10488   8799904     71.34   6181532   1678928         0       176
21:35:31       106700     51640   8090064     99.37         0     10488   8799904     71.34   6181512   1678932         0       176
21:35:36       102956     47892   8093812     99.41         0     10488   8799904     71.34   6181500   1678928         0       176
21:35:41       104684     49620   8092084     99.39         0     10488   8799904     71.34   6181552   1678928         0       176
21:35:46       105896     50836   8090868     99.38         0     10488   8799904     71.34   6181544   1678932         0       176
21:35:51       100284     45224   8096480     99.44         0     10488   8799904     71.34   6181472   1678932         0       176
21:35:56       187488    132428   8009276     98.37         0     10488   8799904     71.34   6050460   1678932         0       176
21:36:01       464744    409680   7732024     94.97         0     10488   8799904     71.34   5800528   1678928         0       176
21:36:06       301568    246508   7895196     96.97         0     10488   8799904     71.34   6003888   1678932         0       176
21:36:11      2233092   2178032   5963672     73.25         0     10488   8799904     71.34   5745104     10208         0       176
21:36:16       470376    412104   7729600     94.94         0      3980   8799904     71.34   1795860   5743888         0       100
21:36:21        60720      2528   8139176     99.97         0      4148   8799904     71.34   6909188   1035648         0       108
21:36:26        68664     10472   8131232     99.87         0      4148   8799904     71.34   7029916    879788         0       108
21:36:31       114748     56556   8085148     99.31         0      4152   8799904     71.34   7300348    559360         0       108
21:36:36       133120     73456   8068248     99.10         0      1216   8799904     71.34   1432140   6401860         0       108
21:36:41       111628     52280   8089424     99.36         0      1968   8816336     71.47   2886328   5000800         0       120
21:36:46       101388     42100   8099604     99.48         0      2084   8816336     71.47   2896960   4990480         0       120
21:36:51       113300     54028   8087676     99.34         0      2112   8816336     71.47   2900936   4990616         0       120
21:36:56       109244     49972   8091732     99.39         0      2116   8816336     71.47   2900936   4990616         0       120
21:37:01       111900     52628   8089076     99.35         0      2116   8816336     71.47   2900948   4990616         0       120
21:37:06       108404     49132   8092572     99.40         0      2120   8816336     71.47   2900864   4990616         0       120
21:37:11        97152     37880   8103824     99.53         0      2120   8816336     71.47   2884584   4990616         0       120
21:37:16       107964     48800   8092904     99.40         0      2340   8816336     71.47   2901180   4990708         0       120
21:37:21        98596     39432   8102272     99.52         0      2348   8816336     71.47   2901288   4990708         0       120
21:37:26       111976     52812   8088892     99.35         0      2348   8816336     71.47   2901332   4990708         0       120
21:37:31       114748     55584   8086120     99.32         0      2348   8816336     71.47   2901272   4990708         0       120
21:37:36       139988     80824   8060880     99.01         0      2348   8816336     71.47   3171996   4691572         0       120
21:37:41        73080     13916   8127788     99.83         0      2348   8816336     71.47   1469712   6456232         0       120
21:37:46        75988     16824   8124880     99.79         0      2348   8816336     71.47   1731880   6166184         0       120
21:37:51        81048     21924   8119780     99.73         0      2348   8816336     71.47   1814096   6083980         0       120
21:37:56        80208     21084   8120620     99.74         0      2348   8816336     71.47   1814112   6083980         0       120
21:38:01        93360     34236   8107468     99.58         0      2348   8816336     71.47   1814132   6083976         0       120
21:38:06       148420     89296   8052408     98.90         0      2348   8816336     71.47   1787988   6044616         0       120
21:38:11        79688     20564   8121140     99.75         0      2348   8816336     71.47   1853456   6044616         0       120
21:38:16        83236     24112   8117592     99.70         0      2348   8816336     71.47   1845244   6044616         0       120
21:38:21        79248     20124   8121580     99.75         0      2348   8816336     71.47   1853456   6044616         0       120
21:38:26        67452      8328   8133376     99.90         0      2348   8816336     71.47   1861364   6044880         0       120
21:38:31        68552      9448   8132256     99.88         0      2352   8816336     71.47   2844040   5038556         0       120
21:38:36        83088     23984   8117720     99.71         0      2352   8816336     71.47   2844048   5038556         0       120
21:38:41        68976      9872   8131832     99.88         0      2352   8816336     71.47   3213888   4668740         0       120
21:38:46        79944     20852   8120852     99.74         0      2352   8816336     71.47   3213836   4640756         0       120
21:38:51        79656     20564   8121140     99.75         0      2352   8816336     71.47   3213940   4640756         0       120
21:38:56        81412     22320   8119384     99.73         0      2352   8816336     71.47   3213908   4640756         0       120
21:39:01        95208     36116   8105588     99.56         0      2352   8816336     71.47   3213888   4640756         0       120
21:39:06        96764     37672   8104032     99.54         0      2352   8816336     71.47   3213896   4640756         0       120
21:39:11       128072     68976   8072728     99.15         0      2352   8816336     71.47   3181236   4640752         0       120
21:39:16       116044     56948   8084756     99.30         0      2352   8816336     71.47   3213960   4640752         0       120
21:39:21       101644     42552   8099152     99.48         0      2352   8816336     71.47   3213936   4640760         0       120
21:39:26       105700     46608   8095096     99.43         0      2352   8816336     71.47   3213944   4640760         0       120
21:39:31       109784     50692   8091012     99.38         0      2356   8816336     71.47   3213880   4640760         0       120
21:39:36       122504     63412   8078292     99.22         0      2356   8816336     71.47   3213960   4640760         0       120
21:39:41       104392     45300   8096404     99.44         0      2356   8816336     71.47   3213900   4640760         0       120
21:39:46       111780     52688   8089016     99.35         0      2356   8816336     71.47   3213932   4640760         0       120
21:39:51       107924     48832   8092872     99.40         0      2356   8816336     71.47   3213900   4640760         0       120
21:39:56       102916     43820   8097884     99.46         0      2356   8816336     71.47   3213952   4640756         0       120
21:40:01       111144     52052   8089652     99.36         0      2356   8816336     71.47   3213940   4640760         0       120
21:40:06       122736     63644   8078060     99.22         0      2356   8816336     71.47   3213944   4640760         0       120
21:40:11       119900     60808   8080896     99.25         0      2360   8816336     71.47   3209704   4640760         0       120
21:40:16       113388     54296   8087408     99.33         0      2360   8816336     71.47   3213952   4640760         0       120
21:40:21       111560     52468   8089236     99.36         0      2360   8816336     71.47   3214032   4640760         0       120
21:40:26       117460     58368   8083336     99.28         0      2360   8816336     71.47   3213992   4640760         0       120
21:40:31       122164     63068   8078636     99.23         0      2360   8816336     71.47   3213956   4640756         0       120
21:40:36       105580     46488   8095216     99.43         0      2360   8816336     71.47   4385664   3483740         0       120
21:40:41        95564     36476   8105228     99.55         0      2360   8816336     71.47   4385692   3483748         0       120
21:40:46        98236     39144   8102560     99.52         0      2360   8816336     71.47   4385724   3483744         0       120
21:40:51        88968     29880   8111824     99.63         0      2360   8816336     71.47   4385716   3483756         0       120
21:40:56        89296     30208   8111496     99.63         0      2360   8816336     71.47   4385772   3483756         0       120
21:41:01        94560     35472   8106232     99.56         0      2360   8816336     71.47   4385736   3483756         0       120
21:41:06        86880     27792   8113912     99.66         0      2368   8816336     71.47   4369312   3483756         0       120
21:41:11        92400     33312   8108392     99.59         0      2368   8816336     71.47   4385544   3483756         0       120
21:41:16       101988     42900   8098804     99.47         0      2368   8816336     71.47   4385744   3483756         0       120
21:41:21       100188     41100   8100604     99.50         0      2368   8816336     71.47   4385664   3483756         0       120
21:41:26       100248     41156   8100548     99.49         0      2368   8816336     71.47   4385664   3483752         0       120
21:41:31       100584     41496   8100208     99.49         0      2368   8816336     71.47   4385756   3483784         0       120
21:41:36        89140     30048   8111656     99.63         0      2368   8816336     71.47   4385780   3483780         0       120
21:41:41       100456     41364   8100340     99.49         0      2368   8816336     71.47   4385772   3483780         0       120
21:41:46       115892     56800   8084904     99.30         0      2368   8816336     71.47   4352976   3483780         0       120
21:41:51        91184     32096   8109608     99.61         0      2368   8816336     71.47   4385692   3483784         0       120
21:41:56       104716     45628   8096076     99.44         0      2368   8816336     71.47   4377676   3483812         0       120
21:42:01        99820     40732   8100972     99.50         0      2368   8816336     71.47   4385768   3483812         0       120
21:42:06       100628     41540   8100164     99.49         0      2372   8816336     71.47   4385776   3483812         0       120
21:42:11       103248     44160   8097544     99.46         0      2372   8816336     71.47   4377568   3483812         0       120
21:42:16        96728     37640   8104064     99.54         0      2372   8816336     71.47   4385668   3483812         0       120
21:42:21        87704     28616   8113088     99.65         0      2372   8816336     71.47   4385660   3483816         0       120
21:42:26        91620     32532   8109172     99.60         0      2372   8816336     71.47   4385736   3483816         0       120
21:42:31        90896     31808   8109896     99.61         0      2372   8816336     71.47   4385720   3483816         0       120
21:42:36       102404     43316   8098388     99.47         0      2372   8816336     71.47   4385788   3483812         0       120
21:42:41        99916     40828   8100876     99.50         0      2372   8816336     71.47   4385656   3483812         0       120
21:42:46       101920     42832   8098872     99.47         0      2372   8816336     71.47   4385748   3483812         0       120
21:42:51       102968     43880   8097824     99.46         0      2372   8816336     71.47   4385660   3483836         0       120
21:42:56       106236     47148   8094556     99.42         0      2372   8816336     71.47   4385508   3483840         0       120
21:43:01       102016     42928   8098776     99.47         0      2372   8816336     71.47   4385684   3483840         0       120
21:43:06       101952     42864   8098840     99.47         0      2372   8816336     71.47   4385632   3483836         0       120
21:43:11       104920     45832   8095872     99.44         0      2376   8816336     71.47   4384552   3483840         0       120
21:43:16       123812     64724   8076980     99.21         0      2376   8816336     71.47   4320176   3483840         0       120
21:43:21       102016     42932   8098772     99.47         0      2376   8816336     71.47   4385604   3483844         0       120
21:43:26       104576     45492   8096212     99.44         0      2376   8816336     71.47   4385684   3483844         0       120
21:43:31       100140     41056   8100648     99.50         0      2376   8816336     71.47   4385652   3483844         0       120
21:43:36       101876     42792   8098912     99.47         0      2376   8816336     71.47   4385636   3483844         0       120
21:43:41       104108     45024   8096680     99.45         0      2376   8816336     71.47   4369256   3483844         0       120
21:43:46        95320     36236   8105468     99.55         0      2376   8816336     71.47   4385592   3483844         0       120
21:43:51        94732     35644   8106060     99.56         0      2376   8816336     71.47   4385624   3483840         0       120
21:43:56       101456     42372   8099332     99.48         0      2376   8816336     71.47   4385708   3483844         0       120
21:44:01       102896     43812   8097892     99.46         0      2376   8816336     71.47   4385712   3483844         0       120
21:44:06       584268    525184   7616520     93.55         0      2376   8816336     71.47   3861372   3483844         0       120
21:44:11       580340    521256   7620448     93.60         0      2376   8816336     71.47   3861236   3483844         0       120
21:44:16       598948    539860   7601844     93.37         0      2376   8816336     71.47   3861368   3483840         0       120
21:44:21       636964    577880   7563824     92.90         0      2376   8816336     71.47   3828668   3483844         0       120
21:44:26       603828    544744   7596960     93.31         0      2376   8816336     71.47   3861380   3483844         0       120
21:44:31       608768    549684   7592020     93.25         0      2376   8816336     71.47   3861344   3483844         0       120
21:44:36       605456    546372   7595332     93.29         0      2376   8816336     71.47   3861332   3483844         0       120
21:44:41       596380    537296   7604408     93.40         0      2380   8816336     71.47   3861324   3483844         0       120
21:44:46       605208    546124   7595580     93.29         0      2388   8816336     71.47   3861412   3483848         0       120
21:44:51      1693000   1633920   6507784     79.93         0      2388   8816336     71.47   6244352     24072         0       120
21:44:56        55064     55064   8086640     99.32         0      2068   8816336     71.47   1454600   6437468         0       116
21:45:01        62940      3708   8137996     99.95         0      2088   8816336     71.47   1476568   6415568         0       120
21:45:06        62028      2796   8138908     99.97         0      2088   8816336     71.47   1476556   6415572         0       120
21:45:11        87196     27996   8113708     99.66         0      2188   8816336     71.47   2078508   5577856         0       120
21:45:16        68960      9784   8131920     99.88         0      2188   8816336     71.47   2085816   5570668         0       120
21:45:21        82616     23436   8118268     99.71         0      2188   8816336     71.47   2149148   5465188         0       120
21:45:26        76108     16932   8124772     99.79         0      2188   8816336     71.47   2149228   5465192         0       120
21:45:31        77760     18584   8123120     99.77         0      2188   8816336     71.47   2149176   5465192         0       120
21:45:36        67088      7912   8133792     99.90         0      2188   8816336     71.47   2149324   5451684         0       120
21:45:41        88292     29116   8112588     99.64         0      2188   8816336     71.47   2149184   5437288         0       120
21:45:46        97672     38496   8103208     99.53         0      2188   8816336     71.47   2134856   5437288         0       120
21:45:51        94432     35252   8106452     99.57         0      2188   8816336     71.47   2149076   5437284         0       120
21:45:56        65248      6068   8135636     99.93         0      2188   8816336     71.47   2153852   5432724         0       120
21:46:01        73164     13988   8127716     99.83         0      2188   8816336     71.47   2153816   5432576         0       120
21:46:06        83628     24452   8117252     99.70         0      2188   8816336     71.47   2145732   5432576         0       120
21:46:11        70400     11224   8130480     99.86         0      2188   8816336     71.47   2153928   5432576         0       120
21:46:16       162560    103384   8038320     98.73         0      2192   8816336     71.47   1799552   5646972         0       120
21:46:21       175140    115964   8025740     98.58         0      2192   8816336     71.47   2022736   5432580         0       120
21:46:26       211316    152140   7989564     98.13         0      2192   8816336     71.47   2022680   5432580         0       120
21:46:31        75588     16412   8125292     99.80         0      2192   8816336     71.47   2153872   5432580         0       120
21:46:36        81216     22040   8119664     99.73         0      2192   8816336     71.47   2153836   5432580         0       120
21:46:41        86244     27068   8114636     99.67         0      2192   8816336     71.47   2153952   5432576         0       120
21:46:46        85020     25844   8115860     99.68         0      2192   8816336     71.47   2153816   5432580         0       120
21:46:51        87944     28768   8112936     99.65         0      2192   8816336     71.47   2153844   5432580         0       120
21:46:56        81312     22136   8119568     99.73         0      2192   8816336     71.47   2153824   5432580         0       120
21:47:01        85796     26620   8115084     99.67         0      2192   8816336     71.47   2153840   5432580         0       120
21:47:06        88624     29448   8112256     99.64         0      2192   8816336     71.47   2153856   5432580         0       120
21:47:11       101928     42752   8098952     99.47         0      2192   8816336     71.47   2153900   5404672         0       120
21:47:16       102944     43768   8097936     99.46         0      2196   8816336     71.47   2153892   5404676         0       120
21:47:21        95524     36348   8105356     99.55         0      2196   8816336     71.47   2153696   5404676         0       120
21:47:26       151184     92056   8049648     98.87         0      2288   8816336     71.47   2153744   5349988         0       120
21:47:31       147328     88200   8053504     98.92         0      2288   8816336     71.47   2153852   5349988         0       120
21:47:36       152380     93252   8048452     98.85         0      2288   8816336     71.47   2137216   5349988         0       120
21:47:41       142776     83648   8058056     98.97         0      2288   8816336     71.47   2153636   5349988         0       120
21:47:46       143364     84232   8057472     98.97         0      2288   8816336     71.47   2153896   5349984         0       120
21:47:51       144812     85684   8056020     98.95         0      2288   8816336     71.47   2153900   5349988         0       120
21:47:56       139792     80664   8061040     99.01         0      2288   8816336     71.47   2153912   5349988         0       120
21:48:01       135572     76444   8065260     99.06         0      2288   8816336     71.47   2153944   5349988         0       120
21:48:06       140960     81832   8059872     98.99         0      2288   8816336     71.47   2153892   5349988         0       120
21:48:11       138296     79168   8062536     99.03         0      2288   8816336     71.47   2153780   5349988         0       120
21:48:16       139692     80560   8061144     99.01         0      2288   8816336     71.47   2153824   5349984         0       120
21:48:21       138540     79408   8062296     99.02         0      2288   8816336     71.47   2153884   5349984         0       120
21:48:26       189800    130668   8011036     98.40         0      2288   8816336     71.47   2058312   5349984         0       120
21:48:31       183268    124140   8017564     98.48         0      2296   8816336     71.47   2088344   5349988         0       120
21:48:36       118920     59792   8081912     99.27         0      2296   8816336     71.47   2153752   5349988         0       120
21:48:41       131308     72180   8069524     99.11         0      2296   8816336     71.47   2153924   5349988         0       120
21:48:46       133168     74040   8067664     99.09         0      2296   8816336     71.47   2153944   5349988         0       120
21:48:51       116516     57616   8084088     99.29         0      2296   8816336     71.47   2153808   5349988         0       120
21:48:56       110724     51596   8090108     99.37         0      2296   8816336     71.47   2153888   5349988         0       120
21:49:01       126180     67052   8074652     99.18         0      2296   8816336     71.47   2145004   5357056         0       120
21:49:06       121408     62280   8079424     99.24         0      2296   8816336     71.47   2153848   5349988         0       120
21:49:11      1611380   1552252   6589452     80.93         0      2296   8816336     71.47   2743672   3260372         0       120
21:49:16       128664     69536   8072168     99.15         0      2296   8816336     71.47   4243608   3260164         0       120
21:49:21       118548     59424   8082280     99.27         0      2300   8816336     71.47   4243616   3260168         0       120
21:49:26      1245412   1186288   6955416     85.43         0      2300   8816336     71.47   4017400   2374644         0       120
21:49:31       168656    109532   8032172     98.65         0      2300   8816336     71.47   5053672   2374648         0       120
21:49:36       154404     95280   8046424     98.83         0      2300   8816336     71.47   5020936   2374644         0       120
21:49:41       163032    103908   8037796     98.72         0      2300   8816336     71.47   5053556   2374644         0       120
21:49:46       156208     97084   8044620     98.81         0      2300   8816336     71.47   5053600   2374648         0       120
21:49:51       166372    107248   8034456     98.68         0      2304   8816336     71.47   5053620   2374648         0       120
21:49:56       176876    117752   8023952     98.55         0      2304   8816336     71.47   5053620   2374648         0       120
21:50:01       178008    118884   8022820     98.54         0      2304   8816336     71.47   5053696   2374648         0       120
21:50:06       164820    105696   8036008     98.70         0      2304   8816336     71.47   5053596   2374648         0       120
21:50:11       181476    122352   8019352     98.50         0      2304   8816336     71.47   5037252   2374648         0       120
21:50:16       176684    117560   8024144     98.56         0      2304   8816336     71.47   5053656   2374648         0       120
21:50:21       177416    118292   8023412     98.55         0      2304   8816336     71.47   5053492   2374648         0       120
21:50:26       160912    101788   8039916     98.75         0      2304   8816336     71.47   5053516   2374648         0       120
21:50:31       153976     94852   8046852     98.83         0      2304   8816336     71.47   5053572   2374648         0       120
21:50:36       152552     93428   8048276     98.85         0      2304   8816336     71.47   5053648   2374648         0       120
21:50:41       138060     78936   8062768     99.03         0      2304   8816336     71.47   5045384   2374648         0       120
21:50:46       150240     91116   8050588     98.88         0      2304   8816336     71.47   5053616   2374648         0       120
21:50:51       160584    101460   8040244     98.75         0      2304   8816336     71.47   5053660   2374648         0       120
21:50:56       155148     96024   8045680     98.82         0      2304   8816336     71.47   5053732   2374644         0       120
21:51:01       150816     91692   8050012     98.87         0      2304   8816336     71.47   5053792   2374644         0       120
21:51:06       147984     88860   8052844     98.91         0      2304   8816336     71.47   5053776   2374644         0       120
21:51:11       163632    104508   8037196     98.72         0      2304   8816336     71.47   5053768   2374648         0       120
21:51:16       158040     98916   8042788     98.79         0      2304   8816336     71.47   5053748   2374644         0       120
21:51:21       159396    100272   8041432     98.77         0      2304   8816336     71.47   5053752   2374648         0       120
21:51:26       161096    101972   8039732     98.75         0      2304   8816336     71.47   5053656   2374648         0       120
21:51:31       153900     94776   8046928     98.84         0      2304   8816336     71.47   5053672   2374648         0       120
21:51:36       161744    102620   8039084     98.74         0      2308   8816336     71.47   5053728   2374648         0       120
21:51:41       154812     95688   8046016     98.82         0      2308   8816336     71.47   5053684   2374644         0       120
21:51:46       134536     75412   8066292     99.07         0      2308   8816336     71.47   5053740   2374648         0       120
21:51:51       146784     87660   8054044     98.92         0      2308   8816336     71.47   5053684   2374648         0       120
21:51:56       158792     99668   8042036     98.78         0      2308   8816336     71.47   5053632   2374648         0       120
21:52:01       154872     95748   8045956     98.82         0      2308   8816336     71.47   5053672   2374648         0       120
21:52:06       137816     78692   8063012     99.03         0      2308   8816336     71.47   5053684   2374648         0       120
21:52:11       155532     96408   8045296     98.82         0      2316   8816336     71.47   5020956   2374644         0       120
21:52:16       141492     82368   8059336     98.99         0      2316   8816336     71.47   5053652   2374648         0       120
21:52:21       151096     91972   8049732     98.87         0      2320   8816336     71.47   5053712   2374648         0       120
21:52:26       360300    301176   7840528     96.30         0      2324   8816336     71.47   4791568   2374648         0       120
21:52:31       365684    306564   7835140     96.23         0      2324   8816336     71.47   4791524   2374652         0       120
21:52:36       366388    307268   7834436     96.23         0      2324   8816336     71.47   4791560   2374652         0       120
21:52:41       383632    324512   7817192     96.01         0      2324   8816336     71.47   4784520   2374652         0       120
21:52:46       384180    325060   7816644     96.01         0      2324   8816336     71.47   4790244   2374652         0       120
21:52:51       853540    794420   7347284     90.24         0      2324   8816336     71.47   4337372   2374652         0       120
21:52:56       403776    344656   7797048     95.77         0      2324   8816336     71.47   4800732   2374656         0       120
21:53:01       189092    129972   8011732     98.40         0      2324   8816336     71.47   5004064   2374656         0       120
21:53:06       153840     94720   8046984     98.84         0      2324   8816336     71.47   5053648   2374656         0       120
21:53:11       161284    102164   8039540     98.75         0      2324   8816336     71.47   5053596   2374656         0       120
21:53:16       157252     98132   8043572     98.79         0      2324   8816336     71.47   5053616   2374656         0       120
21:53:21       144040     84920   8056784     98.96         0      2324   8816336     71.47   5053612   2374656         0       120
21:53:26       153900     94780   8046924     98.84         0      2324   8816336     71.47   5053676   2374656         0       120
21:53:31       129052     69940   8071764     99.14         0      2324   8816336     71.47   5053428   2374672         0       120
21:53:36        50376     50376   8091328     99.38         0      1472   8816336     71.47    390600   6940596         0       120
21:53:41      3595904   3536372   4605332     56.56         0      1484   8816336     71.47    724852   3706136         0       120
21:53:46        49616     49616   8092088     99.39         0      1260   8816336     71.47    916448   7016524         0       112
21:53:51        72620     13376   8128328     99.84         0      2152   8816336     71.47    988364   6919164         0       112
21:53:56        88884     29584   8112120     99.64         0      2060   8816336     71.47   2153716   5728900         0       112
21:54:01        83112     23836   8117868     99.71         0      2052   8816336     71.47   2437140   5433600         0       120
21:54:06        77872     18600   8123104     99.77         0      2064   8816336     71.47   2420876   5433612         0       120
21:54:11       114888     55660   8086044     99.32         0      2148   8816336     71.47   2973724   4776420         0       120
21:54:16       109112     49988   8091716     99.39         0      2356   8816336     71.47   2974016   4776528         0       120
21:54:21       115664     56540   8085164     99.31         0      2356   8816336     71.47   2962676   4776528         0       120
21:54:26       101860     42736   8098968     99.48         0      2356   8816336     71.47   2973972   4776528         0       120
21:54:31       136684     77560   8064144     99.05         0      2356   8816336     71.47   2936968   4776528         0       120
21:54:36        95296     36172   8105532     99.56         0      2356   8816336     71.47   2974052   4776528         0       120
21:54:41        90872     31748   8109956     99.61         0      2356   8816336     71.47   2973920   4776528         0       120
21:54:46        91292     32164   8109540     99.60         0      2356   8816336     71.47   2941412   4776524         0       120
21:54:51        92396     33272   8108432     99.59         0      2356   8816336     71.47   2974076   4776528         0       120
21:54:56        78508     19404   8122300     99.76         0      2356   8816336     71.47   2978244   4776548         0       120
21:55:01        73364     14256   8127448     99.82         0      2360   8816336     71.47   2978276   4776544         0       120
21:55:06        79452     20348   8121356     99.75         0      2360   8816336     71.47   2978260   4776548         0       120
21:55:11        79308     20204   8121500     99.75         0      2360   8816336     71.47   2978384   4776548         0       120
21:55:16        67288      8296   8133408     99.90         0      2588   8816336     71.47   2978332   4776784         0       120
21:55:21        73388     14396   8127308     99.82         0      2588   8816336     71.47   2978300   4776784         0       120
21:55:26        67952      8960   8132744     99.89         0      2592   8816336     71.47   2978300   4776784         0       120
21:55:31        69980     10988   8130716     99.87         0      2592   8816336     71.47   2978340   4776784         0       120
21:55:36        79464     20472   8121232     99.75         0      2592   8816336     71.47   2978356   4776780         0       120
21:55:41        82648     23656   8118048     99.71         0      2592   8816336     71.47   2978256   4776784         0       120
21:55:46        63188      4196   8137508     99.95         0      2592   8816336     71.47   2978108   4776784         0       120
21:55:51        78728     19736   8121968     99.76         0      2592   8816336     71.47   2978228   4776784         0       120
21:55:56        71988     13000   8128704     99.84         0      2600   8816336     71.47   2978304   4776788         0       120
21:56:01        86516     27528   8114176     99.66         0      2600   8816336     71.47   2978256   4776788         0       120
21:56:06        85476     26492   8115212     99.67         0      2600   8816336     71.47   2978376   4748892         0       120
21:56:11        83344     24360   8117344     99.70         0      2600   8816336     71.47   2978308   4748892         0       120
21:56:16       133812     74828   8066876     99.08         0      2600   8816336     71.47   2922744   4744108         0       120
21:56:21        93832     34848   8106856     99.57         0      2600   8816336     71.47   2983192   4744020         0       120
21:56:26       134724     75740   8065964     99.07         0      2600   8816336     71.47   2936092   4744016         0       120
21:56:31       104380     45396   8096308     99.44         0      2600   8816336     71.47   2983204   4744016         0       120
21:56:36       233784    174800   7966904     97.85         0      2600   8816336     71.47   2852028   4744020         0       120
21:56:41       234420    175436   7966268     97.85         0      2600   8816336     71.47   2835728   4744020         0       120
21:56:46       352960    293976   7847728     96.39         0      2600   8816336     71.47   2739924   4744020         0       120
21:56:51       103912     44928   8096776     99.45         0      2600   8816336     71.47   2983152   4744020         0       120
21:56:56       103872     44888   8096816     99.45         0      2600   8816336     71.47   2983228   4744020         0       120
21:57:01       111620     52636   8089068     99.35         0      2600   8816336     71.47   2983292   4744020         0       120
21:57:06       114884     55900   8085804     99.31         0      2600   8816336     71.47   2983224   4744020         0       120
21:57:11       107508     48524   8093180     99.40         0      2600   8816336     71.47   2983140   4744020         0       120
21:57:16       108012     49028   8092676     99.40         0      2600   8816336     71.47   2983220   4744020         0       120
21:57:21       111924     52940   8088764     99.35         0      2600   8816336     71.47   2879840   4810596         0       120
21:57:26        73464     14480   8127224     99.82         0      2600   8816336     71.47   2983224   4744020         0       120
21:57:31        80500     21516   8120188     99.74         0      2600   8816336     71.47   2983224   4744020         0       120
21:57:36        80116     21136   8120568     99.74         0      2604   8816336     71.47   2983272   4744024         0       120
21:57:41        79308     20328   8121376     99.75         0      2604   8816336     71.47   2983216   4744024         0       120
21:57:46        90428     31448   8110256     99.61         0      2604   8816336     71.47   2983140   4744024         0       120
21:57:51        71104     12068   8129636     99.85         0      2464   8816336     71.47   3115564   4854160         0       116
21:57:56       166140    107108   8034596     98.68         0      2484   8816336     71.47   3412084   4398956         0       120
21:58:01        74840     15812   8125892     99.81         0      2484   8816336     71.47   3601756   4337188         0       120
21:58:06        81976     22948   8118756     99.72         0      2484   8816336     71.47   3601840   4337188         0       120
21:58:11        72908     13880   8127824     99.83         0      2488   8816336     71.47   3601884   4337192         0       120
21:58:16        82100     23072   8118632     99.72         0      2488   8816336     71.47   4663068   3251824         0       120
21:58:21        82548     23520   8118184     99.71         0      2488   8816336     71.47   4663156   3251824         0       120
21:58:26        64756      5728   8135976     99.93         0      2492   8816336     71.47   5173228   2745368         0       120
21:58:31        64640      5612   8136092     99.93         0      2492   8816336     71.47   5173152   2745368         0       120
21:58:36        70752     11724   8129980     99.86         0      2492   8816336     71.47   5173208   2745368         0       120
21:58:41        77104     18076   8123628     99.78         0      2492   8816336     71.47   5173320   2745364         0       120
21:58:46       205404    146376   7995328     98.20         0      2492   8816336     71.47   5025736   2745364         0       120
21:58:51       125668     66640   8075064     99.18         0      2492   8816336     71.47   5107788   2745364         0       120
21:58:56        85908     26880   8114824     99.67         0      2492   8816336     71.47   5173268   2745364         0       120
21:59:01        84880     25852   8115852     99.68         0      2492   8816336     71.47   5173264   2745368         0       120
21:59:06        91540     32512   8109192     99.60         0      2492   8816336     71.47   5173248   2745368         0       120
21:59:11        94608     35580   8106124     99.56         0      2492   8816336     71.47   5173220   2745368         0       120
21:59:16        96364     37336   8104368     99.54         0      2492   8816336     71.47   5173236   2745368         0       120
21:59:21        98844     39816   8101888     99.51         0      2492   8816336     71.47   5173252   2745368         0       120
21:59:26       101132     42104   8099600     99.48         0      2492   8816336     71.47   5173236   2745368         0       120
21:59:31        83284     24256   8117448     99.70         0      2492   8816336     71.47   5173288   2745368         0       120
21:59:36        83644     24616   8117088     99.70         0      2492   8816336     71.47   5173216   2745372         0       120
21:59:41       100400     41372   8100332     99.49         0      2500   8816336     71.47   5173220   2745372         0       120
21:59:46        93300     34276   8107428     99.58         0      2500   8816336     71.47   5173180   2745376         0       120
21:59:51       112112     53088   8088616     99.35         0      2500   8816336     71.47   5138824   2745376         0       120
21:59:56        81400     22376   8119328     99.73         0      2500   8816336     71.47   5140496   2745376         0       120
22:00:01        89160     30132   8111572     99.63         0      2500   8816336     71.47   5173288   2745372         0       120
22:00:06        92812     33788   8107916     99.59         0      2500   8816336     71.47   5173240   2745376         0       120
22:00:11        97040     38012   8103692     99.53         0      2504   8816336     71.47   5173244   2745372         0       120
22:00:16       113300     54276   8087428     99.33         0      2504   8816336     71.47   5166404   2745376         0       120
22:00:21       106868     47844   8093860     99.41         0      2504   8816336     71.47   5173304   2745376         0       120
22:00:26        73116     14092   8127612     99.83         0      2504   8816336     71.47   5227308   2691284         0       120
22:00:31        80084     21060   8120644     99.74         0      2504   8816336     71.47   5227260   2691288         0       120
22:00:36        73284     14260   8127444     99.82         0      2504   8816336     71.47   5210892   2691288         0       120
22:00:41        68632      9608   8132096     99.88         0      2504   8816336     71.47   5227292   2691288         0       120
22:00:46        71556     12532   8129172     99.85         0      2504   8816336     71.47   5227240   2691288         0       120
22:00:51        81688     22664   8119040     99.72         0      2504   8816336     71.47   5227328   2691284         0       120
22:00:56        78836     19812   8121892     99.76         0      2504   8816336     71.47   5227352   2691288         0       120
22:01:01        88044     29020   8112684     99.64         0      2504   8816336     71.47   5227396   2691288         0       120
22:01:06        88060     29036   8112668     99.64         0      2504   8816336     71.47   5227364   2691288         0       120
22:01:11        92156     33132   8108572     99.59         0      2504   8816336     71.47   5227288   2691288         0       120
22:01:16        88628     29604   8112100     99.64         0      2504   8816336     71.47   5227416   2691284         0       120
22:01:21        97316     38292   8103412     99.53         0      2504   8816336     71.47   5227452   2691284         0       120
22:01:26        92652     33628   8108076     99.59         0      2504   8816336     71.47   5227368   2691284         0       120
22:01:31        95692     36672   8105032     99.55         0      2508   8816336     71.47   5227436   2691292         0       120
22:01:36        92068     33048   8108656     99.59         0      2508   8816336     71.47   5227444   2691292         0       120
22:01:41        85408     26384   8115320     99.68         0      2508   8816336     71.47   5224240   2691288         0       120
22:01:46        78716     19696   8122008     99.76         0      2508   8816336     71.47   5219168   2691292         0       120
22:01:51        81140     22120   8119584     99.73         0      2508   8816336     71.47   5227376   2691292         0       120
22:01:56        89964     30944   8110760     99.62         0      2508   8816336     71.47   5227408   2691292         0       120
22:02:01        82612     23592   8118112     99.71         0      2508   8816336     71.47   5227368   2691292         0       120
22:02:06        90556     31536   8110168     99.61         0      2508   8816336     71.47   5227376   2691292         0       120
22:02:11        79172     20148   8121556     99.75         0      2508   8816336     71.47   6929728    988720         0       120
22:02:16        87240     28220   8113484     99.65         0      2508   8816336     71.47   6930056    988692         0       120
22:02:21        90156     31136   8110568     99.62         0      2508   8816336     71.47   5798704   2075976         0       120
22:02:26        72964     13388   8128316     99.84         0      1516   8816336     71.47     46608   7807612         0       116
22:02:31       128772     69944   8071760     99.14         0      2988   8816336     71.47    269740   7502360         0       108
22:02:36        67224      8476   8133228     99.90         0      3072   8816336     71.47   1585756   6242596         0       108
22:02:41        56896     56896   8084808     99.30         0      3092   8816336     71.47   1585860   6242600         0       108
22:02:46        58676     58676   8083028     99.28         0      3228   8816336     71.47   2380044   5562844         0       116
22:02:51        80300     21628   8120076     99.73         0      3232   8816336     71.47   2379980   5534964         0       116
22:02:56        91272     32656   8109048     99.60         0      3340   8816336     71.47   2380092   5535036         0       116
22:03:01        95072     36456   8105248     99.55         0      3340   8816336     71.47   2384192   5530860         0       116
22:03:06        98524     39908   8101796     99.51         0      3340   8816336     71.47   2384252   5530860         0       116
22:03:11       108456     49840   8091864     99.39         0      3340   8816336     71.47   2367892   5530860         0       116
22:03:16       101528     42912   8098792     99.47         0      3340   8816336     71.47   2384268   5530860         0       116
22:03:21        83828     25212   8116492     99.69         0      3348   8816336     71.47   2386248   5530924         0       116
22:03:26        88872     30256   8111448     99.63         0      3348   8816336     71.47   2386348   5530948         0       116
22:03:31        75788     17172   8124532     99.79         0      3348   8816336     71.47   2386272   5530952         0       116
22:03:36        91512     32896   8108808     99.60         0      3348   8816336     71.47   2386244   5530952         0       116
22:03:41        79964     21348   8120356     99.74         0      3348   8816336     71.47   2386196   5530964         0       116
22:03:46        84300     25684   8116020     99.68         0      3348   8816336     71.47   2386288   5530964         0       116
22:03:51        60984      2368   8139336     99.97         0      3348   8816336     71.47   2386220   5530992         0       116
22:03:56        57044     57044   8084660     99.30         0      3348   8816336     71.47   2386300   5530996         0       116
22:04:01       112016     53404   8088300     99.34         0      3348   8816336     71.47   2320808   5530996         0       116
22:04:06        82736     24124   8117580     99.70         0      3348   8816336     71.47   2386248   5503092         0       116
22:04:11        83816     25204   8116500     99.69         0      3348   8816336     71.47   2386252   5503092         0       116
22:04:16        94552     35936   8105768     99.56         0      3348   8816336     71.47   2386392   5503088         0       116
22:04:21        99824     41212   8100492     99.49         0      3348   8816336     71.47   2386348   5503092         0       116
22:04:26       102572     43960   8097744     99.46         0      3348   8816336     71.47   2394180   5503356         0       116
22:04:31       105304     46692   8095012     99.43         0      3352   8816336     71.47   2394208   5503356         0       116
22:04:36       105588     46976   8094728     99.42         0      3352   8816336     71.47   2394276   5503356         0       116
22:04:41       446392    387780   7753924     95.24         0      3352   8816336     71.47   2037108   5503380         0       116
22:04:46        78188     19576   8122128     99.76         0      3356   8816336     71.47   2394272   5503380         0       116
22:04:51       126652     68040   8073664     99.16         0      3356   8816336     71.47   2394296   5457044         0       116
22:04:56       130000     71388   8070316     99.12         0      3356   8816336     71.47   2394216   5457048         0       116
22:05:01       135832     77220   8064484     99.05         0      3356   8816336     71.47   2394200   5457048         0       116
22:05:06       143048     84436   8057268     98.96         0      3356   8816336     71.47   2361512   5457048         0       116
22:05:11       143588     84976   8056728     98.96         0      3356   8816336     71.47   2394276   5457048         0       116
22:05:16       144072     85460   8056244     98.95         0      3356   8816336     71.47   2394252   5457048         0       116
22:05:21       143352     84740   8056964     98.96         0      3356   8816336     71.47   2394280   5457048         0       116
22:05:26       144004     85392   8056312     98.95         0      3360   8816336     71.47   2394224   5457048         0       116
22:05:31       143436     84824   8056880     98.96         0      3360   8816336     71.47   2394268   5457044         0       116
22:05:36       150836     92224   8049480     98.87         0      3360   8816336     71.47   2394188   5457048         0       116
22:05:41       152168     93556   8048148     98.85         0      3360   8816336     71.47   2386092   5457048         0       116
22:05:46       149640     91028   8050676     98.88         0      3360   8816336     71.47   2394244   5457048         0       116
22:05:51       147224     88612   8053092     98.91         0      3360   8816336     71.47   2394280   5457048         0       116
22:05:56       147576     88964   8052740     98.91         0      3360   8816336     71.47   2394204   5457048         0       116
22:06:01       151584     92972   8048732     98.86         0      3360   8816336     71.47   2394248   5457052         0       116
22:06:06       152088     93476   8048228     98.85         0      3360   8816336     71.47   2394352   5457052         0       116
22:06:11       152508     93896   8047808     98.85         0      3360   8816336     71.47   2394292   5457052         0       116
22:06:16       153012     94400   8047304     98.84         0      3360   8816336     71.47   2394272   5457052         0       116
22:06:21       155304     96692   8045012     98.81         0      3360   8816336     71.47   2394332   5457052         0       116
22:06:26       153360     94752   8046952     98.84         0      3360   8816336     71.47   2394248   5457056         0       116
22:06:31        57688     57688   8084016     99.29         0      3360   8816336     71.47   5856644   2120788         0       116
22:06:36       104908     45804   8095900     99.44         0      2396   8816336     71.47    265224   7649872         0       120
22:06:41        92344     33392   8108312     99.59         0      2800   8816336     71.47    396468   7519780         0       120
22:06:46        76720     17768   8123936     99.78         0      2800   8816336     71.47    396540   7519780         0       120
22:06:51        55420     55420   8086284     99.32         0      2800   8816336     71.47   1586728   6335848         0       120
22:06:56       150668     91764   8049940     98.87         0      2800   8816336     71.47   1455332   6335848         0       120
22:07:01       154296     95392   8046312     98.83         0      2800   8816336     71.47   1455552   6335848         0       120
22:07:06       192380    133476   8008228     98.36         0      2808   8816336     71.47   2109632   5668272         0       120
22:07:11       191128    132224   8009480     98.38         0      2808   8816336     71.47   2125992   5668272         0       120
22:07:16       140932     82028   8059676     98.99         0      2808   8816336     71.47   2257116   5589936         0       120
22:07:21       139792     80888   8060816     99.01         0      2808   8816336     71.47   2254920   5589932         0       120
22:07:26       146024     87120   8054584     98.93         0      2808   8816336     71.47   2257080   5589936         0       120
22:07:31       130772     71868   8069836     99.12         0      2808   8816336     71.47   2257152   5589936         0       120
22:07:36       139256     80352   8061352     99.01         0      2812   8816336     71.47   2257140   5589936         0       120
22:07:41       136824     77924   8063780     99.04         0      2812   8816336     71.47   2257096   5589940         0       120
22:07:46       136640     77740   8063964     99.05         0      2812   8816336     71.47   2272944   5590468         0       120
22:07:51       144796     85896   8055808     98.94         0      2812   8816336     71.47   2272928   5590468         0       120
22:07:56       136984     78080   8063624     99.04         0      2812   8816336     71.47   2272948   5590464         0       120
22:08:01       137312     78412   8063292     99.04         0      2816   8816336     71.47   2273000   5590468         0       120
22:08:06       143024     84124   8057580     98.97         0      2816   8816336     71.47   2272908   5590468         0       120
22:08:11       141436     82536   8059168     98.99         0      2816   8816336     71.47   2272920   5590468         0       120
22:08:16       142572     83672   8058032     98.97         0      2816   8816336     71.47   2272984   5590468         0       120
22:08:21       144480     85580   8056124     98.95         0      2816   8816336     71.47   2272928   5590468         0       120
22:08:26       146092     87192   8054512     98.93         0      2816   8816336     71.47   2272832   5590468         0       120
22:08:31       146884     87984   8053720     98.92         0      2816   8816336     71.47   2272852   5590468         0       120
22:08:36       144236     85336   8056368     98.95         0      2816   8816336     71.47   2272888   5590468         0       120
22:08:41       149248     90344   8051360     98.89         0      2816   8816336     71.47   2272948   5590464         0       120
22:08:46       150736     91836   8049868     98.87         0      2816   8816336     71.47   2272912   5590468         0       120
22:08:51       139760     80860   8060844     99.01         0      2816   8816336     71.47   2272996   5590468         0       120
22:08:56       147624     88724   8052980     98.91         0      2816   8816336     71.47   2272956   5590468         0       120
22:09:01      1143592   1084692   7057012     86.68         0      2816   8816336     71.47   1346584   5468240         0       120
22:09:06      1178972   1120068   7021636     86.24         0      2816   8816336     71.47   1346700   5468236         0       120
22:09:11      1233796   1174892   6966812     85.57         0      2816   8816336     71.47   1281200   5468236         0       120
22:09:16      1177972   1119072   7022632     86.26         0      2816   8816336     71.47   1346624   5468240         0       120
22:09:21      1179180   1120280   7021424     86.24         0      2816   8816336     71.47   1346640   5468240         0       120
22:09:26      1178916   1120016   7021688     86.24         0      2816   8816336     71.47   1346756   5468240         0       120
22:09:31      1186496   1127596   7014108     86.15         0      2816   8816336     71.47   1346648   5468240         0       120
22:09:36      1188044   1129144   7012560     86.13         0      2816   8816336     71.47   1338468   5468240         0       120
22:09:41      1297852   1238952   6902752     84.78         0      2816   8816336     71.47   1207892   5468240         0       120
22:09:46      1197240   1138340   7003364     86.02         0      2816   8816336     71.47   1346644   5468240         0       120
22:09:51      1194460   1135560   7006144     86.05         0      2816   8816336     71.47   1346660   5468240         0       120
22:09:56      1193744   1134844   7006860     86.06         0      2816   8816336     71.47   1346764   5468240         0       120
22:10:01      1197968   1139068   7002636     86.01         0      2816   8816336     71.47   1346716   5468240         0       120
22:10:06      1190932   1132032   7009672     86.10         0      2816   8816336     71.47   1346732   5468240         0       120
22:10:11      1197968   1139068   7002636     86.01         0      2816   8816336     71.47   1346784   5468240         0       120
22:10:16      1191060   1132160   7009544     86.09         0      2816   8816336     71.47   1346716   5468240         0       120
22:10:21      1204040   1145140   6996564     85.93         0      2816   8816336     71.47   1313956   5468240         0       120
22:10:26      1193048   1134148   7007556     86.07         0      2816   8816336     71.47   1346660   5468240         0       120
22:10:31      1192168   1133268   7008436     86.08         0      2816   8816336     71.47   1346692   5468240         0       120
22:10:36      1192356   1133452   7008252     86.08         0      2820   8816336     71.47   1346696   5468236         0       120
22:10:41      1191020   1132120   7009584     86.09         0      2824   8816336     71.47   1346648   5468240         0       120
22:10:46      1191596   1132696   7009008     86.09         0      2832   8816336     71.47   1346716   5468244         0       120
22:10:51       983924    925024   7216680     88.64         0      2832   8816336     71.47   1316012   5473948         0       120
22:10:56      1311644   1252744   6888960     84.61         0      2832   8816336     71.47   3113924   3565680         0       120
22:11:01      4344156   4285256   3856448     47.37         0      2832   8816336     71.47   3588028     19488         0       120
22:11:06       595144    536244   7605460     93.41         0      2832   8816336     71.47   7349116     19488         0       120
22:11:11        60476      1232   8140472     99.98         0      2668   8816336     71.47   4983028   2987844         0       120
22:11:16        66900      7856   8133848     99.90         0      2552   8816336     71.47   7160536    738160         0       120
22:11:21        72244     13204   8128500     99.84         0      2548   8816336     71.47   7212324    633584         0       120
22:11:26        73068     14024   8127680     99.83         0      2540   8816336     71.47   7327220    492688         0       120
22:11:31        74516     15476   8126228     99.81         0      2548   8816336     71.47   7397660    421808         0       120
22:11:36        85772     26748   8114956     99.67         0      2580   8816336     71.47   7406116    414768         0       120
22:11:41        85832     26804   8114900     99.67         0      2580   8816336     71.47   7406160    414764         0       120
22:11:46        91184     32156   8109548     99.61         0      2580   8816336     71.47   7406072    414764         0       120
22:11:51        81536     22512   8119192     99.72         0      2580   8816336     71.47   7406132    414768         0       120
22:11:56        75744     16744   8124960     99.79         0      2580   8816336     71.47   7406188    414804         0       120
22:12:01        72444     13444   8128260     99.83         0      2580   8816336     71.47   7405980    414804         0       120
22:12:06        71212     12212   8129492     99.85         0      2580   8816336     71.47   7406184    414804         0       120
22:12:11        88780     29760   8111944     99.63         0      2548   8816336     71.47   7406096    414728         0       120
22:12:16        75216     16200   8125504     99.80         0      2564   8816336     71.47   7406168    414736         0       120
22:12:21        78068     19052   8122652     99.77         0      2564   8816336     71.47   7406104    414736         0       120
22:12:26        70556     11540   8130164     99.86         0      2564   8816336     71.47   7406244    414732         0       120
22:12:31        79836     20824   8120880     99.74         0      2564   8816336     71.47   7406240    414740         0       120
22:12:36        85076     26064   8115640     99.68         0      2564   8816336     71.47   7406228    414740         0       120
22:12:41        90424     31412   8110292     99.61         0      2564   8816336     71.47   7406112    414740         0       120
22:12:46        95008     35996   8105708     99.56         0      2564   8816336     71.47   7406152    414740         0       120
22:12:51        97108     38096   8103608     99.53         0      2564   8816336     71.47   7406168    414740         0       120
22:12:56       105484     46472   8095232     99.43         0      2564   8816336     71.47   7373424    414740         0       120
22:13:01        91172     32156   8109548     99.61         0      2564   8816336     71.47   7405868    414736         0       120
22:13:06       102964     43952   8097752     99.46         0      2564   8816336     71.47   7406180    414740         0       120
22:13:11       103524     44512   8097192     99.45         0      2568   8816336     71.47   7406232    414740         0       120
22:13:16       104756     45744   8095960     99.44         0      2568   8816336     71.47   7406148    414740         0       120
22:13:21        94136     34388   8107316     99.58         0      1588   8816336     71.47     38528   7896784         0       112
22:13:26        92080     32740   8108964     99.60         0      2044   8816336     71.47    146324   7757280         0       112
22:13:31        64188      4932   8136772     99.94         0      2124   8816336     71.47    791420   7104184         0       112
22:13:36        71496     12304   8129400     99.85         0      2252   8816336     71.47    783220   7104308         0       112
22:13:41        97512     38284   8103420     99.53         0      2076   8816336     71.47   1060936   6808984         0       112
22:13:46       105720     46540   8095164     99.43         0      2180   8816336     71.47   1061092   6809044         0       112
22:13:51       109508     50340   8091364     99.38         0      2204   8816336     71.47   1061104   6809056         0       112
22:13:56       103976     44808   8096896     99.45         0      2204   8816336     71.47   1060992   6809056         0       112
22:14:01       104476     45308   8096396     99.44         0      2204   8816336     71.47   1060440   6809056         0       112
22:14:06       111084     51916   8089788     99.36         0      2204   8816336     71.47   1061096   6809056         0       112
22:14:11       111004     51836   8089868     99.36         0      2204   8816336     71.47   1066024   6804040         0       112
22:14:16       109444     50276   8091428     99.38         0      2204   8816336     71.47   1066256   6803872         0       112
22:14:21       135456     76288   8065416     99.06         0      2204   8816336     71.47   1000816   6803872         0       112
22:14:26       150364     91196   8050508     98.88         0      2204   8816336     71.47   1000828   6803872         0       112
22:14:31        85312     26144   8115560     99.68         0      2212   8816336     71.47   1066284   6803872         0       112
22:14:36        80980     21812   8119892     99.73         0      2212   8816336     71.47   1066380   6803872         0       112
22:14:41        68024      8860   8132844     99.89         0      2212   8816336     71.47   1066352   6803880         0       112
22:14:46       120216     61024   8080680     99.25         0      2156   8816336     71.47   1073240   6775908         0       112
22:14:51       119744     60552   8081152     99.26         0      2160   8816336     71.47   1074036   6775908         0       112
22:14:56       109348     50156   8091548     99.38         0      2160   8816336     71.47   1074140   6775908         0       112
22:15:01       109140     49948   8091756     99.39         0      2160   8816336     71.47   1074092   6775908         0       112
22:15:06       105420     46228   8095476     99.43         0      2160   8816336     71.47   1074020   6775908         0       112
22:15:11       116856     57660   8084044     99.29         0      2160   8816336     71.47   1074200   6775904         0       112
22:15:16       132592     73400   8068304     99.10         0      2160   8816336     71.47   1074204   6775908         0       112
22:15:21       137676     78484   8063220     99.04         0      2160   8816336     71.47   1074272   6775908         0       112
22:15:26       134012     74820   8066884     99.08         0      2160   8816336     71.47   1074204   6775908         0       112
22:15:31        62220      3048   8138656     99.96         0      2192   8947412     72.53   2197888   5713356         0       112
22:15:36       179984    120808   8020896     98.52         0      2196   8816336     71.47   2099564   5713352         0       112
22:15:41        96624     37448   8104256     99.54         0      2188   8816336     71.47   4196664   3702596         0       112
22:15:46       448392    389220   7752484     95.22         0      2200   8816336     71.47   3831848   3702600         0       112
22:15:51        71092     11920   8129784     99.85         0      2200   8816336     71.47   4196636   3702600         0       112
22:15:56        97112     37940   8103764     99.53         0      2200   8816336     71.47   4174524   3702600         0       112
22:16:01        74604     15432   8126272     99.81         0      2200   8816336     71.47   4196584   3702600         0       112
22:16:06        81840     22668   8119036     99.72         0      2200   8816336     71.47   4196600   3702600         0       112
22:16:11        83596     24424   8117280     99.70         0      2200   8816336     71.47   4180204   3702600         0       112
22:16:16        90188     31016   8110688     99.62         0      2200   8816336     71.47   4196592   3702600         0       112
22:16:21        92576     33404   8108300     99.59         0      2200   8816336     71.47   4196632   3702600         0       112
22:16:26        94168     34996   8106708     99.57         0      2200   8816336     71.47   4196584   3702600         0       112
22:16:31        95936     36764   8104940     99.55         0      2200   8816336     71.47   4196660   3702600         0       112
22:16:36        96592     37420   8104284     99.54         0      2200   8816336     71.47   4196652   3702600         0       112
22:16:41        96812     37640   8104064     99.54         0      2200   8816336     71.47   4196624   3702600         0       112
22:16:46        98484     39312   8102392     99.52         0      2204   8816336     71.47   4196584   3702600         0       112
22:16:51        95588     36412   8105292     99.55         0      2204   8816336     71.47   4196676   3702596         0       112
22:16:56        95416     36240   8105464     99.55         0      2204   8816336     71.47   4196644   3702596         0       112
22:17:01        98748     39576   8102128     99.51         0      2204   8816336     71.47   4196584   3702600         0       112
22:17:06        99792     40620   8101084     99.50         0      2204   8816336     71.47   4196620   3702600         0       112
22:17:11        99156     39980   8101724     99.51         0      2204   8816336     71.47   4196740   3702596         0       112
22:17:16        99752     40580   8101124     99.50         0      2204   8816336     71.47   4196684   3702600         0       112
22:17:21       208308    149136   7992568     98.17         0      2204   8816336     71.47   4065632   3702600         0       112
22:17:26       474232    415060   7726644     94.90         0      2204   8816336     71.47   3819860   3702600         0       112
22:17:31       268416    209244   7932460     97.43         0      2204   8816336     71.47   4030264   3702600         0       112
22:17:36       110136     50964   8090740     99.37         0      2204   8816336     71.47   4196612   3702600         0       112
22:17:41       109812     50640   8091064     99.38         0      2204   8816336     71.47   4196692   3702600         0       112
22:17:46        91400     32232   8109472     99.60         0      2204   8816336     71.47   4199304   3699856         0       112
22:17:51        74644     15476   8126228     99.81         0      2208   8816336     71.47   4199288   3699856         0       112
22:17:56        80772     21604   8120100     99.73         0      2208   8816336     71.47   4199328   3699856         0       112
22:18:01        70588     11420   8130284     99.86         0      2208   8816336     71.47   4199336   3699860         0       112
22:18:06        76268     17100   8124604     99.79         0      2208   8816336     71.47   4182332   3700316         0       112

Average:       195447    138959   8002745     98.29         4      6148   8795732     71.30   3624844   4094787         0       361
