Linux 7.2.0-rc5-virtme (virtme-ng) 	08/01/26 	_x86_64_	(12 CPU)

17:48:48     pgpgin/s pgpgout/s   fault/s  majflt/s  pgfree/s pgscank/s pgscand/s pgsteal/s  pgprom/s   pgdem/s
17:48:53         0.00      0.00 180695.03     18.49    727.83      0.00      0.00      0.00      0.00      0.00
17:48:58         0.00      0.00 133781.93     28.92    526.51      0.00      0.00      0.00      0.00      0.00
17:49:03         0.00      0.00  52672.20     29.80    844.60      0.00      0.00      0.00      0.00      0.00
17:49:08         0.00      0.00  26457.80     29.60    841.80      0.00      0.00      0.00      0.00      0.00
17:49:13       230.40  40664.00  13432.00    101.80  13556.80   8485.20   4420.20  25299.20      0.00      0.00
17:49:18        99.20  28211.20   6839.20     61.40   7370.40   5926.40   1126.40  14105.60      0.00      0.00
17:49:23         0.00  12134.40   3524.20     29.40   3939.80   2214.40    819.20   6067.20      0.00      0.00
17:49:28         0.00   6144.00   6809.80     29.60   7301.80   1497.60     38.40   3072.00      0.00      0.00
17:49:33         0.00   5632.00  10906.20     30.20  12116.80   1395.20     12.80   2816.00      0.00      0.00
17:49:38         0.00  10598.40   9653.00     24.60  11281.80   2214.40     25.60   4480.00      0.00      0.00
17:49:43         0.00  52428.80  22553.20      0.40  23103.40      0.00      0.00      0.00      0.00      0.00
17:49:48         0.00   7475.20  13930.60      0.40  15434.00   1868.80      0.00   3737.60      0.00      0.00
17:49:53         0.00  13107.20  13517.80      0.20  10749.20      0.00      0.00      0.00      0.00      0.00
17:49:58         0.00   9830.40   5325.20      0.00   5879.60      0.00      0.00      0.00      0.00      0.00
17:50:03         0.00      0.00  16029.60      0.00  15669.40      0.00      0.00      0.00      0.00      0.00
17:50:08         0.00      0.00  15793.80      0.00  36549.60      0.00      0.00      0.00      0.00      0.00
17:50:13         0.00      0.00  30090.40      0.20   5349.00      0.00      0.00      0.00      0.00      0.00
17:50:18         0.00   3276.80  35636.00      0.00  21939.00      0.00      0.00      0.00      0.00      0.00
17:50:23         0.00      0.00  11982.00      0.00  12022.80      0.00      0.00      0.00      0.00      0.00
17:50:28         0.00   1638.40  10240.20      0.00   9569.60      0.00      0.00      0.00      0.00      0.00
17:50:33         0.00      0.00  13517.20      0.00  10284.40      0.00      0.00      0.00      0.00      0.00
17:50:38         0.00      0.00  12289.00      0.00  11920.00      0.00      0.00      0.00      0.00      0.00
17:50:43         0.00      0.00   9063.00      0.00   9047.60      0.00      0.00      0.00      0.00      0.00
17:50:48         0.00      0.00  21711.60      0.00  21773.00      0.00      0.00      0.00      0.00      0.00
17:50:53         0.00      0.00  14745.80      0.00  14388.00      0.00      0.00      0.00      0.00      0.00
17:50:58         0.00      0.00   9011.20      0.00   8636.60      0.00      0.00      0.00      0.00      0.00
17:51:03         0.00      0.00   6144.20      0.00   4530.60      0.00      0.00      0.00      0.00      0.00
17:51:08         0.00      0.00  59932.40      0.00  67745.00      0.00      0.00      0.00      0.00      0.00
17:51:13         0.00   4915.20  95929.80      0.00  35936.80      0.00      0.00      0.00      0.00      0.00
17:51:18         0.00      0.00   6553.60      0.00   6172.20      0.00      0.00      0.00      0.00      0.00
17:51:23         0.00      0.00  29023.95      0.00  29104.19      0.00      0.00      0.00      0.00      0.00
17:51:28         0.00      0.00   5734.40      0.00   5348.80      0.00      0.00      0.00      0.00      0.00
17:51:33         0.00   1638.40   9421.00      0.00   9488.00      0.00      0.00      0.00      0.00      0.00
17:51:38         0.00   2654.40  10240.00      0.00   7976.80      0.00      0.00      0.00      0.00      0.00
17:51:43         0.00      0.00  13621.00      0.00  13565.00      0.00      0.00      0.00      0.00      0.00
17:51:48         0.00   3276.80   9420.80      0.00   9042.40      0.00      0.00      0.00      0.00      0.00
17:51:53         0.00      0.00  18432.20      0.00  18484.80      0.00      0.00      0.00      0.00      0.00
17:51:58         0.00      0.00  15974.60      0.00  15619.40      0.00      0.00      0.00      0.00      0.00
17:52:03         0.00  13107.20  10240.40      0.00  10323.20      0.00      0.00      0.00      0.00      0.00
17:52:08         0.00      0.00   5324.80      0.00   5349.60      0.00      0.00      0.00      0.00      0.00
17:52:13         0.00      0.00  16384.20      0.00  16029.40      0.00      0.00      0.00      0.00      0.00
17:52:18         0.80      0.00  34818.80      0.20  34907.40      0.00      0.00      0.00      0.00      0.00
17:52:23         0.00   4127.20   7372.80      0.00   7413.20      0.00      0.00      0.00      0.00      0.00
17:52:28         0.00      0.00  28262.40      0.00  28342.80      0.00      0.00      0.00      0.00      0.00
17:52:33         0.00      0.00   6144.00      0.00   6172.40      0.00      0.00      0.00      0.00      0.00
17:52:38         0.00   6553.60   8601.60      0.00   9056.40      0.00      0.00      0.00      0.00      0.00
17:52:43         0.00   1638.40  10240.20      0.00   9455.60      0.00      0.00      0.00      0.00      0.00
17:52:48         0.00      0.00  20070.40      0.00  13565.00      0.00      0.00      0.00      0.00      0.00
17:52:53         0.00      0.00  10241.20      0.00   9053.80      0.00      0.00      0.00      0.00      0.00
17:52:58         0.00      0.00  31539.20      0.00  18074.80      0.00      0.00      0.00      0.00      0.00
17:53:03         0.00      0.00  15155.40      0.00  15207.00      0.00      0.00      0.00      0.00      0.00
17:53:08         0.00   8272.00   9420.80      0.00   9891.80      0.00      0.00      0.00      0.00      0.00
17:53:13         0.00      0.00  21728.40      0.00 112061.60      0.00      0.00      0.00      0.00      0.00
17:53:18         0.00      0.00 152917.60      0.00  61580.00      0.00      0.00      0.00      0.00      0.00
17:53:23         0.00   8192.00  41713.20      0.00  41086.40      0.00      0.00      0.00      0.00      0.00
17:53:28         0.00      0.00  21626.60      0.00  19306.80      0.00      0.00      0.00      0.00      0.00
17:53:33         0.00      0.00  11059.20      0.00  10284.60      0.00      0.00      0.00      0.00      0.00
17:53:38         0.00      0.00  11878.60      0.00  10278.20      0.00      0.00      0.00      0.00      0.00
17:53:43         0.00      0.00  11059.20      0.00   9458.00      0.00      0.00      0.00      0.00      0.00
17:53:48         0.00      1.60   5943.40      0.00   6765.60  28684.80      0.00   2786.80      0.00      0.00
17:53:53         0.00  11315.20  18079.40      0.00  18705.80   2009.60      0.00   4019.20      0.00      0.00
17:53:58         0.00      0.00   9345.51      0.00   8618.96      0.00      0.00      0.00      0.00      0.00
17:54:03         0.00      0.00  18841.80      0.00  18895.60      0.00      0.00      0.00      0.00      0.00
17:54:08         0.00   3276.80  15564.80      0.00  15236.20      0.00      0.00      0.00      0.00      0.00
17:54:13         0.00   3276.80   8230.40      0.00   8748.20      0.00      0.00      0.00      0.00      0.00
17:54:18         0.00   1638.40   8563.20      0.00   5351.00      0.00      0.00      0.00      0.00      0.00
17:54:23         0.00   1638.40  10240.00      0.00  10283.80      0.00      0.00      0.00      0.00      0.00
17:54:28         0.00      0.00  38912.20      0.00  39011.80      0.00      0.00      0.00      0.00      0.00
17:54:33         0.00   3276.80  22118.40      0.00  21771.60      0.00      0.00      0.00      0.00      0.00
17:54:38         0.00   4729.60   9420.80      0.00   9050.60      0.00      0.00      0.00      0.00      0.00
17:54:43         0.00   6553.60  13516.80      0.00  13622.40      0.00      0.00      0.00      0.00      0.00
17:54:48         0.00      0.00   9011.20      0.00   8636.40      0.00      0.00      0.00      0.00      0.00
17:54:53         0.00      0.00   6144.00      0.00   6172.40      0.00      0.00      0.00      0.00      0.00
17:54:58         0.00      0.00  15155.20      0.00  15206.40      0.00      0.00      0.00      0.00      0.00
17:55:03         0.00      0.00  11468.80      0.00  11104.80      0.00      0.00      0.00      0.00      0.00
17:55:08         0.00      0.00  18432.20      0.00  18486.40      0.00      0.00      0.00      0.00      0.00
17:55:13         0.00  13107.20  15564.80      0.00  15203.80      0.00      0.00      0.00      0.00      0.00
17:55:18         0.00      0.00   8601.60      0.00   8636.40      0.00      0.00      0.00      0.00      0.00
17:55:23         0.00   1638.40   7782.40      0.00   7816.20      0.00      0.00      0.00      0.00      0.00
17:55:28         0.80      0.00  67586.40      0.20  67742.00      0.00      0.00      0.00      0.00      0.00
17:55:33         0.00   3276.80  31949.00      0.00  30910.80      0.00      0.00      0.00      0.00      0.00
17:55:38         0.00      0.00  22528.00      0.00  22596.20      0.00      0.00      0.00      0.00      0.00
17:55:43         0.00   1638.40   8601.60      0.00   9045.20      0.00      0.00      0.00      0.00      0.00
17:55:48         0.00      0.00  15155.20      0.00   7830.40      0.00      0.00      0.00      0.00      0.00
17:55:53         0.00      0.00   8601.60      0.00   7812.60      0.00      0.00      0.00      0.00      0.00
17:55:58         0.00   3276.80   6553.60      0.00   6169.80      0.00      0.00      0.00      0.00      0.00
17:56:03         0.00  13107.20  15155.20      0.00  15204.60      0.00      0.00      0.00      0.00      0.00
17:56:08         0.00      0.00  10240.00      0.00  10281.20      0.00      0.00      0.00      0.00      0.00
17:56:13         0.00   2076.80  19251.20      0.00  19312.60      0.00      0.00      0.00      0.00      0.00
17:56:18         0.00      0.00  15975.40      0.00  16031.20      0.00      0.00      0.00      0.00      0.00
17:56:23         0.00      0.00   5734.40      0.00   5760.20      0.00      0.00      0.00      0.00      0.00
17:56:28         0.00   1638.40   9011.20      0.00   8692.40      0.00      0.00      0.00      0.00      0.00
17:56:33         0.00   6553.60  11059.20      0.00  10690.40      0.00      0.00      0.00      0.00      0.00
17:56:38         0.00      0.00  38502.60      0.00  38189.00      0.00      0.00      0.00      0.00      0.00
17:56:43         0.00      0.00  12697.60      0.00   9459.20      0.00      0.00      0.00      0.00      0.00
17:56:48         0.00   1638.40  21709.00      0.00  20957.60      0.00      0.00      0.00      0.00      0.00
17:56:53         0.00      0.00  11878.40      0.00  11919.80      0.00      0.00      0.00      0.00      0.00
17:56:58         0.00   1638.40  10649.60      0.00  10700.80      0.00      0.00      0.00      0.00      0.00
17:57:03         0.00      0.00   5314.17      0.00   5338.92      0.00      0.00      0.00      0.00      0.00
17:57:08         0.00   6553.60  17203.20      0.00  16149.40      0.00      0.00      0.00      0.00      0.00
17:57:13         0.00   1638.40   9011.20      0.00   8224.60      0.00      0.00      0.00      0.00      0.00
17:57:18         0.00      0.00   7782.40      0.00   7817.60      0.00      0.00      0.00      0.00      0.00
17:57:23         0.00      0.00  41369.80      0.00  28343.60      0.00      0.00      0.00      0.00      0.00
17:57:28    103997.60    810.40   5749.20      7.80  30189.00  58440.60  29070.20  48818.40      0.00      0.00
17:57:33     11309.60  86680.80 310098.00      0.60 308402.80  47769.80  27446.60  47532.80      0.00      0.00
17:57:38         0.00  73188.00  75951.00      0.00  84107.00  73249.60 131524.00  36609.60      0.00      0.00
17:57:43         0.00  29608.80  40756.00      0.00  33094.60  28289.60  25453.00  39333.20      0.00      0.00
17:57:48         0.00  12977.60   8601.60      0.00   8385.40   3208.20     51.20   6488.80      0.00      0.00
17:57:53         0.00  49331.20  22118.60      0.00  22786.60   9441.20   2905.00  24665.60      0.00      0.00
17:57:58         0.00   5990.40  11878.40      0.00  13415.00   1497.60      0.00   2995.20      0.00      0.00
17:58:03         0.00      0.00  11469.20      0.00  11105.00      0.00      0.00      0.00      0.00      0.00
17:58:08         0.00      0.00   6144.00      0.00   5349.40      0.00      0.00      0.00      0.00      0.00
17:58:13         0.00   4915.20  10649.60      0.00   8665.80      0.00      0.00      0.00      0.00      0.00
17:58:18         0.80   4790.40  16794.60      0.20  16040.40      0.00      0.00      0.00      0.00      0.00
17:58:23         0.00   5580.80   5324.80      0.00   6332.40   1395.20      0.00   2790.40      0.00      0.00
17:58:28         0.00   1638.40  27443.20      0.00  23886.20      0.00      0.00      0.00      0.00      0.00
17:58:33         0.00      0.00  11878.40      0.00  11919.40      0.00      0.00      0.00      0.00      0.00
17:58:38         0.00      0.00  11059.20      0.00   9459.00      0.00      0.00      0.00      0.00      0.00
17:58:43         0.00      0.00   8109.40      0.00   8636.20      0.00      0.00      0.00      0.00      0.00
17:58:48         0.00      0.00  41042.80      0.00  39016.40      0.00      0.00      0.00      0.00      0.00
17:58:53         0.00   8192.00   8601.60      0.00   8858.40      0.00      0.00      0.00      0.00      0.00
17:58:58         0.00      0.00  18830.60      0.00  18897.80      0.00      0.00      0.00      0.00      0.00
17:59:03         0.00   1638.40  15166.20      0.00  15206.60      0.00      0.00      0.00      0.00      0.00
17:59:08         0.00      0.00   9420.80      0.00   8226.00      0.00      0.00      0.00      0.00      0.00
17:59:13         0.00   9830.40   7782.40      0.00   7821.60      0.00      0.00      0.00      0.00      0.00
17:59:18         0.00   5580.80  15155.20      0.00  16604.80   1395.20      0.00   2790.40      0.00      0.00
17:59:23         0.00      0.00   6963.20      0.00   5351.00      0.00      0.00      0.00      0.00      0.00
17:59:28         0.00      0.00   8601.60      0.00   8636.80      0.00      0.00      0.00      0.00      0.00
17:59:33         0.00      0.00  22118.40      0.00  22184.20      0.00      0.00      0.00      0.00      0.00
17:59:38         0.00      0.00  13516.80      0.00  13564.80      0.00      0.00      0.00      0.00      0.00
17:59:43         0.00   3276.80   9420.80      0.00   8634.40      0.00      0.00      0.00      0.00      0.00
17:59:48         1.60      0.00  61850.20      0.40  61584.40      0.00      0.00      0.00      0.00      0.00
17:59:53         0.00   3270.26  38425.55      0.00  38111.18      0.00      0.00      0.00      0.00      0.00
17:59:58         0.00      0.00  14336.00      0.00  11104.20      0.00      0.00      0.00      0.00      0.00
18:00:03         0.00  12134.40  18022.40      0.00  20108.00   1395.20      0.00   2790.40      0.00      0.00
18:00:08         0.00      0.00  15974.40      0.00  16030.20      0.00      0.00      0.00      0.00      0.00
18:00:13         0.00      0.00   9830.40      0.00   8636.60      0.00      0.00      0.00      0.00      0.00
18:00:18         0.00  16384.00   7782.40      0.00   7111.80      0.00      0.00      0.00      0.00      0.00
18:00:23         0.00      0.00  15974.40      0.00  16030.40      0.00      0.00      0.00      0.00      0.00
18:00:28         0.00      0.00   5734.40      0.00   4938.20      0.00      0.00      0.00      0.00      0.00
18:00:33         0.00   3276.80   9011.20      0.00   9055.60      0.00      0.00      0.00      0.00      0.00
18:00:38         0.00   6553.60  22528.00      0.00  22227.20      0.00      0.00      0.00      0.00      0.00
18:00:43         0.00      0.00  14336.00      0.00  13566.80      0.00      0.00      0.00      0.00      0.00
18:00:48         0.00      0.00   9420.80      0.00   8635.00      0.00      0.00      0.00      0.00      0.00
18:00:53         0.00   1638.40  10649.60      0.00   9468.00      0.00      0.00      0.00      0.00      0.00
18:00:58         0.00      0.00  38912.20      0.00  38189.20      0.00      0.00      0.00      0.00      0.00
18:01:03         0.00      0.00   8601.60      0.00   8637.80      0.00      0.00      0.00      0.00      0.00
18:01:08         0.00   1638.40  20889.60      0.00  20598.80      0.00      0.00      0.00      0.00      0.00
18:01:13         0.00   3276.80  14745.60      0.00  14834.80      0.00      0.00      0.00      0.00      0.00
18:01:18         0.00   6553.60   9420.80      0.00   9682.20      0.00      0.00      0.00      0.00      0.00
18:01:23         0.00      0.00   5324.80      0.00   5347.60      0.00      0.00      0.00      0.00      0.00
18:01:28         0.00      0.00  17612.80      0.00  16035.40      0.00      0.00      0.00      0.00      0.00
18:01:33         0.00      0.00   5734.40      0.00   5349.80      0.00      0.00      0.00      0.00      0.00
18:01:38         0.00      0.00  21811.80      0.00  22592.00      0.00      0.00      0.00      0.00      0.00
18:01:43         0.00      0.00   9317.80      0.00   8226.80      0.00      0.00      0.00      0.00      0.00
18:01:48         0.00      0.00  11468.80      0.00  11507.80      0.00      0.00      0.00      0.00      0.00
18:01:53       560.80   1638.40 116091.60    140.20 116172.80      0.00      0.00      0.00      0.00      0.00
18:01:58         0.00   3276.80  58323.40      0.00  57995.40      0.00      0.00      0.00      0.00      0.00
18:02:03         0.00   1638.40  43827.20      0.00  42308.00      0.00      0.00      0.00      0.00      0.00
18:02:08         0.00   1638.40   8601.60      0.00   8636.20      0.00      0.00      0.00      0.00      0.00
18:02:13         0.00   1638.40  18680.40      0.00   6197.00      0.00      0.00      0.00      0.00      0.00
18:02:18         0.00      0.00  18183.60      0.00  16853.40      0.00      0.00      0.00      0.00      0.00
18:02:23         0.00      0.00   8601.60      0.00   8225.80      0.00      0.00      0.00      0.00      0.00
18:02:28         0.00      0.00   5734.40      0.00   5760.20      0.00      0.00      0.00      0.00      0.00
18:02:33         0.00      0.00  15124.95      0.00  15176.45      0.00      0.00      0.00      0.00      0.00
18:02:38         0.00      0.00   7782.40      0.00   7817.00      0.00      0.00      0.00      0.00      0.00
18:02:43         0.00   1042.40  34816.00      0.00  21775.60      0.00      0.00      0.00      0.00      0.00
18:02:48         0.00      0.00   9830.40      0.00   9459.40      0.00      0.00      0.00      0.00      0.00
18:02:53         0.00      0.00  11878.40      0.00  11920.20      0.00      0.00      0.00      0.00      0.00
18:02:58         0.00   6553.60   8601.60      0.00   5467.80      0.00      0.00      0.00      0.00      0.00
18:03:03         0.00      0.00   7372.80      0.00   6995.20      0.00      0.00      0.00      0.00      0.00
18:03:08         0.00   3276.80  15155.20      0.00  15208.00      0.00      0.00      0.00      0.00      0.00
18:03:13         0.00  16384.00  37273.80      0.00  35765.20      0.00      0.00      0.00      0.00      0.00
18:03:18         0.00      0.00  20071.20      0.00  19310.60      0.00      0.00      0.00      0.00      0.00
18:03:23         0.00      0.00  17833.40      0.00  17675.20      0.00      0.00      0.00      0.00      0.00
18:03:28         0.00   1638.40   9200.20      0.00   8741.60      0.00      0.00      0.00      0.00      0.00
18:03:33         0.00   1638.40   4915.20      0.00   5348.40      0.00      0.00      0.00      0.00      0.00
18:03:38         0.00   3276.80   9420.80      0.00   9457.20      0.00      0.00      0.00      0.00      0.00
18:03:43         0.00      0.00  13107.20      0.00  11509.20      0.00      0.00      0.00      0.00      0.00
18:03:48         0.00      0.00  11059.20      0.00  11103.80      0.00      0.00      0.00      0.00      0.00
18:03:53         0.00      0.00  20207.20      0.00  21773.20      0.00      0.00      0.00      0.00      0.00
18:03:58         0.00      0.00  14199.20      0.00  12742.80      0.00      0.00      0.00      0.00      0.00
18:04:03         0.00      0.00   9011.20      0.00   6995.00      0.00      0.00      0.00      0.00      0.00
18:04:08         0.00      0.00  59801.80      0.00  59941.80      0.00      0.00      0.00      0.00      0.00
18:04:13         0.00   1638.40  15155.20      0.00  15617.40      0.00      0.00      0.00      0.00      0.00
18:04:18         0.00      0.00  35294.00      0.00  35727.00      0.00      0.00      0.00      0.00      0.00
18:04:23         0.00   4915.20  19182.80      0.00  18139.80      0.00      0.00      0.00      0.00      0.00
18:04:28         0.00  27852.80  15155.20      0.00  15293.00      0.00      0.00      0.00      0.00      0.00
18:04:33         0.00      0.00   7782.40      0.00   7816.20      0.00      0.00      0.00      0.00      0.00
18:04:38         0.00      0.00  11878.40      0.00   7403.20      0.00      0.00      0.00      0.00      0.00
18:04:43         0.00   1638.40   9420.80      0.00   9460.60      0.00      0.00      0.00      0.00      0.00
18:04:48         0.00      0.00  13516.80      0.00  11921.40      0.00      0.00      0.00      0.00      0.00
18:04:53         0.00   6553.60   8601.60      0.00   8632.20      0.00      0.00      0.00      0.00      0.00
18:04:58         0.00      0.00  20847.90      0.00  20912.57      0.00      0.00      0.00      0.00      0.00
18:05:03         0.00  14745.60  15155.20      0.00  14912.00      0.00      0.00      0.00      0.00      0.00
18:05:08         0.00      0.00   9011.20      0.00   9047.20      0.00      0.00      0.00      0.00      0.00
18:05:13         0.00   6553.60   5324.80      0.00   5371.40      0.00      0.00      0.00      0.00      0.00
18:05:18         0.00      0.00  24576.00      0.00  17675.60      0.00      0.00      0.00      0.00      0.00
18:05:23         0.00   1638.40   9011.20      0.00   8743.00      0.00      0.00      0.00      0.00      0.00
18:05:28         0.00  52428.80  73728.00      0.00  45810.20      0.00      0.00      0.00      0.00      0.00
18:05:33         0.00   3276.80  15155.20      0.00  16031.40      0.00      0.00      0.00      0.00      0.00
18:05:38         0.00      0.00   7782.40      0.00   7407.00      0.00      0.00      0.00      0.00      0.00
18:05:43         0.00      0.00   9011.20      0.00   8636.40      0.00      0.00      0.00      0.00      0.00
18:05:48         0.00      0.00   9011.20      0.00   8225.00      0.00      0.00      0.00      0.00      0.00
18:05:53         0.00      0.00  14336.00      0.00  12742.60      0.00      0.00      0.00      0.00      0.00
18:05:58         0.00      0.00  10240.00      0.00   8636.60      0.00      0.00      0.00      0.00      0.00
18:06:03         0.00      0.00  18002.80      0.00  20954.00      0.00      0.00      0.00      0.00      0.00
18:06:08         1.60     45.60 206380.20      0.40 190428.40  26721.60  22298.60     69.60      0.00      0.00
18:06:13    550644.00 605884.80 183856.40 137661.20 264035.00 136456.80  26108.40 303526.40      0.00      0.00
18:06:18     48698.40  93644.80 160618.20  12174.60  81933.20  19763.40   3648.60  46824.00      0.00      0.00
18:06:23         0.00  20377.60  16793.60      0.00  18252.00   1805.00     12.80   3635.60      0.00      0.00
18:06:28         0.00   7218.40  15508.40      0.00  37100.40   1396.20      0.00   2791.40      0.00      0.00
18:06:33         0.00      0.00  25861.40      0.00   5348.80      0.00      0.00      1.00      0.00      0.00
18:06:38         0.00   8299.20  33178.00      0.00  28934.40   1396.00     12.80   2816.80      0.00      0.00
18:06:43         0.00      0.00   6553.60      0.00   5349.00      0.00      0.00      0.80      0.00      0.00
18:06:48         0.00      0.00  11878.40      0.00  11105.20      0.00      0.00      0.00      0.00      0.00
18:06:53         0.00      0.00   8601.60      0.00   8636.20      0.00      0.00      0.00      0.00      0.00
18:06:58         0.00      0.00  13107.20      0.00  11920.20      0.00      0.00      0.00      0.00      0.00
18:07:03         0.00      0.00   9011.20      0.00   8636.20      0.00      0.00      0.00      0.00      0.00
18:07:08         0.00      0.00   6553.60      0.00   5349.20      0.00      0.00      0.00      0.00      0.00
18:07:13         0.00   6553.60  33997.60      0.00  30143.20      0.00      0.00      0.00      0.00      0.00
18:07:18         0.00      0.00   9011.20      0.00   8636.00      0.00      0.00      0.00      0.00      0.00
18:07:23         0.00      0.00   6144.00      0.00   6172.80      0.00      0.00      0.00      0.00      0.00
18:07:28         0.00      0.00  18432.00      0.00  15205.60      0.00      0.00      0.00      0.00      0.00
18:07:33         0.00  12134.40  33996.80      0.00  35479.60   1396.40      0.00   2791.60      0.00      0.00
18:07:38         0.00   3270.26   8175.65      0.00   7858.88      0.00      0.00      1.20      0.00      0.00
18:07:43         0.00      0.00  28262.40      0.00  28343.40      0.00      0.00      0.00      0.00      0.00
18:07:48         0.00   8192.00   6963.20      0.00   6195.80      0.00      0.00      0.00      0.00      0.00
18:07:53         0.00   2027.20  10177.00      0.00  10285.00      0.00      0.00      0.00      0.00      0.00
18:07:58         0.00      0.00   9483.80      0.00   9456.40      0.00      0.00      0.00      0.00      0.00
18:08:03         0.00  26214.40  11878.40      0.00  11916.20      0.00      0.00      0.00      0.00      0.00
18:08:08         0.00      0.00   9420.80      0.00   6182.20      0.00      0.00      0.00      0.00      0.00
18:08:13         0.00      0.00   5324.80      0.00   5347.40      0.00      0.00      0.00      0.00      0.00
18:08:18         0.00   1638.40  31948.80      0.00  30005.20      0.00      0.00      0.00      0.00      0.00
18:08:23         2.40      0.00   9421.40      0.60   8636.20      0.00      0.00      0.00      0.00      0.00
18:08:28         0.00      0.00  58573.00      0.00  57887.20      0.00      0.00      0.00      0.00      0.00
18:08:33         0.00      0.00  11878.40      0.00   8636.40      0.00      0.00      0.00      0.00      0.00
18:08:38         0.00      0.00  38912.00      0.00  38188.80      0.00      0.00      0.00      0.00      0.00
18:08:43         0.00      0.00  10987.40      0.00  11105.00      0.00      0.00      0.00      0.00      0.00
18:08:48         0.00   3276.80  21780.60      0.00  21359.40      0.00      0.00      0.00      0.00      0.00
18:08:53         0.00      0.00  13516.80      0.00  12741.80      0.00      0.00      0.00      0.00      0.00
18:08:58         0.00      0.00  11878.40      0.00   8226.40      0.00      0.00      0.00      0.00      0.00
18:09:03         0.00   1638.40   7424.40      0.00  10280.60      0.00      0.00      0.00      0.00      0.00
18:09:08         0.00      0.00  15513.20      0.00  12740.60      0.00      0.00      0.00      0.00      0.00
18:09:13         0.00   1638.40   8601.60      0.00   7001.40      0.00      0.00      0.00      0.00      0.00
18:09:18         0.00      0.00  19251.20      0.00  19309.60      0.00      0.00      0.00      0.00      0.00
18:09:23         0.00      0.00  22937.60      0.00  16441.00      0.00      0.00      0.00      0.00      0.00
18:09:28         0.00      0.00   6553.60      0.00   6171.80      0.00      0.00      0.00      0.00      0.00
18:09:33         0.00      0.00   8601.60      0.00   8225.20      0.00      0.00      0.00      0.00      0.00
18:09:38         0.00   1452.80   9420.80      0.00   9465.40      0.00      0.00      0.00      0.00      0.00
18:09:43         0.00      0.00  38092.80      0.00  38189.00      0.00      0.00      0.00      0.00      0.00
18:09:48         0.00   3276.80   9420.80      0.00   8750.00      0.00      0.00      0.00      0.00      0.00
18:09:53         0.00   3276.80  23756.80      0.00  23034.40      0.00      0.00      0.00      0.00      0.00
18:09:58         0.00      0.00  11878.40      0.00  11918.00      0.00      0.00      0.00      0.00      0.00
18:10:03         0.00   3276.80   9830.40      0.00   9472.00      0.00      0.00      0.00      0.00      0.00
18:10:08         0.00      0.00   5324.80      0.00   5348.80      0.00      0.00      0.00      0.00      0.00
18:10:13         0.00      0.00  18432.00      0.00  17264.60      0.00      0.00      0.00      0.00      0.00
18:10:18         0.00   7990.42  11854.69      0.00   8660.28      0.00      0.00      0.00      0.00      0.00
18:10:23         0.00   6553.60  31539.20      0.00  18510.40      0.00      0.00      0.00      0.00      0.00
18:10:28         0.00      0.00  15564.80      0.00  15618.20      0.00      0.00      0.00      0.00      0.00
18:10:33         0.00   5574.40 111821.00      0.00 113457.00   1396.40      0.00   2788.80      0.00      0.00
18:10:38         0.00      0.00 114278.40      0.00  65147.60      0.00      0.00      1.20      0.00      0.00
18:10:43         0.00      0.00   8601.60      0.00   8636.80      0.00      0.00      0.00      0.00      0.00
18:10:48         0.00   6553.60  38912.20      0.00  39431.80      0.00      0.00      0.00      0.00      0.00
18:10:53         0.00      0.00  10649.60      0.00   9871.60      0.00      0.00      0.00      0.00      0.00
18:10:58         0.00      0.00  35542.00      0.00  22599.40      0.00      0.00      0.00      0.00      0.00
18:11:03         0.00      0.00  11562.00      0.00  11508.20      0.00      0.00      0.00      0.00      0.00
18:11:08         0.00      0.00   8601.60      0.00   7812.00      0.00      0.00      0.00      0.00      0.00
18:11:13         0.00   1638.40   6144.00      0.00   6330.00      0.00      0.00      0.00      0.00      0.00
18:11:18         0.00   3276.80  17612.80      0.00  16960.40      0.00      0.00      0.00      0.00      0.00
18:11:23         0.00      0.00   9420.80      0.00   9459.20      0.00      0.00      0.00      0.00      0.00
18:11:28         0.00   4915.20  18432.00      0.00  18487.20      0.00      0.00      0.00      0.00      0.00
18:11:33         0.00      0.00  15974.40      0.00  15619.40      0.00      0.00      0.00      0.00      0.00
18:11:38         0.00      0.00   9830.40      0.00   9870.00      0.00      0.00      0.00      0.00      0.00
18:11:43         0.00      0.00   6553.60      0.00   6172.00      0.00      0.00      0.00      0.00      0.00
18:11:48         0.00      0.00  15155.20      0.00  13565.80      0.00      0.00      0.00      0.00      0.00
18:11:53         0.00      0.00  31539.20      0.00  31619.00      0.00      0.00      0.00      0.00      0.00
18:11:58         0.00      0.00   9830.40      0.00   9456.80      0.00      0.00      0.00      0.00      0.00
18:12:03         0.00   6060.80  20070.40      0.00  20157.80      0.00      0.00      0.00      0.00      0.00
18:12:08         0.00      0.00  16793.60      0.00  16029.60      0.00      0.00      0.00      0.00      0.00
18:12:13         0.00      0.00   8601.60      0.00   7817.40      0.00      0.00      0.00      0.00      0.00
18:12:18         0.00      0.00   6144.00      0.00   6172.00      0.00      0.00      0.00      0.00      0.00
18:12:23         0.00      0.00  15155.20      0.00  14385.60      0.00      0.00      0.00      0.00      0.00
18:12:28         0.00      0.00  10649.60      0.00  10281.60      0.00      0.00      0.00      0.00      0.00
18:12:33         0.00      0.00  19251.20      0.00  19308.60      0.00      0.00      0.00      0.00      0.00
18:12:38         0.00   3276.80  15155.20      0.00  15211.40      0.00      0.00      0.00      0.00      0.00
18:12:43         0.00      0.00   7782.40      0.00   6171.60      0.00      0.00      0.00      0.00      0.00
18:12:48         0.00   4915.20  63078.60      0.00  62406.80      0.00      0.00      0.00      0.00      0.00
18:12:53         0.00  26214.40  15564.80      0.00  15616.80      0.00      0.00      0.00      0.00      0.00
18:12:58         0.00      0.00  31539.20      0.00  31619.80      0.00      0.00      0.00      0.00      0.00
18:13:03         0.00   3276.80   9420.80      0.00   9457.60      0.00      0.00      0.00      0.00      0.00
18:13:08         0.00      0.00  20070.40      0.00  18486.20      0.00      0.00      0.00      0.00      0.00
18:13:13         0.00      0.00  18022.40      0.00  17675.60      0.00      0.00      0.00      0.00      0.00
18:13:18         0.00      0.00   8584.43      0.00   5345.71      0.00      0.00      0.00      0.00      0.00
18:13:23         0.00      0.00   5324.80      0.00   5348.80      0.00      0.00      0.00      0.00      0.00
18:13:28         0.00      0.00  16384.00      0.00  15207.80      0.00      0.00      0.00      0.00      0.00
18:13:33         0.00   1638.40  11059.20      0.00  10295.40      0.00      0.00      0.00      0.00      0.00
18:13:38         0.00      0.00  19251.20      0.00  19308.80      0.00      0.00      0.00      0.00      0.00
18:13:43         0.00  13107.20  13196.60      0.00  14503.80      0.00      0.00      0.00      0.00      0.00
18:13:48         0.00      0.00   8102.60      0.00   6172.40      0.00      0.00      0.00      0.00      0.00
18:13:53         0.00   3276.80   9011.20      0.00   8647.20      0.00      0.00      0.00      0.00      0.00
18:13:58         0.00  13107.20   9830.40      0.00   9866.20      0.00      0.00      0.00      0.00      0.00
18:14:03         0.00   1638.40  38912.00      0.00  39013.80      0.00      0.00      0.00      0.00      0.00
18:14:08         0.00      0.00   8601.60      0.00   8226.00      0.00      0.00      0.00      0.00      0.00
18:14:13         0.00   3276.80  19251.20      0.00  26667.00      0.00      0.00      0.00      0.00      0.00
18:14:18         0.00      0.00  20070.40      0.00  16849.80      0.00      0.00      0.00      0.00      0.00
18:14:23         0.00      0.00   6963.20      0.00   4532.60      0.00      0.00      0.00      0.00      0.00
18:14:28         0.00   6553.60   8601.60      0.00   8859.60      0.00      0.00      0.00      0.00      0.00
18:14:33         0.00      0.00  16384.00      0.00  16027.00      0.00      0.00      0.00      0.00      0.00
18:14:38         0.00      0.00   4915.20      0.00   4937.60      0.00      0.00      0.00      0.00      0.00
18:14:43         0.00      0.00  23347.20      0.00  23421.40      0.00      0.00      0.00      0.00      0.00
18:14:48         7.20      0.00 273344.80      1.80 188909.20      0.00      0.00      0.00      0.00      0.00
18:14:53         0.00   3395.20 325494.80      0.00 170077.80    932.80     37.60   1113.20      0.00      0.00
18:14:58         0.00   4088.00   9831.40      0.60   9573.20   3346.80      0.00    850.40      0.00      0.00
18:15:03         0.00      0.00   5736.60      1.80   5349.00      0.00      0.00      0.00      0.00      0.00
18:15:08         0.00  86758.40  43016.80      5.00  48270.60 150671.20 169419.20  60788.40      0.00      0.00
18:15:13         0.00    896.00   9421.80      0.00   9684.00    217.60      0.00    460.80      0.00      0.00
18:15:18        22.40  49766.40  18439.00      6.20  21838.80   7120.40   5324.80  24884.40      0.00      0.00
18:15:23       102.40  10891.20  17947.40     25.60  19815.40   1925.20      0.00   3808.00      0.00      0.00
18:15:28       204.00      0.00  10578.00     51.00   9884.20      0.00      0.00      0.00      0.00      0.00
18:15:33         8.00   3276.80   5861.00      2.00   5779.20      0.00      0.00      0.00      0.00      0.00
18:15:38         9.60      0.00  15158.20      2.40  15206.80      0.00      0.00      0.00      0.00      0.00
18:15:43         0.00      0.00   5325.00      0.00   5345.60      0.00      0.00      0.00      0.00      0.00
18:15:48         0.00   5547.20  23347.20      0.00  23983.60   1400.20      0.00   2774.80      0.00      0.00
18:15:53         0.00  13081.04  10628.74      0.00  10257.88      0.00      0.00      0.00      0.00      0.00
18:15:58         0.00      0.00  13926.80      0.00  12742.60      0.00      0.00      0.00      0.00      0.00
18:16:03         0.00      0.00   8601.80      0.00   8634.20      0.00      0.00      0.00      0.00      0.00
18:16:08         0.00   1636.00   6553.60      0.00   5369.40      0.00      0.00      0.00      0.00      0.00
18:16:13         0.00   1452.80  43009.00      0.00  43127.80      0.00      0.00      0.00      0.00      0.00
18:16:18         0.00      0.00   9421.00      0.00   8638.00      0.00      0.00      0.00      0.00      0.00
18:16:23         0.00      0.00  20074.40      0.00  18486.80      0.00      0.00      0.00      0.00      0.00
18:16:28         0.00      0.00  15155.80      0.00   8649.60      0.00      0.00      0.00      0.00      0.00
18:16:33         0.00      0.00  10240.00      0.00   9458.00      0.00      0.00      0.00      0.00      0.00
18:16:38         0.00      0.00   7372.80      0.00   6993.20      0.00      0.00      0.00      0.00      0.00
18:16:43         0.00      0.00  16384.20      0.00  15619.20      0.00      0.00      0.00      0.00      0.00
18:16:48         0.00   3091.20   5734.40      0.00   4944.60      0.00      0.00      0.00      0.00      0.00
18:16:53         0.00      0.00   9830.40      0.00   9459.40      0.00      0.00      0.00      0.00      0.00
18:16:58      1713.60      0.00  30329.80    428.40  28544.80      0.00      0.00      0.00      0.00      0.00
18:17:03         0.00   1638.40   5734.60      0.00   5354.80      0.00      0.00      0.00      0.00      0.00
18:17:08       820.00   6553.60   9626.00    205.00   9542.60      0.00      0.00      0.00      0.00      0.00
18:17:13         0.00  16076.80  57753.80      0.00  65165.60   4019.80      0.00   8039.60      0.00      0.00
18:17:18         2.40   6912.00  52430.80      0.80  44026.40   1707.40     25.60   3462.80      0.00      0.00
18:17:23         0.00      0.00  10240.20      0.00  13158.40      0.00      0.00      0.00      0.00      0.00
18:17:28         0.00      0.00  18841.80      0.00  18896.80      0.00      0.00      0.00      0.00      0.00
18:17:33         0.00      0.00  15155.20      0.00  15206.00      0.00      0.00      0.00      0.00      0.00
18:17:38         0.00      0.00   6144.00      0.00   5352.00      0.00      0.00      0.00      0.00      0.00
18:17:43         0.00      0.00   9011.20      0.00   8636.60      0.00      0.00      0.00      0.00      0.00
18:17:48         0.00      0.00  21708.80      0.00  16851.80      0.00      0.00      0.00      0.00      0.00
18:17:53         0.00   8192.00   6144.00      0.00   6707.20      0.00      0.00      0.00      0.00      0.00
18:17:58         0.00      0.00   8192.00      0.00   8224.40      0.00      0.00      0.00      0.00      0.00
18:18:03         0.00      0.00  22937.80      0.00  22185.80      0.00      0.00      0.00      0.00      0.00
18:18:08         0.00      0.00  13516.80      0.00  13564.80      0.00      0.00      0.00      0.00      0.00
18:18:13         0.00   1638.40  15155.20      0.00   9458.40      0.00      0.00      0.00      0.00      0.00
18:18:18         0.00      0.00   5734.40      0.00   5349.20      0.00      0.00      0.00      0.00      0.00
18:18:23         0.00      0.00  16384.00      0.00  16026.60      0.00      0.00      0.00      0.00      0.00
18:18:28         0.00   6553.60  36454.60      0.00  33704.20      0.00      0.00      0.00      0.00      0.00
18:18:33         0.00   3276.80   6111.00      0.00  18092.20      0.00      0.00      0.00      0.00      0.00
18:18:38         0.00      0.00  21332.40      0.00   9459.00      0.00      0.00      0.00      0.00      0.00
18:18:43         0.00      0.00  19251.20      0.00  11509.40      0.00      0.00      0.00      0.00      0.00
18:18:48      1637.60      0.00   9830.60    409.40   9649.60      0.00      0.00      0.00      0.00      0.00
18:18:53         0.00   1635.13  10219.56      0.00   9440.72      0.00      0.00      0.00      0.00      0.00
18:18:58         0.00      0.00  14336.00      0.00  12742.40      0.00      0.00      0.00      0.00      0.00
18:19:03         0.00   6633.60   8601.60      0.00   8659.60      0.00      0.00      0.00      0.00      0.00
18:19:08         0.80      0.00  52207.00      0.20 122039.60      0.00      0.00      0.00      0.00      0.00
18:19:13         0.00  13721.60  86647.80      0.00  16172.20   3405.60     25.60   6862.40      0.00      0.00
18:19:18         0.00   8038.40  10240.00      0.00  12290.40   2009.80      0.00   4019.60      0.00      0.00
18:19:23         0.00      0.00  13962.20      0.00  58298.80      0.00      0.00      0.00      0.00      0.00
18:19:28         0.00  14745.60  59765.80      0.00  15208.40      0.00      0.00      0.00      0.00      0.00
18:19:33         0.00   7219.20  32358.60      0.00  33835.00   1395.80      0.00   2791.60      0.00      0.00
18:19:38         0.00  21964.80  22937.60      0.00  23068.80   1395.80      0.00   2791.60      0.00      0.00
18:19:43         0.00      0.00   9420.80      0.00   9459.20      0.00      0.00      0.00      0.00      0.00
18:19:48         0.00  26214.40  11878.40      0.00  11916.80      0.00      0.00      0.00      0.00      0.00
18:19:53         0.00      0.00   8601.60      0.00   8635.60      0.00      0.00      0.00      0.00      0.00
18:19:58         0.00      0.00  10649.60      0.00   7816.60      0.00      0.00      0.00      0.00      0.00
18:20:03         0.00      0.00  15155.60      0.00  14793.80      0.00      0.00      0.00      0.00      0.00
18:20:08         0.00      0.00   9011.20      0.00   9050.00      0.00      0.00      0.00      0.00      0.00
18:20:13         0.00   1638.40  19251.20      0.00  17663.80      0.00      0.00      0.00      0.00      0.00
18:20:18         0.00      0.00  15974.40      0.00  16029.60      0.00      0.00      0.00      0.00      0.00
18:20:23         0.00   1024.00  10240.00      0.00  10282.80      0.00      0.00      0.00      0.00      0.00
18:20:28         0.00      0.00   5324.80      0.00   5348.40      0.00      0.00      0.00      0.00      0.00
18:20:33         0.00      0.00  15974.60      0.00  16029.20      0.00      0.00      0.00      0.00      0.00
18:20:38         0.00      0.00  33587.20      0.00  31208.40      0.00      0.00      0.00      0.00      0.00
18:20:43         0.00   1638.40  22528.00      0.00  22608.80      0.00      0.00      0.00      0.00      0.00
18:20:48         0.00      0.00  16384.20      0.00  16441.40      0.00      0.00      0.00      0.00      0.00
18:20:53         0.00      0.00   6144.00      0.00   6172.20      0.00      0.00      0.00      0.00      0.00
18:20:58         0.00      0.00   8601.60      0.00   8636.40      0.00      0.00      0.00      0.00      0.00
18:21:03         0.00      0.00   9830.40      0.00   9458.00      0.00      0.00      0.00      0.00      0.00
18:21:08         0.00      0.00  15155.40      0.00  13565.20      0.00      0.00      0.00      0.00      0.00
18:21:13         0.00   8304.80  11878.40      0.00   8648.60      0.00      0.00      0.00      0.00      0.00
18:21:18         0.00   1638.40  19251.20      0.00  18940.20      0.00      0.00      0.00      0.00      0.00
18:21:23         0.00      0.00  21299.20      0.00  14795.60      0.00      0.00      0.00      0.00      0.00
18:21:28         0.00   6553.60  10240.00      0.00   8835.80      0.00      0.00      0.00      0.00      0.00
18:21:33         0.00   1638.40   6963.20      0.00   6993.20      0.00      0.00      0.00      0.00      0.00
18:21:38         0.00      0.00  15124.95      0.00  15175.85      0.00      0.00      0.00      0.00      0.00
18:21:43         1.60      0.00  84787.80      0.40  84973.00      0.00      0.00      0.00      0.00      0.00
18:21:48         0.00   1638.40  22528.00      0.00  21885.20      0.00      0.00      0.00      0.00      0.00
18:21:53         0.00      0.00  17612.80      0.00  17675.00      0.00      0.00      0.00      0.00      0.00
18:21:58         0.00      0.00   5324.80      0.00   4527.20      0.00      0.00      0.00      0.00      0.00
18:22:03         0.00   6553.60   9830.40      0.00   9669.00      0.00      0.00      0.00      0.00      0.00
18:22:08         0.00      0.00   5324.80      0.00   5349.00      0.00      0.00      0.00      0.00      0.00
18:22:13         0.00      0.00  24576.00      0.00  16033.40      0.00      0.00      0.00      0.00      0.00
18:22:18         0.00      0.00   8601.60      0.00   8636.80      0.00      0.00      0.00      0.00      0.00
18:22:23         0.00      0.00  18432.20      0.00  18485.80      0.00      0.00      0.00      0.00      0.00
18:22:28         0.00   6060.80  16384.00      0.00  16055.00      0.00      0.00      0.00      0.00      0.00
18:22:33         0.00      0.00   5324.80      0.00   5349.20      0.00      0.00      0.00      0.00      0.00
18:22:38         0.00  13107.20  10611.80      0.00  10299.80      0.00      0.00      0.00      0.00      0.00
18:22:43         0.00   6553.60  20108.20      0.00  15357.80      0.00      0.00      0.00      0.00      0.00
18:22:48         0.00 106496.00  15868.60      0.00  31653.00      0.00      0.00      0.00      0.00      0.00
18:22:53         0.00      0.00  32216.00      0.00   8662.40      0.00      0.00      0.00      0.00      0.00
18:22:58         0.00      0.00  23186.00      0.00  16029.40      0.00      0.00      0.00      0.00      0.00
18:23:03         0.00      0.00   6963.20      0.00   6994.00      0.00      0.00      0.00      0.00      0.00
18:23:08         0.00      0.00   8601.60      0.00   8632.80      0.00      0.00      0.00      0.00      0.00
18:23:13         0.00   3276.80   5734.40      0.00   5759.40      0.00      0.00      0.00      0.00      0.00
18:23:18         0.00   6553.60  15155.20      0.00  14871.80      0.00      0.00      0.00      0.00      0.00
18:23:23         0.00      0.00  11468.80      0.00  11104.60      0.00      0.00      0.00      0.00      0.00
18:23:28         0.00   3276.80 124928.20      0.00 130059.80      0.00      0.00      0.00      0.00      0.00
18:23:33         2.40  14597.60 208354.00      0.60 246490.60  29825.20  53370.60   1556.40      0.00      0.00
18:23:38        16.80  59930.40  31631.60   3482.40  32181.20 135913.60 136683.60  52972.00      0.00      0.00
18:23:43         0.00  15692.80   6260.20      1.20  10896.60   3494.40    422.40   7859.20      0.00      0.00
18:23:48        14.40   8499.20  17620.40      3.80  18163.20   2112.00     12.80   4249.60      0.00      0.00
18:23:53         3.20  34662.40  57756.60      1.40  59212.60   8371.20    294.40  17331.20      0.00      0.00
18:23:58        20.76  40860.68  24127.54      5.19  22091.62   7686.43   5768.66  19613.17      0.00      0.00
18:24:03     95204.00  99048.80  58209.20  23801.20  63238.60  63251.80  78033.00  49884.40      0.00      0.00
18:24:08       410.40      0.00  13211.00    103.00  11954.40      0.00      0.00      0.00      0.00      0.00
18:24:13         0.00   1638.40  10650.20      0.20  10291.80      0.00      0.00      0.00      0.00      0.00
18:24:18         0.00   3276.80   6553.80      0.00   5356.40      0.00      0.00      0.00      0.00      0.00
18:24:23         1.60   4915.20  17613.80      0.40  16038.80      0.00      0.00      0.00      0.00      0.00
18:24:28         0.00      0.00   8601.80      0.00   8222.80      0.00      0.00      0.00      0.00      0.00
18:24:33         0.00  42300.00  21709.20      0.00  18905.60   8512.40   2062.60  21150.00      0.00      0.00
18:24:38         0.00  10752.00  21709.40      0.00  17484.40   2688.00      0.00   5376.00      0.00      0.00
18:24:43         0.00   1638.40   6144.40      0.00   6176.20      0.00      0.00      0.00      0.00      0.00
18:24:48         0.00   1638.40   8601.80      0.00   6995.40      0.00      0.00      0.00      0.00      0.00
18:24:53       104.80   6553.60  11905.20     26.20  11380.80      0.00      0.00      0.00      0.00      0.00
18:24:58         0.00   1638.40  12288.20      0.00  11948.00      0.00      0.00      0.00      0.00      0.00
18:25:03         0.00  13107.20  10993.40      0.00  21358.00      0.00      0.00      0.00      0.00      0.00
18:25:08        13.60      0.00  43490.40      4.60  32439.40      0.00      0.00      0.00      0.00      0.00
18:25:13         0.00  13107.20  15565.00      0.00  15203.20      0.00      0.00      0.00      0.00      0.00
18:25:18         0.00      0.00  11059.20      0.00   9459.40      0.00      0.00      0.00      0.00      0.00
18:25:23         0.00      0.00   6963.60      0.00   6173.20      0.00      0.00      0.00      0.00      0.00
18:25:28         0.00   6553.60  16384.20      0.00  16025.20      0.00      0.00      0.00      0.00      0.00
18:25:33         0.00   1638.40   4915.20      0.00   4935.80      0.00      0.00      0.00      0.00      0.00
18:25:38         0.00  14138.40  21708.80      0.00  21772.60      0.00      0.00      0.00      0.00      0.00
18:25:43         0.00      0.00  18022.60      0.00  17674.80      0.00      0.00      0.00      0.00      0.00
18:25:48         0.00      0.00   5324.80      0.00   5347.80      0.00      0.00      0.00      0.00      0.00
18:25:53         0.00      0.00   9421.20      0.00   9048.80      0.00      0.00      0.00      0.00      0.00
18:25:58         0.00      0.00  17203.20      0.00  15207.20      0.00      0.00      0.00      0.00      0.00
18:26:03         0.00      0.00  61440.00      0.00  59815.00      0.00      0.00      0.00      0.00      0.00
18:26:08         0.00  52428.80   9011.20      0.00  16980.00      0.00      0.00      0.00      0.00      0.00
18:26:13         0.00      0.00  47513.60      0.00  42927.80      0.00      0.00      0.00      0.00      0.00
18:26:18         0.00   8192.00  15155.20      0.00  15321.40      0.00      0.00      0.00      0.00      0.00
18:26:23         0.00      0.00  11878.40      0.00  10281.00      0.00      0.00      0.00      0.00      0.00
18:26:28         0.00      0.00   6144.00      0.00   6171.80      0.00      0.00      0.00      0.00      0.00
18:26:33         0.00      0.00  15974.80      0.00  15206.60      0.00      0.00      0.00      0.00      0.00
18:26:38         0.00   6540.52   7378.84      0.00   9063.27      0.00      0.00      0.00      0.00      0.00
18:26:43         0.00      0.00  13386.77      0.00  17702.61      0.00      0.00      0.00      0.00      0.00
18:26:48         0.00   3270.26  26298.20      0.00  11093.41      0.00      0.00      0.00      0.00      0.00
18:26:53         0.00      0.00   5324.80      0.00   5349.40      0.00      0.00      0.00      0.00      0.00
18:26:58         0.00      0.00   9011.20      0.00   8636.40      0.00      0.00      0.00      0.00      0.00
18:27:03         0.00      0.00  15974.60      0.00  16029.20      0.00      0.00      0.00      0.00      0.00
18:27:08         0.00      0.00   5324.80      0.00   5349.60      0.00      0.00      0.00      0.00      0.00
18:27:13         0.00  13107.20  10649.60      0.00  11600.00      0.00      0.00      0.00      0.00      0.00
18:27:18         0.00      0.00  31539.40      0.00  32142.60      0.00      0.00      0.00      0.00      0.00
18:27:23      3228.00   9336.00  31937.00    807.00  29414.40   1587.20      0.00   3031.20      0.00      0.00
18:27:28         0.00      0.00   8601.60      0.00   8636.20      0.00      0.00      0.00      0.00      0.00
18:27:33         0.00      0.00  10649.60      0.00   7817.80      0.00      0.00      0.00      0.00      0.00
18:27:38         0.00   6060.80  15155.40      0.00  15232.60      0.00      0.00      0.00      0.00      0.00
18:27:43         0.00      0.00   6144.00      0.00   5347.80      0.00      0.00      0.00      0.00      0.00
18:27:48     44292.00  24084.80 130009.40  11073.00 123516.60   7167.40    509.80  11224.80      0.00      0.00
18:27:53         0.00  12851.20  28263.00      0.20  30338.40   2790.40     12.80   5606.40      0.00      0.00
18:27:58         0.00      0.00   8192.00      0.00   6996.20      0.00      0.00      0.00      0.00      0.00
18:28:03         0.00   6553.60   8601.60      0.00   8632.80      0.00      0.00      0.00      0.00      0.00
18:28:08         0.00      0.00   7881.60      0.00  12741.40      0.00      0.00      0.00      0.00      0.00
18:28:13         0.00   3276.80  65846.40      0.00  70111.80      0.00      0.00      0.00      0.00      0.00
18:28:18         0.00      0.00  10649.80      0.00  10281.80      0.00      0.00      0.00      0.00      0.00
18:28:23         0.00   5569.60  32768.20      0.00  33415.00   3063.40      0.00   2784.80      0.00      0.00
18:28:28         0.00      0.00  28262.40      0.00  28343.80      0.00      0.00      0.00      0.00      0.00
18:28:33         0.00   1452.80   9420.80      0.00   9054.80      0.00      0.00      0.00      0.00      0.00
18:28:38         0.00      0.00   5324.80      0.00   5349.00      0.00      0.00      0.00      0.00      0.00
18:28:43         0.00  26214.40  16286.20      0.00  17667.80      0.00      0.00      0.00      0.00      0.00
18:28:48         0.00      0.00   6651.40      0.00   5349.20      0.00      0.00      0.00      0.00      0.00
18:28:53         0.00  13399.20   9420.80      0.00   8008.00   2255.00     12.80   3430.00      0.00      0.00
18:28:58         0.00   7219.20  21708.80      0.00  23165.60   1395.20      0.00   2790.40      0.00      0.00
18:29:03         0.00      0.00  13516.80      0.00  13564.60      0.00      0.00      0.00      0.00      0.00
18:29:08       483.20      0.00   9541.60    120.80   9105.40      0.00      0.00      0.00      0.00      0.00
18:29:13         0.00      0.00   7372.80      0.00   5349.60      0.00      0.00      0.00      0.00      0.00
18:29:18         0.00   4915.20  15974.80      0.00  15318.00      0.00      0.00      0.00      0.00      0.00
18:29:23         0.00   4915.20   8601.60      0.00   8663.20      0.00      0.00      0.00      0.00      0.00
18:29:28         0.80      0.00  42984.60      0.20  47223.00      0.00      0.00      0.00      0.00      0.00
18:29:33         0.00      0.00  18827.94      0.00  14766.27      0.00      0.00      0.00      0.00      0.00
18:29:38         0.00      0.00   9642.28      0.00   8653.71      0.00      0.00      0.00      0.00      0.00
18:29:43         0.00      0.00   6747.50      0.00   6158.28      0.00      0.00      0.00      0.00      0.00
18:29:48         0.00      0.00  11428.60      0.00  16425.80      0.00      0.00      0.00      0.00      0.00
18:29:53         0.00      0.00  12737.80      0.00   6183.20      0.00      0.00      0.00      0.00      0.00
18:29:58         0.00   3276.80   8601.60      0.00   6998.00      0.00      0.00      0.00      0.00      0.00
18:30:03         0.00      0.00  19251.40      0.00  19308.40      0.00      0.00      0.00      0.00      0.00
18:30:08         0.00      0.00  15155.20      0.00  14793.60      0.00      0.00      0.00      0.00      0.00
18:30:13         0.00      0.00  11059.20      0.00  11104.80      0.00      0.00      0.00      0.00      0.00
18:30:18         0.00      0.00  61889.20      0.00  62545.80      0.00      0.00      0.00      0.00      0.00
18:30:23         0.00      0.00  64677.60      0.00  15202.40      0.00      0.00      0.00      0.00      0.00
18:30:28         0.00      0.00   9830.40      0.00   9052.20      0.00      0.00      0.00      0.00      0.00
18:30:33         0.00      0.00  44646.40      0.00  44760.40      0.00      0.00      0.00      0.00      0.00
18:30:38         0.00  29491.20  18022.40      0.00  16437.80      0.00      0.00      0.00      0.00      0.00
18:30:43         0.00      0.00   5324.80      0.00   5348.80      0.00      0.00      0.00      0.00      0.00
18:30:48         0.00   1638.40   9099.00      0.00   9464.80      0.00      0.00      0.00      0.00      0.00
18:30:53         0.00      0.00  15886.80      0.00  15206.80      0.00      0.00      0.00      0.00      0.00
18:30:58         0.00   9830.40   6963.20      0.00   7051.00      0.00      0.00      0.00      0.00      0.00
18:31:03         0.00   3276.80   9420.80      0.00   9520.00      0.00      0.00      0.00      0.00      0.00
18:31:08         0.00      0.00  18432.20      0.00  18075.20      0.00      0.00      0.00      0.00      0.00
18:31:13         0.00      0.00  15565.00      0.00  15617.80      0.00      0.00      0.00      0.00      0.00
18:31:18         0.00  18688.00  10240.00      0.00  12957.00   1395.20      0.00   2790.40      0.00      0.00
18:31:23         0.00      0.00   6144.00      0.00   6172.00      0.00      0.00      0.00      0.00      0.00
18:31:28         0.00      0.00  15155.40      0.00  15207.20      0.00      0.00      0.00      0.00      0.00
18:31:33         0.00   8192.00  13107.20      0.00   9064.20      0.00      0.00      0.00      0.00      0.00
18:31:38         0.00      0.00  47923.60      0.00  45578.20      0.00      0.00      0.00      0.00      0.00
18:31:43         0.00      0.00  16793.60      0.00  16852.20      0.00      0.00      0.00      0.00      0.00
18:31:48         0.00      0.00   6144.00      0.00   5350.40      0.00      0.00      0.00      0.00      0.00
18:31:53         0.00      0.00   8601.60      0.00   7815.20      0.00      0.00      0.00      0.00      0.00
18:31:58         0.00      0.00  15974.40      0.00  16029.60      0.00      0.00      0.00      0.00      0.00
18:32:03         0.00   3276.80   6963.20      0.00   7008.00      0.00      0.00      0.00      0.00      0.00
18:32:08         7.20      0.00 113462.20      1.80 113703.80      0.00      0.00      0.00      0.00      0.00
18:32:13        10.40  33886.40 214891.40      2.60 205424.00  14147.20   2785.00  16967.20      0.00      0.00
18:32:18    352953.60 403316.00 175671.80 146436.80 175421.80 167626.00  41735.80 320570.80      0.00      0.00
18:32:23     18547.20  28646.40  16711.00   7290.00  20098.20  11299.60   1187.20  19237.60      0.00      0.00
18:32:28         1.60   1638.40  59392.80      0.40  59117.80      0.00      0.00      0.00      0.00      0.00
18:32:33         0.00  11315.20  15974.40      0.00  17218.00   2791.60     38.40   5660.00      0.00      0.00
18:32:38         0.00   3915.20  12798.20      0.00  10681.00  11706.20  11449.20    298.40      0.00      0.00
18:32:43         0.00  52277.84  42413.17      0.00  43215.17  37692.81  24431.34  38347.31      0.00      0.00
18:32:48         0.00      0.00  21299.20      0.00  16851.40      0.00      0.00      0.00      0.00      0.00
18:32:53         0.00   1638.40   5324.80      0.00   5758.00      0.00      0.00      0.00      0.00      0.00
18:32:58         0.00      0.00   9420.80      0.00   9458.80      0.00      0.00      0.00      0.00      0.00
18:33:03         0.00   1638.40  11878.60      0.00  11151.20      0.00      0.00      0.00      0.00      0.00
18:33:08         0.00      0.00   9420.80      0.00   9459.00      0.00      0.00      0.00      0.00      0.00
18:33:13         0.00      0.00  10240.00      0.00   9460.80      0.00      0.00      0.00      0.00      0.00
18:33:18         0.80   3152.00  19661.00      0.20  19322.00      0.00      0.00      0.00      0.00      0.00
18:33:23         0.00      0.00  15974.40      0.00  15207.00      0.00      0.00      0.00      0.00      0.00
18:33:28         0.00      0.00  11878.60      0.00   8636.20      0.00      0.00      0.00      0.00      0.00
18:33:33         0.00   6553.60   5734.40      0.00   5757.00      0.00      0.00      0.00      0.00      0.00
18:33:38         0.00      0.00  17613.00      0.00  16852.00      0.00      0.00      0.00      0.00      0.00
18:33:43         8.00      0.00  32626.00      2.00  32031.60      0.00      0.00      0.00      0.00      0.00
18:33:48         0.00  12720.80  22262.60      0.00  24191.40   2792.00      0.00   5584.00      0.00      0.00
18:33:53         0.00  13107.20  16384.00      0.00  16479.80      0.00      0.00      0.00      0.00      0.00
18:33:58         0.00      0.00   7372.80      0.00   6994.20      0.00      0.00      0.00      0.00      0.00
18:34:03         0.00      0.00   9420.80      0.00   6183.40      0.00      0.00      0.00      0.00      0.00
18:34:08         0.00      0.00   8921.80      0.00  11507.40      0.00      0.00      0.00      0.00      0.00
18:34:13         0.00  13107.20  12611.40      0.00   9908.80      0.00      0.00      0.00      0.00      0.00
18:34:18        25.60   6553.60  10429.00      6.40  10282.20      0.00      0.00      0.00      0.00      0.00
18:34:23         0.00  52428.80  18841.60      0.00  18176.60      0.00      0.00      0.00      0.00      0.00
18:34:28         0.00   6553.60  15974.40      0.00  15432.20      0.00      0.00      0.00      0.00      0.00
18:34:33         0.00   3276.80   6144.00      0.00   5347.20      0.00      0.00      0.00      0.00      0.00
18:34:38         8.00   4915.20  63490.80      2.00  61609.40      0.00      0.00      0.00      0.00      0.00
18:34:43         0.00      0.00  18432.00      0.00  16852.20      0.00      0.00      0.00      0.00      0.00
18:34:48         0.00      0.00   6963.20      0.00   5349.20      0.00      0.00      0.00      0.00      0.00
18:34:53         0.00  16384.00  48742.60      0.00  48915.20      0.00      0.00      0.00      0.00      0.00
18:34:58         0.00      0.00  12879.80      0.00  15204.20      0.00      0.00      0.00      0.00      0.00
18:35:03         0.00      0.00  10057.80      0.00   7407.00      0.00      0.00      0.00      0.00      0.00
18:35:08         0.00      0.00   9011.20      0.00   6582.80      0.00      0.00      0.00      0.00      0.00
18:35:13         0.00      0.00   6144.00      0.00   6172.00      0.00      0.00      0.00      0.00      0.00
18:35:18         0.00  13107.20  15155.20      0.00  15206.20      0.00      0.00      0.00      0.00      0.00
18:35:23         0.00   3276.80   6144.00      0.00   6170.40      0.00      0.00      0.00      0.00      0.00
18:35:28         0.00  13081.04  23300.60      0.00  23366.67      0.00      0.00      0.00      0.00      0.00
18:35:33         0.00      0.00  15155.20      0.00  15206.40      0.00      0.00      0.00      0.00      0.00
18:35:38         0.00   1638.40   6144.00      0.00   6227.00      0.00      0.00      0.00      0.00      0.00
18:35:43         0.00      0.00   8601.60      0.00   8226.20      0.00      0.00      0.00      0.00      0.00
18:35:48         0.00      0.00  15974.40      0.00  14795.80      0.00      0.00      0.00      0.00      0.00
18:35:53         0.80      0.00  21456.60      0.20  35086.20      0.00      0.00      0.00      0.00      0.00
18:35:58         0.00      0.00  35068.60      0.00  22595.00      0.00      0.00      0.00      0.00      0.00
18:36:03         0.00      0.00  18432.20      0.00  11920.40      0.00      0.00      0.00      0.00      0.00
18:36:08         0.00      0.00   8601.60      0.00   8636.60      0.00      0.00      0.00      0.00      0.00
18:36:13         0.00      0.00  12288.00      0.00  11104.00      0.00      0.00      0.00      0.00      0.00
18:36:18         0.00   4915.20   5324.80      0.00   5023.40      0.00      0.00      0.00      0.00      0.00
18:36:23         0.00      0.00  18841.60      0.00  15618.40      0.00      0.00      0.00      0.00      0.00
18:36:28      1713.60      0.00 110183.00      0.40 117481.80      0.00      0.00      0.00      0.00      0.00
18:36:33         0.00      0.00  24166.60      0.00  24241.80      0.00      0.00      0.00      0.00      0.00
18:36:38         0.00      0.00  21708.80      0.00  15207.40      0.00      0.00      0.00      0.00      0.00
18:36:43         0.00      0.00   6144.00      0.00   6172.40      0.00      0.00      0.00      0.00      0.00
18:36:48         0.00  74401.60   8601.60      0.00  10577.80   1396.60      0.00   2793.20      0.00      0.00
18:36:53         0.00 135313.60  67584.00      0.00  73180.60   4698.00      0.00   9396.00      0.00      0.00
18:36:58         0.00   3276.80  35225.60      0.00  36040.20      0.00      0.00      0.00      0.00      0.00
18:37:03         0.00  52428.80  21299.20      0.00  25022.80      0.00      0.00      0.00      0.00      0.00
18:37:08         0.00   3577.60  12697.60      0.00   6760.80   1396.40      0.00   2792.80      0.00      0.00
18:37:13         0.00   1638.40   9011.20      0.00   8635.00      0.00      0.00      0.00      0.00      0.00
18:37:18         0.00   1638.40  10240.00      0.00   9468.00      0.00      0.00      0.00      0.00      0.00
18:37:23         0.00      0.00   6963.20      0.00   6994.40      0.00      0.00      0.00      0.00      0.00
18:37:28         0.00      0.00  15155.20      0.00  14795.20      0.00      0.00      0.00      0.00      0.00
18:37:33         0.00      0.00   9420.80      0.00   9459.20      0.00      0.00      0.00      0.00      0.00
18:37:38         0.00      0.00  18841.60      0.00  18076.00      0.00      0.00      0.00      0.00      0.00
18:37:43      2953.60   3276.80  18351.20    738.40  16386.20      0.00      0.00      0.00      0.00      0.00
18:37:48         0.00   3276.80   5734.40      0.00   5344.80      0.00      0.00      0.00      0.00      0.00
18:37:53         0.00      0.00   9420.80      0.00   9461.20      0.00      0.00      0.00      0.00      0.00
18:37:58         0.00   3276.80  12288.00      0.00  11918.60      0.00      0.00      0.00      0.00      0.00
18:38:03         0.00  11468.80  39321.80      0.00  38661.80      0.00      0.00      0.00      0.00      0.00
18:38:08         0.00      0.00   8192.00      0.00   8220.00      0.00      0.00      0.00      0.00      0.00
18:38:13         0.00   3276.80  31539.20      0.00  25065.00      0.00      0.00      0.00      0.00      0.00
18:38:18         0.00      0.00   9420.80      0.00   9459.80      0.00      0.00      0.00      0.00      0.00
18:38:23         0.00      0.00   9420.80      0.00   8634.60      0.00      0.00      0.00      0.00      0.00
18:38:28         0.00   3276.80   7782.40      0.00   7816.80      0.00      0.00      0.00      0.00      0.00
18:38:33         0.00   3152.00  16384.00      0.00  15219.40      0.00      0.00      0.00      0.00      0.00
18:38:38         0.00      0.00   8192.00      0.00   6171.00      0.00      0.00      0.00      0.00      0.00
18:38:43         0.00  18022.40   8192.00      0.00   8374.00      0.00      0.00      0.00      0.00      0.00
18:38:48         0.00   3276.80  28262.60      0.00  28340.80      0.00      0.00      0.00      0.00      0.00
18:38:53         0.00      0.00   7782.40      0.00   7817.40      0.00      0.00      0.00      0.00      0.00
18:38:58         0.00      0.00   9011.20      0.00   8226.20      0.00      0.00      0.00      0.00      0.00
18:39:03         0.00   1638.40  62085.00      0.00  74423.60      0.00      0.00      0.00      0.00      0.00
18:39:08         0.00   4150.40  37857.60      0.00  34501.40      0.00      0.00      0.00      0.00      0.00
18:39:13         0.00      0.00  11878.40      0.00   7824.00      0.00      0.00      0.00      0.00      0.00
18:39:18         0.00   6553.60  19251.20      0.00  18730.20      0.00      0.00      0.00      0.00      0.00
18:39:23         0.00      0.00  22528.00      0.00  16029.00      0.00      0.00      0.00      0.00      0.00
18:39:28         0.00      0.00   8601.60      0.00   8636.40      0.00      0.00      0.00      0.00      0.00
18:39:33         0.00      0.00   5314.17      0.00   5338.72      0.00      0.00      0.00      0.00      0.00
18:39:38         0.00      0.00  17612.80      0.00  17265.60      0.00      0.00      0.00      0.00      0.00
18:39:43         0.00   1638.40   4915.20      0.00   4121.80      0.00      0.00      0.00      0.00      0.00
18:39:48         0.00      0.00   9420.80      0.00   9459.00      0.00      0.00      0.00      0.00      0.00
18:39:53         0.00      0.00  28262.40      0.00  28375.40      0.00      0.00      0.00      0.00      0.00
18:39:58         0.00   1638.40   7372.80      0.00   7022.40      0.00      0.00      0.00      0.00      0.00
18:40:03         0.00   4915.20   9420.80      0.00   9456.60      0.00      0.00      0.00      0.00      0.00
18:40:08         0.00      0.00   5324.80      0.00   5348.00      0.00      0.00      0.00      0.00      0.00
18:40:13         0.00   6553.60  42188.80      0.00  42111.60      0.00      0.00      0.00      0.00      0.00
18:40:18         0.00   1638.40  12697.60      0.00   8648.00      0.00      0.00      0.00      0.00      0.00
18:40:23         0.00      0.00  20889.60      0.00  19010.80      0.00      0.00      0.00      0.00      0.00
18:40:28         0.00   3276.80  15974.40      0.00  15262.80      0.00      0.00      0.00      0.00      0.00
18:40:33         0.00      0.00   6144.00      0.00   6172.20      0.00      0.00      0.00      0.00      0.00
18:40:38         0.00      0.00   9011.20      0.00   8633.60      0.00      0.00      0.00      0.00      0.00
18:40:43         0.00   1638.40 113134.00      0.00 122852.20      0.00      0.00      0.00      0.00      0.00
18:40:48         0.00      0.00  22034.00      0.00   5348.80      0.00      0.00      0.00      0.00      0.00
18:40:53         2.40      0.00 139170.40      0.60 205118.20      0.00      0.00      0.00      0.00      0.00
18:40:58         0.00      0.00 105771.00      0.00  12331.20      0.00      0.00      0.00      0.00      0.00
18:41:03         0.00   3276.80   8601.60      0.00   8634.40      0.00      0.00      0.00      0.00      0.00
18:41:08         0.00      0.00  11059.20      0.00  11104.00      0.00      0.00      0.00      0.00      0.00
18:41:13      2414.40  94887.20  58687.60    613.20  33536.00 184435.20 179221.00  52879.60      0.00      0.00
18:41:18       102.40  31188.00  41414.60     27.60  42066.60   9047.20   1592.80  19768.00      0.00      0.00
18:41:23         0.00      0.00   9012.40      0.40   9047.20      0.00      0.00      0.00      0.00      0.00
18:41:28        13.60   8038.40  18437.40      4.20  19441.60   2009.60      0.00   4019.20      0.00      0.00
18:41:33        20.80   1638.40  18444.00      5.20  17320.40      0.00      0.00      0.00      0.00      0.00
18:41:38       206.40      0.00   5786.60     51.60   5359.80      0.00      0.00      0.00      0.00      0.00
18:41:43         0.00   1638.40   9421.00      0.00   9458.40      0.00      0.00      0.00      0.00      0.00
18:41:48         8.00   1638.40  21304.00      2.00  14810.00      0.00      0.00      0.00      0.00      0.00
18:41:53         0.00   8192.00   7783.00      0.00   8246.00      0.00      0.00      0.00      0.00      0.00
18:41:58         7.20      0.00  16158.20      1.80  26089.40      0.00      0.00      0.00      0.00      0.00
18:42:03         0.00      0.00  18253.40      0.00  14241.20      0.00      0.00      0.00      0.00      0.00
18:42:08         0.00   6553.60   8602.00      0.00   7589.40      0.00      0.00      0.00      0.00      0.00
18:42:13         0.00  14745.60   8601.80      0.00   8512.80      0.00      0.00      0.00      0.00      0.00
18:42:18         0.00   1638.40   7970.00      0.00   7009.60      0.00      0.00      0.00      0.00      0.00
18:42:23       412.00      0.00  41286.40    103.00  41606.60      0.00      0.00      0.00      0.00      0.00
18:42:28         0.00      0.00   9810.78      0.00   9439.32      0.00      0.00      0.00      0.00      0.00
18:42:33         0.00   3276.80  19251.60      0.00  18562.20      0.00      0.00      0.00      0.00      0.00
18:42:38         0.00      0.00  16794.00      0.00  16852.20      0.00      0.00      0.00      0.00      0.00
18:42:43         0.00      0.00   6144.00      0.00   6167.60      0.00      0.00      0.00      0.00      0.00
18:42:48         0.00   3276.80   8601.60      0.00   8634.80      0.00      0.00      0.00      0.00      0.00
18:42:53         0.00      0.00  15963.60      0.00  15618.40      0.00      0.00      0.00      0.00      0.00
18:42:58         0.00      0.00   6565.00      0.00   4942.20      0.00      0.00      0.00      0.00      0.00
18:43:03       820.00      0.00  22733.20    205.00  22684.40      0.00      0.00      0.00      0.00      0.00
18:43:08         0.00      0.00  11878.60      0.00  11919.60      0.00      0.00      0.00      0.00      0.00
18:43:13         0.00      0.00  11059.20      0.00   9459.60      0.00      0.00      0.00      0.00      0.00
18:43:18         0.00      0.00   8601.80      0.00   8636.60      0.00      0.00      0.00      0.00      0.00
18:43:23         3.20      0.00  65895.20      0.80  66921.80      0.00      0.00      0.00      0.00      0.00
18:43:28         0.00      0.00  35696.40      0.00  34905.80      0.00      0.00      0.00      0.00      0.00
18:43:33         0.00      0.00   6144.20      0.00   4940.40      0.00      0.00      0.00      0.00      0.00
18:43:38         0.00   3276.80  36454.40      0.00   8660.40      0.00      0.00      0.00      0.00      0.00
18:43:43         0.00   1638.40  15565.00      0.00  15205.60      0.00      0.00      0.00      0.00      0.00
18:43:48         0.00   1638.40   7782.40      0.00   7829.20      0.00      0.00      0.00      0.00      0.00
18:43:53         0.00      0.00  10650.00      0.00   8638.00      0.00      0.00      0.00      0.00      0.00
18:43:58         0.00      0.00  18432.40      0.00  16030.00      0.00      0.00      0.00      0.00      0.00
18:44:03         0.00      0.00   6144.00      0.00   5348.80      0.00      0.00      0.00      0.00      0.00
18:44:08         0.00      0.00  27853.00      0.00  23006.60      0.00      0.00      0.00      0.00      0.00
18:44:13         0.00      0.00  12697.60      0.00  12333.00      0.00      0.00      0.00      0.00      0.00
18:44:18         0.00      0.00   9011.20      0.00   8636.60      0.00      0.00      0.00      0.00      0.00
18:44:23         0.00  13824.00   9420.80      0.00   7586.80   1395.20     12.80   2816.00      0.00      0.00
18:44:28         0.00   1638.40   5324.80      0.00   5505.20      0.00      0.00      0.00      0.00      0.00
18:44:33         0.00   1638.40  21708.80      0.00  17703.20      0.00      0.00      0.00      0.00      0.00
18:44:38         0.00 104857.60  31129.80      0.00  36573.60      0.00      0.00      0.00      0.00      0.00
18:44:43      1640.00   5580.80  24576.80    410.00  25820.20   1395.20      0.00   2790.40      0.00      0.00
18:44:48         0.00      0.00  15565.00      0.00  15207.60      0.00      0.00      0.00      0.00      0.00
18:44:53         0.00   4729.60   6144.00      0.00   5468.00      0.00      0.00      0.00      0.00      0.00
18:44:58         0.00   1638.40  10240.00      0.00  10286.80      0.00      0.00      0.00      0.00      0.00
18:45:03         0.00      0.00  15974.60      0.00  15203.20      0.00      0.00      0.00      0.00      0.00
18:45:08         0.00   1638.40   6056.60      0.00   6326.40      0.00      0.00      0.00      0.00      0.00
18:45:13         0.00      0.00   9098.60      0.00   8228.00      0.00      0.00      0.00      0.00      0.00
18:45:18         4.00      0.00  21300.40      1.00  20954.40      0.00      0.00      0.00      0.00      0.00
18:45:23         8.00  72499.20 120017.40      2.00 131044.60  17638.40    486.40  36249.60      0.00      0.00
18:45:28         0.00   1635.13   5314.37      0.20   4983.43      0.00      0.00      0.00      0.00      0.00
18:45:33        10.40 252723.20  68818.60      2.80  73743.00   5824.00    422.40  12492.80      0.00      0.00
18:45:38         0.00  13107.20  16793.80      0.00  23643.80      0.00      0.00      0.00      0.00      0.00
18:45:43         0.00      0.00  20202.80      0.00  38143.20      0.00      0.00      0.00      0.00      0.00
18:45:48         0.00      0.00  33864.40      0.00  21773.80      0.00      0.00      0.00      0.00      0.00
18:45:53         0.00      0.00  13516.80      0.00  12740.60      0.00      0.00      0.00      0.00      0.00
18:45:58         0.00      0.00   9011.40      0.00   8638.00      0.00      0.00      0.00      0.00      0.00
18:46:03         0.00   6553.60   9420.80      0.00   9455.80      0.00      0.00      0.00      0.00      0.00
18:46:08         0.00      0.00  13516.80      0.00  13153.60      0.00      0.00      0.00      0.00      0.00
18:46:13         0.00   1638.40  10158.40      0.00   7815.20      0.00      0.00      0.00      0.00      0.00
18:46:18         0.00   3276.80  10731.20      0.00   9070.80      0.00      0.00      0.00      0.00      0.00
18:46:23         0.00  52428.80  18432.00      0.00  18491.40      0.00      0.00      0.00      0.00      0.00
18:46:28         0.00      0.00  17613.00      0.00  17675.00      0.00      0.00      0.00      0.00      0.00
18:46:33         0.00      0.00   5324.80      0.00   5349.20      0.00      0.00      0.00      0.00      0.00
18:46:38         0.00      0.00   9420.80      0.00   9459.00      0.00      0.00      0.00      0.00      0.00
18:46:43         0.00      0.00  15974.40      0.00  15207.40      0.00      0.00      0.00      0.00      0.00
18:46:48         0.00   3276.80   6963.20      0.00   6595.40      0.00      0.00      0.00      0.00      0.00
18:46:53         0.00      0.00  49152.20      0.00  48453.40      0.00      0.00      0.00      0.00      0.00
18:46:58         0.00   1638.40  15564.80      0.00  15244.20      0.00      0.00      0.00      0.00      0.00
18:47:03         0.00      0.00   6144.00      0.00   6172.60      0.00      0.00      0.00      0.00      0.00
18:47:08         0.00   3276.80  10240.00      0.00  11099.80      0.00      0.00      0.00      0.00      0.00
18:47:13         0.00      0.00  12697.80      0.00  12741.00      0.00      0.00      0.00      0.00      0.00
18:47:18         0.00      0.00   8601.60      0.00   8638.00      0.00      0.00      0.00      0.00      0.00
18:47:23         0.00   1638.40   9488.00      0.00  22650.20      0.00      0.00      0.00      0.00      0.00
18:47:28         0.00      0.00  25274.40      0.00   4541.20      0.00      0.00      0.00      0.00      0.00
18:47:33         0.00  13107.20  16847.20      0.00  11126.80      0.00      0.00      0.00      0.00      0.00
18:47:38         0.00      0.00   6144.00      0.00   6171.60      0.00      0.00      0.00      0.00      0.00
18:47:43         0.00      0.00   8601.60      0.00   8634.60      0.00      0.00      0.00      0.00      0.00
18:47:48         0.00      0.00  68403.40      0.00  68567.00      0.00      0.00      0.00      0.00      0.00
18:47:53         0.00      0.00   5962.60      0.00   6994.80      0.00      0.00      0.00      0.00      0.00
18:47:58         0.00      0.00  36636.00      0.00  35728.80      0.00      0.00      0.00      0.00      0.00
18:48:03      1204.80   4637.60  25708.00    306.80  25213.00      0.00      0.00      0.00      0.00      0.00

Average:      1753.74   6775.98  21919.62    488.25  20133.91   1981.81   1392.90   2156.73      0.00      0.00
