Linux 7.2.0-rc5-virtme (virtme-ng) 	08/01/26 	_x86_64_	(12 CPU)

17:48:48    kbmemfree   kbavail kbmemused  %memused kbbuffers  kbcached  kbcommit   %commit  kbactive   kbinact   kbdirty   kbshmem
17:48:53      4345052   4309480   3832228     47.07         4     44056   4255020     34.49   3641408     43548         0       448
17:48:58      1654256   1624456   6517252     80.05         4     49968   6390548     51.80   6303600     49320         0       640
17:49:03       597416    567516   7574192     93.03         4     50060   7477800     60.62   7353816     49220         0       832
17:49:08        56272     26388   8115320     99.68         4     50256   8040764     65.18   7879892     49228         0      1024
17:49:13        95904     38440   8103268     99.53         0      5900   8341464     67.62    159376   7787136         0       772
17:49:18        87072     35284   8106424     99.57         0     17560   8511212     68.99    291932   7657988         0       964
17:49:23        76848     25068   8116640     99.69         0     17748   8615424     69.84    359200   7597312         0      1156
17:49:28        60488      8772   8132936     99.89         0     18068   8686868     70.42    393756   7566624         0      1348
17:49:33        69920     18280   8123428     99.78         0     18360   8741928     70.87    412084   7538572         0      1540
17:49:38       106912     55224   8086484     99.32         0     18552   8788432     71.24    422184   7493676         0      1732
17:49:43        69400     17828   8123880     99.78         0     18696   8788432     71.24    529348   7386780         0      1732
17:49:48       106484     54952   8086756     99.33         0     18776   8788432     71.24    529344   7349484         0      1732
17:49:53       108824     57328   8084380     99.30         0     18844   8788432     71.24    529312   7349556         0      1732
17:49:58        91740     40244   8101464     99.51         0     18844   8788432     71.24    529300   7349556         0      1732
17:50:03       111628     60132   8081576     99.26         0     18844   8788432     71.24    529372   7349556         0      1732
17:50:08       594988    543492   7598216     93.32         0     18844   8788432     71.24    558344   6825380         0      1732
17:50:13        86960     35480   8106228     99.56         0     18860   8788432     71.24   1053732   6825300         0      1732
17:50:18        92832     41352   8100356     99.49         0     18860   8788432     71.24   1053732   6825296         0      1732
17:50:23        91576     40096   8101612     99.51         0     18860   8788432     71.24   1053676   6825296         0      1732
17:50:28        92136     40656   8101052     99.50         0     18860   8788432     71.24   1053820   6825300         0      1732
17:50:33        95512     44032   8097676     99.46         0     18860   8788432     71.24   1053640   6825300         0      1732
17:50:38       103576     52096   8089612     99.36         0     18860   8788432     71.24   1053708   6825300         0      1732
17:50:43       106064     54584   8087124     99.33         0     18860   8789504     71.25   1054780   6825296         0      1732
17:50:48       110088     58608   8083100     99.28         0     18860   8789504     71.25   1054708   6825300         0      1732
17:50:53       109956     58476   8083232     99.28         0     18860   8789504     71.25   1054740   6825296         0      1732
17:50:58       144844     93364   8048344     98.85         0     18860   8789504     71.25   1022000   6825296         0      1732
17:51:03       110976     59496   8082212     99.27         0     18860   8789504     71.25   1054740   6825300         0      1732
17:51:08      1154680   1103200   7038508     86.45         0     18860   8789504     71.25   1054724   5776724         0      1732
17:51:13        78924     27444   8114264     99.66         0     18860   8789504     71.25   2103232   5776724         0      1732
17:51:18        76696     25216   8116492     99.69         0     18860   8789504     71.25   2103288   5776724         0      1732
17:51:23        81152     29672   8112036     99.64         0     18864   8789504     71.25   2103316   5776724         0      1732
17:51:28        87860     36380   8105328     99.55         0     18864   8789504     71.25   2103244   5776724         0      1732
17:51:33        97640     46160   8095548     99.43         0     18864   8789504     71.25   2086812   5776724         0      1732
17:51:38        81564     30084   8111624     99.63         0     18864   8789504     71.25   2103256   5776724         0      1732
17:51:43        81472     29992   8111716     99.63         0     18864   8791600     71.27   2105228   5776724         0      1732
17:51:48        76472     24996   8116712     99.69         0     18868   8791600     71.27   2105332   5776728         0      1732
17:51:53        83360     31884   8109824     99.61         0     18868   8791600     71.27   2105432   5776728         0      1732
17:51:58        80564     29088   8112620     99.64         0     18868   8791600     71.27   2105412   5776728         0      1732
17:52:03        80920     29444   8112264     99.64         0     18868   8791600     71.27   2105256   5776728         0      1732
17:52:08        77660     26184   8115524     99.68         0     18868   8791600     71.27   2105332   5776728         0      1732
17:52:13        77188     25712   8115996     99.68         0     18868   8791600     71.27   2105324   5776728         0      1732
17:52:18        83696     32220   8109488     99.60         0     18868   8791600     71.27   2105296   5776728         0      1732
17:52:23        85528     34048   8107660     99.58         0     18868   8791600     71.27   2105344   5776724         0      1732
17:52:28        70704     19228   8122480     99.76         0     18876   8791600     71.27   2105372   5776728         0      1732
17:52:33        65360     13884   8127824     99.83         0     18876   8791600     71.27   2105328   5776728         0      1732
17:52:38        70856     19380   8122328     99.76         0     18876   8791600     71.27   2105296   5776728         0      1732
17:52:43        70624     19144   8122564     99.76         0     18876   8791600     71.27   2105400   5776724         0      1732
17:52:48        73092     21616   8120092     99.73         0     18876   8791600     71.27   2105384   5776728         0      1732
17:52:53        58696      7220   8134488     99.91         0     18876   8791600     71.27   2105284   5776728         0      1732
17:52:58        61080      9604   8132104     99.88         0     18876   8791600     71.27   2105292   5776728         0      1732
17:53:03        72948     21472   8120236     99.74         0     18876   8791600     71.27   2105324   5776728         0      1732
17:53:08        63232     11756   8129952     99.86         0     18876   8791600     71.27   2105256   5776728         0      1732
17:53:13      1902048   1850568   6291140     77.27         0     18876   8791600     71.27   2359272   3679580         0      1732
17:53:18        82604     31128   8110580     99.62         0     18876   8791600     71.27   4189432   3679576         0      1732
17:53:23       136976     85500   8056208     98.95         0     18876   8791600     71.27   4138352   3679576         0      1732
17:53:28        60664      9188   8132520     99.89         0     18876   8791600     71.27   4186168   3679576         0      1732
17:53:33        76324     24844   8116864     99.69         0     18876   8791600     71.27   4169636   3679572         0      1732
17:53:38        60104      8628   8133080     99.89         0     18876   8791600     71.27   4202352   3679576         0      1732
17:53:43        58152      6672   8135036     99.92         0     18876   8791600     71.27   4202460   3679572         0      1732
17:53:48        84172     32664   8109044     99.60         0     18796   8795744     71.30   1156436   6701776         0      1712
17:53:53        87404     35896   8105812     99.56         0     18796   8795744     71.30   3826848   4011628         0      1712
17:53:58        80800     29292   8112416     99.64         0     18800   8795744     71.30   3834240   4011628         0      1712
17:54:03        79520     28012   8113696     99.66         0     18800   8795744     71.30   3850232   3995628         0      1712
17:54:08        84360     32852   8108856     99.60         0     18800   8795744     71.30   3850124   3995628         0      1712
17:54:13       122784     71276   8070432     99.12         0     18800   8795744     71.30   3818088   3995624         0      1712
17:54:18        88392     36884   8104824     99.55         0     18800   8795744     71.30   3850288   3995624         0      1712
17:54:23        75676     24168   8117540     99.70         0     18800   8795744     71.30   3850164   3995628         0      1712
17:54:28       106796     55288   8086420     99.32         0     18800   8795744     71.30   4334216   3511616         0      1712
17:54:33       101964     50456   8091252     99.38         0     18800   8795744     71.30   4334308   3511616         0      1712
17:54:38        95112     43604   8098104     99.46         0     18800   8795744     71.30   4334276   3511620         0      1712
17:54:43        94748     43240   8098468     99.47         0     18800   8795744     71.30   4334292   3511620         0      1712
17:54:48        95284     43776   8097932     99.46         0     18800   8795744     71.30   4334304   3511620         0      1712
17:54:53        89300     37792   8103916     99.54         0     18804   8795744     71.30   4334316   3511620         0      1712
17:54:58        97552     46048   8095660     99.43         0     18804   8795744     71.30   4334312   3511624         0      1712
17:55:03        97416     45912   8095796     99.44         0     18804   8795744     71.30   4334260   3511624         0      1712
17:55:08        87708     36204   8105504     99.56         0     18804   8795744     71.30   4334260   3511624         0      1712
17:55:13        87232     35724   8105984     99.56         0     18804   8795744     71.30   4334328   3511620         0      1712
17:55:18        90760     39252   8102456     99.52         0     18808   8795744     71.30   4334348   3511620         0      1712
17:55:23        92008     40504   8101204     99.50         0     18808   8795744     71.30   4334332   3511624         0      1712
17:55:28       204204    152700   7989008     98.12         0     18808   8795744     71.30   5207340   2491108         0      1712
17:55:33       177424    125916   8015792     98.45         0     18808   8795744     71.30   5223676   2491104         0      1712
17:55:38       188068    136560   8005148     98.32         0     18808   8795744     71.30   5223472   2491104         0      1712
17:55:43       185676    134172   8007536     98.35         0     18808   8795744     71.30   5223712   2491108         0      1712
17:55:48        93184     41680   8100028     99.49         0     18808   8795744     71.30   5354724   2491108         0      1712
17:55:53       100500     48996   8092712     99.40         0     18808   8795744     71.30   5354848   2491108         0      1712
17:55:58       100432     48928   8092780     99.40         0     18808   8795744     71.30   5354884   2491108         0      1712
17:56:03        96512     45008   8096700     99.45         0     18808   8795744     71.30   5354740   2491108         0      1712
17:56:08       102396     50892   8090816     99.37         0     18808   8795744     71.30   5354820   2491108         0      1712
17:56:13        97036     45536   8096172     99.44         0     18816   8795744     71.30   5354912   2491116         0      1712
17:56:18        93096     41596   8100112     99.49         0     18816   8795744     71.30   5354876   2491116         0      1712
17:56:23        83612     32112   8109596     99.61         0     18816   8795744     71.30   5354848   2491116         0      1712
17:56:28        80588     29084   8112624     99.64         0     18816   8795744     71.30   5354896   2491112         0      1712
17:56:33        82096     30596   8111112     99.62         0     18820   8795744     71.30   5354848   2491120         0      1712
17:56:38        91688     40188   8101520     99.51         0     18820   8795744     71.30   5354844   2491120         0      1712
17:56:43        89416     37916   8103792     99.53         0     18820   8795744     71.30   5354840   2491120         0      1712
17:56:48        92028     40528   8101180     99.50         0     18820   8795744     71.30   5354892   2491120         0      1712
17:56:53        96472     44972   8096736     99.45         0     18820   8795744     71.30   5354984   2491116         0      1712
17:56:58        96968     45468   8096240     99.44         0     18820   8795744     71.30   5354872   2491116         0      1712
17:57:03        95508     44008   8097700     99.46         0     18820   8795744     71.30   5354880   2491120         0      1712
17:57:08        96772     45272   8096436     99.44         0     18820   8795744     71.30   5346748   2491120         0      1712
17:57:13        93436     41936   8099772     99.48         0     18820   8795744     71.30   5354868   2491120         0      1712
17:57:18        91616     40116   8101592     99.51         0     18820   8795744     71.30   5354856   2491120         0      1712
17:57:23       102720     51220   8090488     99.37         0     18820   8795744     71.30   5354884   2491120         0      1712
17:57:28        68884     17384   8124324     99.79         0     18824   8795744     71.30   7852924     21768         0      1716
17:57:33        56452      1892   8139816     99.98         0     12692   8795744     71.30   3494800   4482224         0      1704
17:57:38       201004    146500   7995208     98.20         0     12704   8795744     71.30   7628764    127028         0      1704
17:57:43        63920      9404   8132304     99.88         0     12684   8795744     71.30   1446588   6496492         0      1704
17:57:48        95812     41300   8100408     99.49         0     12692   8795744     71.30   1513060   6430692         0      1704
17:57:53        71140     16628   8125080     99.80         0     12692   8795744     71.30   1770840   6172636         0      1704
17:57:58        66500     11992   8129716     99.85         0     12696   8795744     71.30   1897332   6016492         0      1704
17:58:03        85940     31432   8110276     99.61         0     12696   8803984     71.37   1889128   6016492         0      1704
17:58:08        77164     22652   8119056     99.72         0     12696   8803984     71.37   1905508   6016488         0      1704
17:58:13        69400     14888   8126820     99.82         0     12696   8803984     71.37   1905596   6016488         0      1704
17:58:18        63348      8840   8132868     99.89         0     12696   8803984     71.37   1905524   6016492         0      1704
17:58:23        87084     32576   8109132     99.60         0     12696   8803984     71.37   1905492   5988588         0      1704
17:58:28        77532     23024   8118684     99.72         0     12696   8803984     71.37   1905488   5988588         0      1704
17:58:33        85196     30688   8111020     99.62         0     12696   8803984     71.37   1905596   5988588         0      1704
17:58:38        87412     32900   8108808     99.60         0     12696   8803984     71.37   1905620   5988584         0      1704
17:58:43       100216     45708   8096000     99.44         0     12696   8803984     71.37   1895660   5988588         0      1704
17:58:48        71640     17128   8124580     99.79         0     12696   8803984     71.37   2019972   5874168         0      1704
17:58:53        73668     19160   8122548     99.76         0     12696   8803984     71.37   2019932   5874172         0      1704
17:58:58        67968     13460   8128248     99.83         0     12696   8803984     71.37   2019956   5874172         0      1704
17:59:03        73700     19192   8122516     99.76         0     12696   8803984     71.37   2020060   5874172         0      1704
17:59:08        70116     15608   8126100     99.81         0     12700   8803984     71.37   2020088   5874172         0      1704
17:59:13        68200     13692   8128016     99.83         0     12700   8803984     71.37   2020036   5874172         0      1704
17:59:18        82192     27680   8114028     99.66         0     12700   8803984     71.37   2019984   5846264         0      1704
17:59:23       100436     45928   8095780     99.44         0     12700   8803984     71.37   2019940   5846268         0      1704
17:59:28        97960     43452   8098256     99.47         0     12700   8803984     71.37   2019960   5846268         0      1704
17:59:33        83196     28688   8113020     99.65         0     12700   8803984     71.37   2019968   5846268         0      1704
17:59:38        72388     17880   8123828     99.78         0     12700   8803984     71.37   2019924   5846268         0      1704
17:59:43        74292     19784   8121924     99.76         0     12700   8803984     71.37   2020012   5846268         0      1704
17:59:48        72676     18168   8123540     99.78         0     12700   8803984     71.37   3065620   4800660         0      1704
17:59:53        65840     11332   8130376     99.86         0     12708   8803984     71.37   3065692   4800660         0      1704
17:59:58        77480     22972   8118736     99.72         0     12708   8803984     71.37   3065680   4800664         0      1704
18:00:03        97904     43396   8098312     99.47         0     12708   8803984     71.37   3065736   4772760         0      1704
18:00:08        90508     36004   8105704     99.56         0     12708   8803984     71.37   3065768   4772764         0      1704
18:00:13        80208     25704   8116004     99.68         0     12708   8803984     71.37   3065840   4772764         0      1704
18:00:18        75968     21464   8120244     99.74         0     12708   8803984     71.37   3065792   4772764         0      1704
18:00:23        95648     41144   8100564     99.49         0     12708   8803984     71.37   3065764   4772764         0      1704
18:00:28        98560     44056   8097652     99.46         0     12708   8803984     71.37   3065808   4772764         0      1704
18:00:33        99768     45260   8096448     99.44         0     12708   8803984     71.37   3065796   4772760         0      1704
18:00:38        82416     27912   8113796     99.66         0     12708   8803984     71.37   3065704   4772764         0      1704
18:00:43        87244     32740   8108968     99.60         0     12708   8803984     71.37   3065692   4772764         0      1704
18:00:48        91484     36980   8104728     99.55         0     12708   8803984     71.37   3065812   4772764         0      1704
18:00:53        89516     35012   8106696     99.57         0     12708   8803984     71.37   3065724   4772764         0      1704
18:00:58        92412     37904   8103804     99.53         0     12712   8803984     71.37   3065680   4772760         0      1704
18:01:03        99348     44844   8096864     99.45         0     12712   8803984     71.37   3057568   4772764         0      1704
18:01:08        78832     24328   8117380     99.70         0     12712   8803984     71.37   3065684   4772764         0      1704
18:01:13        93444     38940   8102768     99.52         0     12712   8803984     71.37   3065720   4772764         0      1704
18:01:18        92108     37604   8104104     99.54         0     12712   8803984     71.37   3065712   4772764         0      1704
18:01:23       105788     51280   8090428     99.37         0     12712   8803984     71.37   3032984   4772760         0      1704
18:01:28        95108     40604   8101104     99.50         0     12712   8803984     71.37   3065668   4772764         0      1704
18:01:33        93268     38764   8102944     99.52         0     12712   8803984     71.37   3065696   4772764         0      1704
18:01:38       344520    290016   7851692     96.44         0     12712   8803984     71.37   2789244   4772764         0      1704
18:01:43       352560    298056   7843652     96.34         0     12716   8803984     71.37   2803652   4772764         0      1704
18:01:48       349592    295088   7846620     96.38         0     12716   8803984     71.37   2803720   4772764         0      1704
18:01:53       330720    276216   7865492     96.61         0     12720   8803984     71.37   4480144   3087360         0      1704
18:01:58       332180    277680   7864028     96.59         0     12720   8803984     71.37   4491756   3087372         0      1704
18:02:03       342044    287548   7854160     96.47         0     12720   8803984     71.37   4491784   3087376         0      1704
18:02:08       349752    295252   7846456     96.37         0     12720   8803984     71.37   4491788   3087372         0      1704
18:02:13        85808     31312   8110396     99.62         0     12720   8803984     71.37   4742244   3087376         0      1704
18:02:18        81336     26836   8114872     99.67         0     12720   8803984     71.37   4753936   3087372         0      1704
18:02:23        87280     32780   8108928     99.60         0     12720   8803984     71.37   4753668   3087372         0      1704
18:02:28        98624     44128   8097580     99.46         0     12720   8803984     71.37   4753892   3087376         0      1704
18:02:33       107500     53004   8088704     99.35         0     12720   8803984     71.37   4753832   3087376         0      1704
18:02:38        97660     43160   8098548     99.47         0     12720   8803984     71.37   4753868   3087372         0      1704
18:02:43        96500     42000   8099708     99.48         0     12720   8803984     71.37   4753920   3087372         0      1704
18:02:48       142236     87736   8053972     98.92         0     12720   8803984     71.37   4688464   3087372         0      1704
18:02:53       148748     94252   8047456     98.84         0     12720   8803984     71.37   4688416   3087376         0      1704
18:02:58        98644     44148   8097560     99.46         0     12720   8803984     71.37   4753856   3087376         0      1704
18:03:03       101860     47360   8094348     99.42         0     12720   8803984     71.37   4753848   3087372         0      1704
18:03:08        96300     41804   8099904     99.49         0     12720   8803984     71.37   4753852   3087376         0      1704
18:03:13        92732     38236   8103472     99.53         0     12720   8803984     71.37   4753876   3087376         0      1704
18:03:18        85112     30616   8111092     99.62         0     12720   8803984     71.37   4753836   3087376         0      1704
18:03:23       110328     55832   8085876     99.31         0     12720   8803984     71.37   4741740   3087376         0      1704
18:03:28       106808     52312   8089396     99.36         0     12720   8803984     71.37   4753864   3087376         0      1704
18:03:33       114788     60292   8081416     99.26         0     12720   8803984     71.37   4753820   3087376         0      1704
18:03:38       122348     67856   8073852     99.17         0     12728   8803984     71.37   4753908   3087384         0      1704
18:03:43       117620     63128   8078580     99.22         0     12728   8803984     71.37   4753896   3087384         0      1704
18:03:48       109328     54836   8086872     99.33         0     12728   8803984     71.37   4753856   3087384         0      1704
18:03:53       129616     75124   8066584     99.08         0     12728   8803984     71.37   4723588   3087384         0      1704
18:03:58       144908     90416   8051292     98.89         0     12728   8803984     71.37   4721176   3087384         0      1704
18:04:03       104328     49836   8091872     99.39         0     12732   8803984     71.37   4753804   3087384         0      1704
18:04:08       118488     63996   8077712     99.21         0     12732   8803984     71.37   4753812   3087384         0      1704
18:04:13       118712     64220   8077488     99.21         0     12732   8803984     71.37   4753824   3087384         0      1704
18:04:18       134496     80004   8061704     99.02         0     12736   8803984     71.37   4738456   3087384         0      1704
18:04:23       102600     48108   8093600     99.41         0     12736   8803984     71.37   4753776   3087384         0      1704
18:04:28       113320     58828   8082880     99.28         0     12736   8803984     71.37   4753816   3087384         0      1704
18:04:33       106116     51624   8090084     99.37         0     12736   8803984     71.37   4737516   3087384         0      1704
18:04:38       105296     50804   8090904     99.38         0     12736   8803984     71.37   4753816   3087384         0      1704
18:04:43       110992     56500   8085208     99.31         0     12736   8803984     71.37   4753868   3087384         0      1704
18:04:48       116040     61548   8080160     99.24         0     12736   8803984     71.37   4753860   3087384         0      1704
18:04:53       125684     71192   8070516     99.13         0     12736   8803984     71.37   4753804   3087384         0      1704
18:04:58       125384     70888   8070820     99.13         0     12736   8803984     71.37   4745576   3087380         0      1704
18:05:03       117716     63224   8078484     99.22         0     12736   8803984     71.37   4753684   3087384         0      1704
18:05:08       126164     71672   8070036     99.12         0     12736   8803984     71.37   4753824   3087384         0      1704
18:05:13       128264     73772   8067936     99.09         0     12736   8803984     71.37   4753792   3087384         0      1704
18:05:18       112484     57988   8083720     99.29         0     12736   8803984     71.37   4753808   3087380         0      1704
18:05:23       124672     70176   8071532     99.14         0     12736   8803984     71.37   4753884   3087380         0      1704
18:05:28       137140     82648   8059060     98.98         0     12736   8803984     71.37   4753908   3087384         0      1704
18:05:33       130564     76072   8065636     99.07         0     12736   8803984     71.37   4753888   3087384         0      1704
18:05:38       133672     79176   8062532     99.03         0     12736   8803984     71.37   4753948   3087380         0      1704
18:05:43       131948     77456   8064252     99.05         0     12736   8803984     71.37   4753884   3087384         0      1704
18:05:48       135120     80628   8061080     99.01         0     12736   8803984     71.37   4753840   3087384         0      1704
18:05:53       257592    203100   7938608     97.51         0     12736   8803984     71.37   4622776   3087384         0      1704
18:05:58       252968    198472   7943236     97.56         0     12736   8803984     71.37   4622856   3087380         0      1704
18:06:03       316904    262408   7879300     96.78         0     12736   8803984     71.37   4556804   3087380         0      1704
18:06:08        47072     47072   8094636     99.42         0     12672   8803984     71.37   1343584   6643088         0      1704
18:06:13      1643960   1586600   6555108     80.51         0      6992   8803984     71.37   3026348   3360612         0      1704
18:06:18        67088      9728   8131980     99.88         0      7000   8803984     71.37   6096000   1853964         0      1704
18:06:23        55336     55336   8086372     99.32         0      7004   8803984     71.37   6227116   1686556         0      1704
18:06:28       481772    424192   7717516     94.79         0      7004   8803984     71.37   6343416   1140268         0      1704
18:06:33        67348      9992   8131716     99.88         0      7004   8803984     71.37   6713328   1140156         0      1704
18:06:38        75160     17804   8123904     99.78         0      7008   8820416     71.50   7023592    850804         0      1704
18:06:43        64396      7040   8134668     99.91         0      7004   8820416     71.50   7023672    850716         0      1704
18:06:48        65100      7744   8133964     99.90         0      7004   8820416     71.50   7023676    850716         0      1704
18:06:53        75528     18172   8123536     99.78         0      7008   8820416     71.50   7023588    850716         0      1704
18:06:58        79352     21996   8119712     99.73         0      7008   8820416     71.50   7023668    850716         0      1704
18:07:03        80020     22664   8119044     99.72         0      7012   8820416     71.50   7023672    850716         0      1704
18:07:08        85420     28064   8113644     99.66         0      7012   8820416     71.50   7023660    850716         0      1704
18:07:13        70780     13424   8128284     99.84         0      7012   8820416     71.50   7023632    850716         0      1704
18:07:18        66216      8864   8132844     99.89         0      7020   8820416     71.50   7023664    850720         0      1704
18:07:23        65248      7896   8133812     99.90         0      7020   8820416     71.50   7023616    850720         0      1704
18:07:28        59728      2376   8139332     99.97         0      7020   8820416     71.50   7023608    850720         0      1704
18:07:33        78372     21020   8120688     99.74         0      7024   8820416     71.50   7023348    822908         0      1704
18:07:38        95676     38320   8103388     99.53         0      7012   8820416     71.50   7023600    822812         0      1704
18:07:43        94708     37352   8104356     99.54         0      7012   8820416     71.50   7023732    822812         0      1704
18:07:48        87292     29936   8111772     99.63         0      7012   8820416     71.50   7023736    822812         0      1704
18:07:53        87488     30132   8111576     99.63         0      7012   8820416     71.50   7021436    822812         0      1704
18:07:58       110516     53160   8088548     99.35         0      7012   8820416     71.50   6958276    822808         0      1704
18:08:03       139424     82068   8059640     98.99         0      7012   8820416     71.50   6958200    822812         0      1704
18:08:08       108756     51400   8090308     99.37         0      7012   8820416     71.50   7023696    822812         0      1704
18:08:13       119120     61764   8079944     99.24         0      7012   8820416     71.50   7015692    822812         0      1704
18:08:18        91828     34472   8107236     99.58         0      7012   8820416     71.50   7023672    822812         0      1704
18:08:23        87672     30316   8111392     99.63         0      7012   8820416     71.50   7023736    822812         0      1704
18:08:28        66836      9480   8132228     99.88         0      7016   8820416     71.50   7023800    822812         0      1704
18:08:33        68132     10780   8130928     99.87         0      7016   8820416     71.50   7023820    822816         0      1704
18:08:38        69812     12460   8129248     99.85         0      7016   8820416     71.50   7023612    822816         0      1704
18:08:43        78708     21356   8120352     99.74         0      7016   8820416     71.50   7022260    822816         0      1704
18:08:48        66412      9060   8132648     99.89         0      7016   8820416     71.50   7023728    822816         0      1704
18:08:53        71244     13892   8127816     99.83         0      7016   8820416     71.50   7015536    822816         0      1704
18:08:58        69800     12448   8129260     99.85         0      7016   8820416     71.50   7023708    822816         0      1704
18:09:03       129632     72280   8069428     99.11         0      7016   8820416     71.50   6967208    822816         0      1704
18:09:08       102320     44964   8096744     99.45         0      7016   8820416     71.50   6991116    822812         0      1704
18:09:13        81080     23724   8117984     99.71         0      7016   8820416     71.50   7023792    822812         0      1704
18:09:18        62176      4820   8136888     99.94         0      7016   8820416     71.50   7023760    822812         0      1704
18:09:23        58268       916   8140792     99.99         0      7016   8820416     71.50   7023860    822816         0      1704
18:09:28        70836     13484   8128224     99.83         0      7020   8820416     71.50   7023816    822816         0      1704
18:09:33        73884     16532   8125176     99.80         0      7020   8820416     71.50   7023812    822816         0      1704
18:09:38        79756     22404   8119304     99.72         0      7020   8820416     71.50   7023840    822816         0      1704
18:09:43        82396     25044   8116664     99.69         0      7020   8820416     71.50   7023792    822816         0      1704
18:09:48        84204     26848   8114860     99.67         0      7020   8820416     71.50   7023700    822812         0      1704
18:09:53        61140      3784   8137924     99.95         0      7020   8820416     71.50   7023880    822812         0      1704
18:09:58        76744     19388   8122320     99.76         0      7020   8820416     71.50   7023876    822812         0      1704
18:10:03        75436     18084   8123624     99.78         0      7020   8820416     71.50   7023836    822816         0      1704
18:10:08        78704     21352   8120356     99.74         0      7024   8820416     71.50   7023864    822816         0      1704
18:10:13        76972     19620   8122088     99.76         0      7024   8820416     71.50   7023904    822820         0      1704
18:10:18        87092     29740   8111968     99.63         0      7024   8820416     71.50   7023784    822820         0      1704
18:10:23        79508     22156   8119552     99.73         0      7024   8820416     71.50   7023832    822820         0      1704
18:10:28        85816     28464   8113244     99.65         0      7024   8820416     71.50   7023804    822816         0      1704
18:10:33        70748     13396   8128312     99.84         0      7024   8820416     71.50   7023968    795000         0      1704
18:10:38        83280     25924   8115784     99.68         0      7016   8820416     71.50   7030228    788664         0      1704
18:10:43        67488     10132   8131576     99.88         0      7016   8820416     71.50   7030204    788664         0      1704
18:10:48        93020     35664   8106044     99.56         0      7016   8820416     71.50   7030200    788664         0      1704
18:10:53        98268     40912   8100796     99.50         0      7016   8820416     71.50   7030232    788664         0      1704
18:10:58        84644     27288   8114420     99.66         0      7016   8820416     71.50   7028228    788664         0      1704
18:11:03        79224     21868   8119840     99.73         0      7024   8820416     71.50   7013876    788664         0      1704
18:11:08        79328     21972   8119736     99.73         0      7024   8820416     71.50   7030276    788664         0      1704
18:11:13        80232     22876   8118832     99.72         0      7024   8820416     71.50   7030328    788664         0      1704
18:11:18       100900     43544   8098164     99.47         0      7024   8820416     71.50   7030236    788664         0      1704
18:11:23       102112     44756   8096952     99.45         0      7024   8820416     71.50   7030288    788660         0      1704
18:11:28        89244     31888   8109820     99.61         0      7024   8820416     71.50   7030220    788664         0      1704
18:11:33        90168     32812   8108896     99.60         0      7024   8820416     71.50   7030336    788664         0      1704
18:11:38        94712     37356   8104352     99.54         0      7024   8820416     71.50   7030276    788664         0      1704
18:11:43       108864     51508   8090200     99.37         0      7024   8820416     71.50   6997616    788660         0      1704
18:11:48        78480     21124   8120584     99.74         0      7024   8820416     71.50   7030252    788664         0      1704
18:11:53        97584     40228   8101480     99.51         0      7024   8820416     71.50   7030212    788664         0      1704
18:11:58        97040     39684   8102024     99.51         0      7024   8820416     71.50   7030312    788664         0      1704
18:12:03        91076     33720   8107988     99.59         0      7028   8820416     71.50   7030284    788664         0      1704
18:12:08        84592     27236   8114472     99.67         0      7028   8820416     71.50   7022108    788664         0      1704
18:12:13       101060     43704   8098004     99.46         0      7028   8820416     71.50   7030244    788664         0      1704
18:12:18        95688     38332   8103376     99.53         0      7028   8820416     71.50   7030184    788664         0      1704
18:12:23       118700     61344   8080364     99.25         0      7028   8820416     71.50   7030292    788664         0      1704
18:12:28       105040     47684   8094024     99.41         0      7028   8820416     71.50   7030236    788664         0      1704
18:12:33        78248     20892   8120816     99.74         0      7028   8820416     71.50   7030252    788660         0      1704
18:12:38        77808     20452   8121256     99.75         0      7028   8820416     71.50   7030252    788664         0      1704
18:12:43        86064     28708   8113000     99.65         0      7028   8820416     71.50   7030324    788664         0      1704
18:12:48        79504     22152   8119556     99.73         0      7028   8820416     71.50   7030368    788668         0      1704
18:12:53        84560     27208   8114500     99.67         0      7028   8820416     71.50   7030216    788668         0      1704
18:12:58        92056     34704   8107004     99.57         0      7028   8820416     71.50   7030200    788668         0      1704
18:13:03        98388     41032   8100676     99.50         0      7028   8820416     71.50   7030180    788664         0      1704
18:13:08        91920     34564   8107144     99.58         0      7032   8820416     71.50   7030232    788664         0      1704
18:13:13       135192     77836   8063872     99.04         0      7032   8820416     71.50   6964784    788664         0      1704
18:13:18        98104     40752   8100956     99.50         0      7032   8820416     71.50   7030192    788668         0      1704
18:13:23       104824     47472   8094236     99.42         0      7032   8820416     71.50   7030224    788668         0      1704
18:13:28       111880     54528   8087180     99.33         0      7032   8820416     71.50   7030336    788668         0      1704
18:13:33       110980     53628   8088080     99.34         0      7032   8820416     71.50   7030244    788668         0      1704
18:13:38       110096     52744   8088964     99.35         0      7032   8820416     71.50   7013876    788668         0      1704
18:13:43       139280     81928   8059780     98.99         0      7032   8820416     71.50   6991008    788668         0      1704
18:13:48        98112     40756   8100952     99.50         0      7032   8820416     71.50   7030172    788664         0      1704
18:13:53        98128     40776   8100932     99.50         0      7032   8820416     71.50   7030224    788668         0      1704
18:13:58       109508     52156   8089552     99.36         0      7032   8820416     71.50   7030272    788668         0      1704
18:14:03       586440    529088   7612620     93.50         0      7032   8820416     71.50   6505924    788668         0      1704
18:14:08       587988    530636   7611072     93.48         0      7032   8820416     71.50   6505892    788668         0      1704
18:14:13       559264    501916   7639792     93.84         0      7032   8820416     71.50   6517272    777308         0      1704
18:14:18       577232    519884   7621824     93.61         0      7032   8820416     71.50   6484532    777308         0      1704
18:14:23       578496    521148   7620560     93.60         0      7032   8820416     71.50   6517260    777308         0      1704
18:14:28       588612    531264   7610444     93.47         0      7032   8820416     71.50   6517312    777308         0      1704
18:14:33       594248    536900   7604808     93.41         0      7032   8820416     71.50   6517096    777308         0      1704
18:14:38       596108    538760   7602948     93.38         0      7036   8820416     71.50   6517288    777308         0      1704
18:14:43       604700    547352   7594356     93.28         0      7044   8820416     71.50   6517332    777312         0      1704
18:14:48      3097396   3040048   5101660     62.66         0      7044   8820416     71.50   4773272     27192         0      1704
18:14:53        96824     39340   8102368     99.52         0      5232   8820416     71.50   1115484   6784408         0       184
18:14:58        69320      9780   8131928     99.88         0      1064   8820416     71.50   1301616   6590108         0       120
18:15:03        87600     28300   8113408     99.65         0      1548   8820416     71.50   1302060   6590096         0       120
18:15:08        92144     33204   8108504     99.59         0      2252   8820416     71.50    690488   7119624         0       108
18:15:13        71072     12140   8129568     99.85         0      2264   8820416     71.50    712108   7093600         0       108
18:15:18        67448      8540   8133168     99.90         0      2328   8820416     71.50    973732   6765036         0       120
18:15:23        66988      8080   8133628     99.90         0      2328   8820416     71.50   1005568   6695576         0       120
18:15:28        73860     14956   8126752     99.82         0      2336   8820416     71.50   1003232   6695584         0       120
18:15:33        68772      9868   8131840     99.88         0      2336   8820416     71.50   1006604   6695616         0       120
18:15:38        69748     10844   8130864     99.87         0      2336   8820416     71.50   1006600   6695612         0       120
18:15:43        67488      8584   8133124     99.89         0      2336   8820416     71.50   1006668   6695612         0       120
18:15:48        69460     10552   8131156     99.87         0      2328   8820416     71.50   1007332   6667240         0       120
18:15:53        58148     58148   8083560     99.29         0      2336   8820416     71.50   1007340   6667244         0       120
18:15:58        66828      7920   8133788     99.90         0      2336   8820416     71.50   1007320   6667244         0       120
18:16:03        71192     12284   8129424     99.85         0      2336   8820416     71.50    999248   6667244         0       120
18:16:08        64968      6060   8135648     99.93         0      2336   8820416     71.50   1007372   6667244         0       120
18:16:13       171452    112544   8029164     98.62         0      2340   8820416     71.50   1106560   6436980         0       120
18:16:18       181556    122648   8019060     98.49         0      2340   8820416     71.50   1106580   6436984         0       120
18:16:23       179976    121068   8020640     98.51         0      2340   8820416     71.50   1106544   6436984         0       120
18:16:28        68448      9540   8132168     99.88         0      2340   8820416     71.50   1237512   6436984         0       120
18:16:33        69120     10212   8131496     99.87         0      2340   8820416     71.50   1237652   6436980         0       120
18:16:38        68092      9184   8132524     99.89         0      2340   8820416     71.50   1237656   6436980         0       120
18:16:43        81052     22144   8119564     99.73         0      2340   8820416     71.50   1237576   6436984         0       120
18:16:48        80472     21564   8120144     99.74         0      2340   8820416     71.50   1237576   6436984         0       120
18:16:53        73128     14220   8127488     99.83         0      2340   8820416     71.50   1237528   6436984         0       120
18:16:58        64188      5280   8136428     99.94         0      2340   8820416     71.50   1245796   6437212         0       120
18:17:03        72572     13664   8128044     99.83         0      2340   8820416     71.50   1245848   6437256         0       120
18:17:08        59192       284   8141424    100.00         0      2340   8820416     71.50   1249956   6437256         0       120
18:17:13        89180     30272   8111436     99.63         0      2332   8820416     71.50   2180276   5427532         0       120
18:17:18        69876     10984   8130724     99.87         0      2368   8885956     72.03   2245784   5392984         0       120
18:17:23        78056     19164   8122544     99.76         0      2376   8820416     71.50   2180388   5392988         0       120
18:17:28       124352     65464   8076244     99.20         0      2376   8820416     71.50   2180436   5392992         0       120
18:17:33       120892     62004   8079704     99.24         0      2376   8820416     71.50   2163932   5392992         0       120
18:17:38       113724     54836   8086872     99.33         0      2376   8820416     71.50   2180072   5392992         0       120
18:17:43       120260     61368   8080340     99.25         0      2376   8820416     71.50   2180300   5392988         0       120
18:17:48       108940     50052   8091656     99.39         0      2376   8820416     71.50   2180320   5392992         0       120
18:17:53        99816     40928   8100780     99.50         0      2376   8820416     71.50   2180272   5392992         0       120
18:17:58       107896     49008   8092700     99.40         0      2376   8820416     71.50   2180392   5392992         0       120
18:18:03       101248     42360   8099348     99.48         0      2376   8820416     71.50   2180268   5392992         0       120
18:18:08        99448     40560   8101148     99.50         0      2376   8820416     71.50   2180312   5392992         0       120
18:18:13        83192     24300   8117408     99.70         0      2376   8820416     71.50   2180340   5392988         0       120
18:18:18        88980     30088   8111620     99.63         0      2376   8820416     71.50   2180352   5392988         0       120
18:18:23       132244     73356   8068352     99.10         0      2376   8820416     71.50   2114868   5392992         0       120
18:18:28        95940     37052   8104656     99.54         0      2384   8820416     71.50   2180248   5392992         0       120
18:18:33       349356    290468   7851240     96.43         0      2384   8820416     71.50   1940604   5392992         0       120
18:18:38        95960     37072   8104636     99.54         0      2384   8820416     71.50   2180344   5392992         0       120
18:18:43        99492     40604   8101104     99.50         0      2384   8820416     71.50   2180344   5392992         0       120
18:18:48       100724     41836   8099872     99.49         0      2384   8820416     71.50   2188420   5392992         0       120
18:18:53       102824     43936   8097772     99.46         0      2384   8820416     71.50   2188428   5392992         0       120
18:18:58        95312     36424   8105284     99.55         0      2384   8820416     71.50   2188456   5392992         0       120
18:19:03       101640     42752   8098956     99.47         0      2384   8820416     71.50   2188468   5392992         0       120
18:19:08      1478428   1419540   6722168     82.56         0      2384   8820416     71.50   2783648   3406776         0       120
18:19:13        65768      6876   8134832     99.92         0      2368   8820416     71.50   4262944   3338160         0       120
18:19:18        95148     36260   8105448     99.55         0      2384   8820416     71.50   4263068   3297976         0       120
18:19:23       975000    916112   7225596     88.75         0      2388   8820416     71.50   3370596   3297980         0       120
18:19:28        62292      3408   8138300     99.96         0      2388   8820416     71.50   4262996   3297984         0       120
18:19:33        70220     11328   8130380     99.86         0      2376   8820416     71.50   4230252   3270064         0       120
18:19:38        87348     28456   8113252     99.65         0      2380   8820416     71.50   4262704   3242164         0       120
18:19:43        93324     34436   8107272     99.58         0      2388   8820416     71.50   4263064   3242172         0       120
18:19:48        94204     35316   8106392     99.57         0      2392   8820416     71.50   4263092   3242172         0       120
18:19:53       104552     45664   8096044     99.44         0      2392   8820416     71.50   4262952   3242172         0       120
18:19:58       104324     45436   8096272     99.44         0      2392   8820416     71.50   4254820   3242172         0       120
18:20:03       108136     49248   8092460     99.40         0      2392   8820416     71.50   4263120   3242172         0       120
18:20:08       116308     57420   8084288     99.29         0      2392   8820416     71.50   4246624   3242172         0       120
18:20:13        88644     29756   8111952     99.63         0      2392   8820416     71.50   4262996   3242172         0       120
18:20:18        95064     36176   8105532     99.56         0      2392   8820416     71.50   4263080   3242172         0       120
18:20:23        90908     32020   8109688     99.61         0      2392   8820416     71.50   4263040   3242172         0       120
18:20:28        94204     35316   8106392     99.57         0      2392   8820416     71.50   4263008   3242172         0       120
18:20:33        89404     30516   8111192     99.63         0      2392   8820416     71.50   4263088   3242172         0       120
18:20:38        94136     35248   8106460     99.57         0      2392   8820416     71.50   4263084   3242172         0       120
18:20:43       101460     42572   8099136     99.48         0      2392   8820416     71.50   4263032   3242172         0       120
18:20:48       100712     41824   8099884     99.49         0      2392   8820416     71.50   4262992   3242172         0       120
18:20:53        99988     41100   8100608     99.50         0      2392   8820416     71.50   4263028   3242168         0       120
18:20:58       101012     42124   8099584     99.48         0      2392   8820416     71.50   4263024   3242168         0       120
18:21:03       101780     42888   8098820     99.47         0      2392   8820416     71.50   4263084   3242164         0       120
18:21:08       103052     44164   8097544     99.46         0      2392   8820416     71.50   4263020   3242172         0       120
18:21:13        92008     33120   8108588     99.59         0      2392   8820416     71.50   4263112   3242168         0       120
18:21:18        96480     37592   8104116     99.54         0      2392   8820416     71.50   4263092   3242172         0       120
18:21:23       102892     44004   8097704     99.46         0      2392   8820416     71.50   4263040   3242172         0       120
18:21:28        96164     37276   8104432     99.54         0      2392   8820416     71.50   4263092   3242172         0       120
18:21:33       101956     43072   8098636     99.47         0      2396   8820416     71.50   4263128   3242176         0       120
18:21:38        98288     39400   8102308     99.52         0      2396   8820416     71.50   4263072   3242172         0       120
18:21:43        85432     26548   8115160     99.67         0      2396   8820416     71.50   4263040   3242184         0       120
18:21:48        97372     38488   8103220     99.53         0      2396   8820416     71.50   4263092   3242184         0       120
18:21:53        92756     33872   8107836     99.58         0      2396   8820416     71.50   4263052   3242184         0       120
18:21:58        98532     39648   8102060     99.51         0      2396   8820416     71.50   4263052   3242184         0       120
18:22:03        97360     38476   8103232     99.53         0      2396   8820416     71.50   4263040   3242184         0       120
18:22:08        97304     38416   8103292     99.53         0      2404   8820416     71.50   4230336   3242180         0       120
18:22:13        84092     25208   8116500     99.69         0      2404   8820416     71.50   4263048   3242184         0       120
18:22:18        81224     22340   8119368     99.73         0      2408   8820416     71.50   4263068   3242184         0       120
18:22:23       286552    227668   7914040     97.20         0      2412   8820416     71.50   4000948   3242184         0       120
18:22:28       286300    227416   7914292     97.21         0      2412   8820416     71.50   4000952   3242184         0       120
18:22:33       300004    241120   7900588     97.04         0      2412   8820416     71.50   4000900   3242184         0       120
18:22:38       315356    256472   7885236     96.85         0      2412   8820416     71.50   3983588   3242184         0       120
18:22:43       310004    251120   7890588     96.92         0      2412   8820416     71.50   4000908   3242184         0       120
18:22:48       689508    630624   7511084     92.25         0      2412   8820416     71.50   3654616   3242184         0       120
18:22:53       215224    156360   7985348     98.08         0      2412   8820416     71.50   4118740   3242228         0       120
18:22:58        52400     52400   8089308     99.36         0      2412   8820416     71.50   4262996   3242224         0       120
18:23:03        56384     56384   8085324     99.31         0      2412   8820416     71.50   4263008   3242228         0       120
18:23:08        59316       452   8141256     99.99         0      2412   8820416     71.50   4263040   3242228         0       120
18:23:13        63552      4688   8137020     99.94         0      2412   8820416     71.50   4263024   3242228         0       120
18:23:18        63088      4224   8137484     99.95         0      2412   8820416     71.50   4262968   3242228         0       120
18:23:23        66700      7836   8133872     99.90         0      2412   8820416     71.50   4262948   3242228         0       120
18:23:28        82908     24044   8117664     99.70         0      2412   8820416     71.50   4319436   3185908         0       120
18:23:33        72376     13300   8128408     99.84         0      1876   8820416     71.50   2375684   5595900         0       120
18:23:38        66880      8668   8133040     99.89         0      3964   8820416     71.50    380564   7556580         0       100
18:23:43       100232     42200   8099508     99.48         0      4084   8820416     71.50    407992   7469604         0       100
18:23:48        98308     40288   8101420     99.51         0      4112   8820416     71.50    539092   7329592         0       100
18:23:53        91364     33428   8108280     99.59         0      4368   8820416     71.50   1596628   6256856         0       108
18:23:58        71156     13264   8128444     99.84         0      4368   8853188     71.77   2292664   5602864         0       108
18:24:03       109636     51208   8090500     99.37         0      3296   8820416     71.50   2652940   5172332         0       112
18:24:08        79176     20788   8120920     99.74         0      3396   8820416     71.50   2802316   5041644         0       112
18:24:13        78316     19952   8121756     99.75         0      3440   8820416     71.50   2802312   5041688         0       112
18:24:18        86864     28500   8113208     99.65         0      3440   8820416     71.50   2802324   5041688         0       112
18:24:23        72184     13820   8127888     99.83         0      3440   8820416     71.50   2802088   5041688         0       112
18:24:28        81824     23460   8118248     99.71         0      3440   8820416     71.50   2802412   5041688         0       112
18:24:33        80356     21992   8119716     99.73         0      3440   8820416     71.50   3633000   4253520         0       112
18:24:38       109868     51504   8090204     99.37         0      3440   8820416     71.50   3641124   4199940         0       112
18:24:43       118140     59772   8081936     99.27         0      3440   8820416     71.50   3608408   4199756         0       112
18:24:48       118560     60196   8081512     99.26         0      3440   8820416     71.50   3641188   4199760         0       112
18:24:53       109852     51484   8090224     99.37         0      3440   8820416     71.50   3641684   4199756         0       112
18:24:58       101576     43208   8098500     99.47         0      3444   8820416     71.50   3641664   4199756         0       112
18:25:03       301112    242748   7898960     97.02         0      3444   8820416     71.50   3434872   4199760         0       112
18:25:08        75000     16808   8124900     99.79         0      3804   8820416     71.50   3641664   4200124         0       112
18:25:13        80136     21944   8119764     99.73         0      3804   8820416     71.50   3641668   4200124         0       112
18:25:18        87728     29536   8112172     99.64         0      3804   8820416     71.50   3641700   4200124         0       112
18:25:23        89620     31428   8110280     99.61         0      3808   8820416     71.50   3641720   4200124         0       112
18:25:28        90276     32084   8109624     99.61         0      3808   8820416     71.50   3641612   4200124         0       112
18:25:33        91016     32820   8108888     99.60         0      3808   8820416     71.50   3641704   4200120         0       112
18:25:38        87512     29316   8112392     99.64         0      3808   8820416     71.50   3641712   4200120         0       112
18:25:43        88016     29824   8111884     99.63         0      3808   8820416     71.50   3641664   4200124         0       112
18:25:48        80216     22024   8119684     99.73         0      3808   8820416     71.50   3641640   4200124         0       112
18:25:53        89880     31688   8110020     99.61         0      3816   8820416     71.50   3641708   4200124         0       112
18:25:58        87312     29120   8112588     99.64         0      3816   8820416     71.50   3641716   4200124         0       112
18:26:03        65604      7408   8134300     99.91         0      3816   8820416     71.50   4671160   3173216         0       112
18:26:08       227692    169496   7972212     97.92         0      3816   8820416     71.50   4409104   3271256         0       112
18:26:13        83572     25376   8116332     99.69         0      3816   8820416     71.50   4685164   3159140         0       112
18:26:18        60840      2648   8139060     99.97         0      3816   8820416     71.50   4685236   3159144         0       112
18:26:23        66872      8676   8133032     99.89         0      3816   8820416     71.50   4685260   3159140         0       112
18:26:28        69268     11072   8130636     99.86         0      3816   8820416     71.50   4685232   3159140         0       112
18:26:33       191216    133020   8008688     98.37         0      3816   8820416     71.50   4554120   3159140         0       112
18:26:38       238156    179964   7961744     97.79         0      3816   8820416     71.50   4505160   3159144         0       112
18:26:43       348856    290664   7851044     96.43         0      3816   8820416     71.50   4395516   3159144         0       112
18:26:48        66264      8072   8133636     99.90         0      3816   8820416     71.50   4685200   3159144         0       112
18:26:53        70504     12312   8129396     99.85         0      3816   8820416     71.50   4685160   3159144         0       112
18:26:58        67272      9080   8132628     99.89         0      3816   8820416     71.50   4685208   3159144         0       112
18:27:03        76980     18788   8122920     99.77         0      3816   8820416     71.50   4685096   3159144         0       112
18:27:08        78976     20784   8120924     99.74         0      3816   8820416     71.50   4685100   3159144         0       112
18:27:13        62644      4452   8137256     99.95         0      3816   8820416     71.50   4685140   3159144         0       112
18:27:18        69628     11436   8130272     99.86         0      3816   8820416     71.50   4653012   3158508         0       112
18:27:23        92396     34208   8107500     99.58         0      3812   8820416     71.50   5076032   2754068         0       108
18:27:28        82324     24136   8117572     99.70         0      3812   8820416     71.50   5076024   2754068         0       108
18:27:33        83064     24876   8116832     99.69         0      3816   8820416     71.50   5076040   2754068         0       108
18:27:38        86480     28292   8113416     99.65         0      3816   8820416     71.50   5076140   2754068         0       108
18:27:43        88224     30036   8111672     99.63         0      3816   8820416     71.50   5076072   2754068         0       108
18:27:48        76580     18392   8123316     99.77         0      3820   8820416     71.50   7734668    196352         0       112
18:27:53        75764     17576   8124132     99.78         0      3824   8820416     71.50   7742848    140288         0       116
18:27:58        79008     20820   8120888     99.74         0      3824   8820416     71.50   7742860    140288         0       116
18:28:03        78488     20300   8121408     99.75         0      3824   8820416     71.50   7742792    140288         0       116
18:28:08       185596    127408   8014300     98.44         0      3828   8820416     71.50   7645908    140288         0       116
18:28:13        59520      1336   8140372     99.98         0      3828   8820416     71.50   7756340    126792         0       116
18:28:18        62436      4252   8137456     99.95         0      3828   8820416     71.50   7756324    126792         0       116
18:28:23        70956     12772   8128936     99.84         0      3832   8820416     71.50   7823844     31596         0       116
18:28:28        72136     13952   8127756     99.83         0      3832   8820416     71.50   7815576     31596         0       116
18:28:33        69972     11788   8129920     99.86         0      3832   8820416     71.50   7823820     31596         0       116
18:28:38        69160     10976   8130732     99.87         0      3832   8820416     71.50   7823828     31592         0       116
18:28:43       105480     47296   8094412     99.42         0      3832   8820416     71.50   7731720     31592         0       116
18:28:48        86072     27888   8113820     99.66         0      3832   8820416     71.50   7758332     31592         0       116
18:28:53        62652      4436   8137272     99.95         0      3760   8820416     71.50    498996   7322084         0       116
18:28:58        85188     26976   8114732     99.67         0      3776   8820416     71.50    806836   6986348         0       116
18:29:03        86840     28628   8113080     99.65         0      3776   8820416     71.50    937912   6855348         0       116
18:29:08        94100     35888   8105820     99.56         0      3776   8820416     71.50    940352   6855348         0       116
18:29:13        91900     33688   8108020     99.59         0      3776   8820416     71.50    940352   6855348         0       116
18:29:18        90556     32344   8109364     99.60         0      3776   8820416     71.50    940248   6855348         0       116
18:29:23        75000     16788   8124920     99.79         0      3776   8820416     71.50    940356   6855348         0       116
18:29:28       146596     88384   8053324     98.91         0      3776   8820416     71.50   1382256   6331080         0       116
18:29:33        88764     30552   8111156     99.62         0      3776   8820416     71.50   1464692   6331080         0       116
18:29:38        88880     30672   8111036     99.62         0      3784   8820416     71.50   1460828   6331084         0       116
18:29:43        84256     26048   8115660     99.68         0      3784   8820416     71.50   1464648   6331084         0       116
18:29:48       207200    148992   7992716     98.17         0      3784   8820416     71.50   1342056   6331084         0       116
18:29:53       104332     46124   8095584     99.43         0      3784   8820416     71.50   1431996   6331084         0       116
18:29:58        90476     32264   8109444     99.60         0      3784   8820416     71.50   1464680   6331080         0       116
18:30:03        91456     33248   8108460     99.59         0      3784   8820416     71.50   1464636   6331084         0       116
18:30:08        94796     36584   8105124     99.55         0      3788   8820416     71.50   1464712   6331080         0       116
18:30:13        84520     26312   8115396     99.68         0      3788   8820416     71.50   1464704   6331084         0       116
18:30:18      1051420    993212   7148496     87.80         0      3788   8820416     71.50   1579892   5241508         0       116
18:30:23        81980     23772   8117936     99.71         0      3788   8820416     71.50   2554424   5241408         0       116
18:30:28        87188     28980   8112728     99.64         0      3788   8820416     71.50   2554404   5241408         0       116
18:30:33        75340     17132   8124576     99.79         0      3788   8820416     71.50   2538036   5241292         0       116
18:30:38        60452      2244   8139464     99.97         0      3788   8820416     71.50   2554324   5241292         0       116
18:30:43        69184     10976   8130732     99.87         0      3788   8820416     71.50   2554328   5241292         0       116
18:30:48        74380     16172   8125536     99.80         0      3788   8820416     71.50   2547752   5241292         0       116
18:30:53        78196     19988   8121720     99.75         0      3788   8820416     71.50   2554332   5241292         0       116
18:30:58        70216     12008   8129700     99.85         0      3788   8820416     71.50   2554276   5241292         0       116
18:31:03        71864     13656   8128052     99.83         0      3788   8820416     71.50   2554456   5241292         0       116
18:31:08        75468     17260   8124448     99.79         0      3788   8820416     71.50   2554416   5241292         0       116
18:31:13        77372     19164   8122544     99.76         0      3788   8820416     71.50   2554352   5241288         0       116
18:31:18       104708     46500   8095208     99.43         0      3788   8820416     71.50   3508956   4258840         0       116
18:31:23       117068     58860   8082848     99.28         0      3788   8820416     71.50   3508932   4258840         0       116
18:31:28       119996     61792   8079916     99.24         0      3792   8820416     71.50   3508984   4258848         0       116
18:31:33       132908     74704   8067004     99.08         0      3792   8820416     71.50   3508912   4258844         0       116
18:31:38       111168     52964   8088744     99.35         0      3792   8820416     71.50   3508984   4258844         0       116
18:31:43       117992     59788   8081920     99.27         0      3792   8820416     71.50   3500716   4258848         0       116
18:31:48       109552     51348   8090360     99.37         0      3792   8820416     71.50   3508904   4258848         0       116
18:31:53       116980     58776   8082932     99.28         0      3792   8820416     71.50   3508924   4258848         0       116
18:31:58       102352     44148   8097560     99.46         0      3792   8820416     71.50   3508888   4258844         0       116
18:32:03       101844     43640   8098068     99.46         0      3792   8820416     71.50   3508844   4258848         0       116
18:32:08       103280     45076   8096632     99.45         0      3792   8820416     71.50   5493616   2274332         0       116
18:32:13        66084      7744   8133964     99.90         0      3448   8820416     71.50    757272   7208680         0       120
18:32:18        61172      2196   8139512     99.97         0      2168   8820416     71.50   3467460   4505516         0       120
18:32:23        73788     14824   8126884     99.82         0      2184   8820416     71.50   3778168   4148556         0       116
18:32:28        56612     56612   8085096     99.30         0      2184   8820416     71.50   4571244   3322968         0       116
18:32:33       153268     94292   8047416     98.84         0      2168   8820416     71.50   4687484   3182980         0       116
18:32:38        53904     53904   8087804     99.34         0      2180   8820416     71.50   5314636   2610172         0       116
18:32:43        87324     28352   8113356     99.65         0      2176   8820416     71.50   6835288   1081400         0       116
18:32:48        90960     31992   8109716     99.61         0      2188   8820416     71.50   6835440   1081412         0       116
18:32:53        92684     33720   8107988     99.59         0      2188   8820416     71.50   6835388   1081416         0       116
18:32:58        92220     33256   8108452     99.59         0      2188   8820416     71.50   6835424   1081416         0       116
18:33:03        90540     31576   8110132     99.61         0      2188   8820416     71.50   6835424   1081416         0       116
18:33:08        97880     38912   8102796     99.52         0      2188   8820416     71.50   6819040   1081412         0       116
18:33:13        91464     32500   8109208     99.60         0      2188   8820416     71.50   6835392   1081416         0       116
18:33:18        96448     37484   8104224     99.54         0      2196   8820416     71.50   6835440   1081420         0       116
18:33:23        97376     38408   8103300     99.53         0      2196   8820416     71.50   6835412   1081416         0       116
18:33:28        97644     38680   8103028     99.52         0      2196   8820416     71.50   6835340   1081420         0       116
18:33:33        97916     38952   8102756     99.52         0      2196   8820416     71.50   6835244   1081420         0       116
18:33:38        98300     39336   8102372     99.52         0      2196   8820416     71.50   6835372   1081420         0       116
18:33:43        93104     34140   8107568     99.58         0      2196   8820416     71.50   6824208   1081420         0       116
18:33:48        78600     19624   8122084     99.76         0      2168   8820416     71.50   6835448   1045828         0       116
18:33:53       105940     46972   8094736     99.42         0      2188   8820416     71.50   6769988   1045840         0       116
18:33:58       122888     63920   8077788     99.21         0      2188   8820416     71.50   6769976   1045840         0       116
18:34:03        62148      3180   8138528     99.96         0      2188   8820416     71.50   6835452   1045840         0       116
18:34:08       134180     75212   8066496     99.08         0      2188   8820416     71.50   6776424   1045840         0       116
18:34:13        77716     18748   8122960     99.77         0      2188   8820416     71.50   6832952   1045840         0       116
18:34:18        79860     20892   8120816     99.74         0      2188   8820416     71.50   6835556   1045840         0       116
18:34:23        82788     23820   8117888     99.71         0      2188   8820416     71.50   6835560   1045840         0       116
18:34:28        84112     25144   8116564     99.69         0      2192   8820416     71.50   6835568   1045844         0       116
18:34:33        75700     16732   8124976     99.79         0      2192   8820416     71.50   6835496   1045844         0       116
18:34:38        74284     15316   8126392     99.81         0      2192   8820416     71.50   6835604   1045868         0       116
18:34:43        75160     16192   8125516     99.80         0      2196   8820416     71.50   6835560   1045868         0       116
18:34:48        74044     15076   8126632     99.81         0      2196   8820416     71.50   6835596   1045868         0       116
18:34:53       109124     50160   8091548     99.38         0      2196   8820416     71.50   6835608   1045872         0       116
18:34:58       158224     99260   8042448     98.78         0      2196   8820416     71.50   6789916   1045872         0       116
18:35:03       120880     61916   8079792     99.24         0      2196   8820416     71.50   6802892   1045872         0       116
18:35:08       106440     47476   8094232     99.42         0      2196   8820416     71.50   6835688   1045872         0       116
18:35:13       107512     48548   8093160     99.40         0      2196   8820416     71.50   6835668   1045872         0       116
18:35:18       103656     44692   8097016     99.45         0      2196   8820416     71.50   6835600   1045872         0       116
18:35:23       106180     47216   8094492     99.42         0      2200   8820416     71.50   6835608   1045872         0       116
18:35:28       105744     46780   8094928     99.43         0      2200   8820416     71.50   6835604   1045876         0       116
18:35:33       108332     49368   8092340     99.39         0      2200   8820416     71.50   6835600   1045876         0       116
18:35:38       114892     55928   8085780     99.31         0      2200   8820416     71.50   6827480   1045876         0       116
18:35:43       110372     51408   8090300     99.37         0      2200   8820416     71.50   6835568   1045876         0       116
18:35:48       120088     61124   8080584     99.25         0      2200   8820416     71.50   6835612   1045876         0       116
18:35:53       374416    315452   7826256     96.13         0      2200   8820416     71.50   6599800   1029576         0       116
18:35:58       112152     53188   8088520     99.35         0      2200   8820416     71.50   6851976   1029580         0       116
18:36:03       104380     45416   8096292     99.44         0      2200   8820416     71.50   6851948   1029580         0       116
18:36:08       117172     58208   8083500     99.29         0      2200   8820416     71.50   6851968   1029580         0       116
18:36:13       110668     51704   8090004     99.36         0      2200   8820416     71.50   6851980   1029580         0       116
18:36:18       118292     59328   8082380     99.27         0      2200   8820416     71.50   6851964   1029580         0       116
18:36:23       120036     61072   8080636     99.25         0      2200   8820416     71.50   6851992   1029580         0       116
18:36:28        83052     24088   8117620     99.70         0      2204   8820416     71.50   7015440    874740         0       120
18:36:33        78396     19432   8122276     99.76         0      2204   8820416     71.50   7015176    874740         0       120
18:36:38        83696     24732   8116976     99.70         0      2204   8820416     71.50   7015368    874740         0       120
18:36:43        73428     14464   8127244     99.82         0      2204   8820416     71.50   7015344    874740         0       120
18:36:48        55188     55188   8086520     99.32         0      2180   8820416     71.50   6642784   1206556         0       120
18:36:53       197928    138956   8002752     98.29         0      2188   8820416     71.50   6884312    874724         0       120
18:36:58       201516    142544   7999164     98.25         0      2200   8820416     71.50   6884340    874724         0       120
18:37:03       204208    145240   7996468     98.22         0      2204   8820416     71.50   6868024    874736         0       120
18:37:08        80260     21288   8120420     99.74         0      2184   8820416     71.50   7015420    846820         0       120
18:37:13        78176     19204   8122504     99.76         0      2196   8820416     71.50   7015344    846824         0       120
18:37:18        79088     20116   8121592     99.75         0      2196   8820416     71.50   7015464    846820         0       120
18:37:23        83580     24608   8117100     99.70         0      2196   8820416     71.50   7015356    846824         0       120
18:37:28        81120     22148   8119560     99.73         0      2196   8820416     71.50   7015424    846824         0       120
18:37:33        78480     19508   8122200     99.76         0      2200   8820416     71.50   7015364    846824         0       120
18:37:38        92036     33068   8108640     99.59         0      2200   8820416     71.50   7015420    846828         0       120
18:37:43        78612     19644   8122064     99.76         0      2200   8820416     71.50   7030176    846856         0       120
18:37:48        80780     21812   8119896     99.73         0      2200   8820416     71.50   7030100    846856         0       120
18:37:53        83100     24128   8117580     99.70         0      2200   8820416     71.50   7030184    846852         0       120
18:37:58        84020     25052   8116656     99.69         0      2204   8820416     71.50   7030156    846860         0       120
18:38:03        90152     31184   8110524     99.62         0      2204   8820416     71.50   7030172    846860         0       120
18:38:08        81420     22452   8119256     99.72         0      2204   8820416     71.50   7030080    846860         0       120
18:38:13        72732     13764   8127944     99.83         0      2204   8820416     71.50   7030136    846860         0       120
18:38:18        77216     18248   8123460     99.78         0      2204   8820416     71.50   7030140    846860         0       120
18:38:23        81436     22468   8119240     99.72         0      2204   8820416     71.50   7030112    846860         0       120
18:38:28        80236     21268   8120440     99.74         0      2204   8820416     71.50   7030080    846860         0       120
18:38:33        80276     21308   8120400     99.74         0      2204   8820416     71.50   7030160    846860         0       120
18:38:38        81748     22780   8118928     99.72         0      2204   8820416     71.50   7030144    846860         0       120
18:38:43        83792     24824   8116884     99.70         0      2204   8820416     71.50   7030188    846856         0       120
18:38:48        74732     15764   8125944     99.81         0      2204   8820416     71.50   7030032    846860         0       120
18:38:53        80400     21432   8120276     99.74         0      2204   8820416     71.50   7030148    846860         0       120
18:38:58        79772     20804   8120904     99.74         0      2204   8820416     71.50   7030152    846860         0       120
18:39:03      1152040   1093072   7048636     86.57         0      2204   8820416     71.50   5938140    829188         0       120
18:39:08      1153740   1094772   7046936     86.55         0      2204   8820416     71.50   5933700    829188         0       120
18:39:13      1108788   1049820   7091888     87.11         0      2204   8820416     71.50   5999228    829192         0       120
18:39:18      1110056   1051088   7090620     87.09         0      2204   8820416     71.50   5999204    829192         0       120
18:39:23      1114248   1055280   7086428     87.04         0      2204   8820416     71.50   5999324    829188         0       120
18:39:28      1124676   1065708   7076000     86.91         0      2204   8820416     71.50   5999224    829192         0       120
18:39:33      1115120   1056152   7085556     87.03         0      2204   8820416     71.50   5991080    829192         0       120
18:39:38      1121340   1062372   7079336     86.95         0      2204   8820416     71.50   5982888    829192         0       120
18:39:43      1124248   1065280   7076428     86.92         0      2204   8820416     71.50   5999260    829192         0       120
18:39:48      1123176   1064208   7077500     86.93         0      2204   8820416     71.50   5999204    829192         0       120
18:39:53      1110764   1051796   7089912     87.08         0      2204   8820416     71.50   5999168    829192         0       120
18:39:58      1103264   1044296   7097412     87.17         0      2204   8820416     71.50   5999124    829192         0       120
18:40:03      1120624   1061656   7080052     86.96         0      2204   8820416     71.50   5999192    829192         0       120
18:40:08      1120104   1061136   7080572     86.97         0      2204   8820416     71.50   5999192    829188         0       120
18:40:13      1117636   1058668   7083040     87.00         0      2204   8820416     71.50   5999212    829192         0       120
18:40:18      1130460   1071492   7070216     86.84         0      2204   8820416     71.50   5966464    829192         0       120
18:40:23      1112272   1053304   7088404     87.06         0      2204   8820416     71.50   5999240    829192         0       120
18:40:28      1103772   1044804   7096904     87.17         0      2204   8820416     71.50   5999172    829192         0       120
18:40:33      1102532   1043568   7098140     87.18         0      2208   8820416     71.50   5999216    829196         0       120
18:40:38      1110456   1051488   7090220     87.09         0      2212   8820416     71.50   5999276    829192         0       120
18:40:43      1430352   1371388   6770320     83.16         0      2220   8820416     71.50   5672280    829200         0       120
18:40:48      1097580   1038616   7103092     87.24         0      2220   8820416     71.50   5999252    829200         0       120
18:40:53      2385012   2326060   5815648     71.43         0      2220   8820416     71.50   5504220     10356         0       120
18:40:58       534032    475080   7666628     94.16         0      2220   8820416     71.50   7357724     10356         0       120
18:41:03       555768    496816   7644892     93.90         0      2220   8820416     71.50   7357736     10356         0       120
18:41:08       562260    503308   7638400     93.82         0      2220   8820416     71.50   7357744     10356         0       120
18:41:13        83688     24892   8116816     99.69         0      2588   8820416     71.50    115896   7788376         0        88
18:41:18        94236     35820   8105888     99.56         0      3308   8820416     71.50    850880   7072528         0        96
18:41:23        60216      1844   8139864     99.98         0      3352   8820416     71.50    851128   7072588         0        96
18:41:28        86324     28016   8113692     99.66         0      3488   8820416     71.50   1113220   6791564         0       104
18:41:33        82940     24632   8117076     99.70         0      3488   8820416     71.50   1113084   6791624         0       104
18:41:38        75852     17540   8124168     99.78         0      3488   8820416     71.50   1114264   6791628         0       104
18:41:43        92496     34184   8107524     99.58         0      3488   8820416     71.50   1114268   6791628         0       104
18:41:48        85368     27056   8114652     99.67         0      3488   8820416     71.50   1114356   6791640         0       104
18:41:53        85404     27096   8114612     99.67         0      3488   8820416     71.50   1114324   6791644         0       104
18:41:58       178200    119888   8021820     98.53         0      3488   8820416     71.50   1021564   6773528         0       104
18:42:03        82928     24620   8117088     99.70         0      3488   8820416     71.50   1093900   6773556         0       104
18:42:08        89048     30740   8110968     99.62         0      3488   8820416     71.50   1132380   6773556         0       104
18:42:13        91580     33272   8108436     99.59         0      3488   8820416     71.50   1132432   6773556         0       104
18:42:18        85364     27056   8114652     99.67         0      3488   8820416     71.50   1127864   6773556         0       104
18:42:23        84548     26240   8115468     99.68         0      3488   8820416     71.50   1138320   6769564         0       104
18:42:28        85028     26716   8114992     99.67         0      3488   8820416     71.50   1138440   6769560         0       104
18:42:33        88992     30684   8111024     99.62         0      3488   8820416     71.50   1138412   6769564         0       104
18:42:38        91952     33640   8108068     99.59         0      3488   8820416     71.50   1138432   6769560         0       104
18:42:43        95212     36904   8104804     99.55         0      3488   8820416     71.50   1138444   6769564         0       104
18:42:48        96644     38336   8103372     99.53         0      3488   8820416     71.50   1138412   6769564         0       104
18:42:53       105928     47620   8094088     99.42         0      3488   8820416     71.50   1105240   6769564         0       104
18:42:58        98096     39784   8101924     99.51         0      3488   8820416     71.50   1138448   6769560         0       104
18:43:03       319504    261196   7880512     96.79         0      3488   8820416     71.50    880308   6769696         0       104
18:43:08       339960    281652   7860056     96.54         0      3492   8820416     71.50    880316   6769696         0       104
18:43:13       342320    284012   7857696     96.51         0      3492   8820416     71.50    880244   6769696         0       104
18:43:18       334264    275956   7865752     96.61         0      3492   8820416     71.50    880292   6769696         0       104
18:43:23       341016    282708   7859000     96.53         0      3492   8820416     71.50   1828172   5803952         0       104
18:43:28       324180    265872   7875836     96.73         0      3492   8820416     71.50   1837868   5803952         0       104
18:43:33       326556    268248   7873460     96.71         0      3492   8820416     71.50   1845936   5803956         0       104
18:43:38        61936      3628   8138080     99.96         0      3496   8820416     71.50   2108296   5803956         0       104
18:43:43        68112      9804   8131904     99.88         0      3496   8820416     71.50   2108244   5803956         0       104
18:43:48        63068      4760   8136948     99.94         0      3496   8820416     71.50   2108232   5803956         0       104
18:43:53        63956      5648   8136060     99.93         0      3496   8820416     71.50   2108232   5803956         0       104
18:43:58        65236      6928   8134780     99.91         0      3496   8820416     71.50   2108228   5803956         0       104
18:44:03        61752      3444   8138264     99.96         0      3496   8820416     71.50   2108204   5803956         0       104
18:44:08        63412      5104   8136604     99.94         0      3496   8820416     71.50   2100032   5803956         0       104
18:44:13        60664      2356   8139352     99.97         0      3496   8820416     71.50   2108352   5803952         0       104
18:44:18       112448     54140   8087568     99.34         0      3496   8820416     71.50   2042788   5803952         0       104
18:44:23        74380     16072   8125636     99.80         0      3496   8820416     71.50   2108240   5775880         0       104
18:44:28        69444     11136   8130572     99.86         0      3504   8820416     71.50   2108268   5775796         0       104
18:44:33        92996     34692   8107016     99.57         0      3504   8820416     71.50   2108288   5775800         0       104
18:44:38        99532     41228   8100480     99.49         0      3504   8820416     71.50   2108376   5775676         0       104
18:44:43        69176     10872   8130836     99.87         0      3504   8820416     71.50   2116228   5748040         0       104
18:44:48        98168     39864   8101844     99.51         0      3504   8820416     71.50   2116296   5748040         0       104
18:44:53        91544     33240   8108468     99.59         0      3504   8820416     71.50   2116116   5748040         0       104
18:44:58        92232     33928   8107780     99.58         0      3504   8820416     71.50   2116352   5748040         0       104
18:45:03       108320     50016   8091692     99.39         0      3504   8820416     71.50   2116372   5748040         0       104
18:45:08       101104     42800   8098908     99.47         0      3504   8820416     71.50   2114296   5748036         0       104
18:45:13       112808     54504   8087204     99.33         0      3504   8820416     71.50   2116252   5748036         0       104
18:45:18        97044     38740   8102968     99.52         0      3504   8820416     71.50   2116328   5748040         0       104
18:45:23        86220     27916   8113792     99.66         0      3508   8820416     71.50   4251300   3660088         0       108
18:45:28       102180     43876   8097832     99.46         0      3512   8820416     71.50   4218576   3660088         0       112
18:45:33       110380     52084   8089624     99.36         0      3532   8951492     72.56   4382276   3535212         0       112
18:45:38       215552    157260   7984448     98.07         0      3532   8820416     71.50   4251116   3535216         0       112
18:45:43       434136    375844   7765864     95.38         0      3536   8820416     71.50   4016512   3534984         0       112
18:45:48       187540    129248   8012460     98.41         0      3536   8820416     71.50   4251412   3534980         0       112
18:45:53       174244    115952   8025756     98.58         0      3536   8820416     71.50   4251448   3534984         0       112
18:45:58       185376    127084   8014624     98.44         0      3536   8820416     71.50   4251424   3534984         0       112
18:46:03       186096    127804   8013904     98.43         0      3536   8820416     71.50   4251372   3534984         0       112
18:46:08       188496    130204   8011504     98.40         0      3536   8820416     71.50   4235048   3534984         0       112
18:46:13       178196    119904   8021804     98.53         0      3536   8820416     71.50   4249584   3534984         0       112
18:46:18       188560    130268   8011440     98.40         0      3536   8820416     71.50   4251536   3534984         0       112
18:46:23       177496    119204   8022504     98.54         0      3536   8820416     71.50   4251472   3534984         0       112
18:46:28       183064    124772   8016936     98.47         0      3536   8820416     71.50   4251296   3534984         0       112
18:46:33       174084    115792   8025916     98.58         0      3536   8820416     71.50   4251420   3534984         0       112
18:46:38       187876    129584   8012124     98.41         0      3536   8820416     71.50   4251452   3534984         0       112
18:46:43       172160    113872   8027836     98.60         0      3540   8820416     71.50   4251412   3534988         0       112
18:46:48       179932    121640   8020068     98.51         0      3540   8820416     71.50   4251432   3534984         0       112
18:46:53       199296    141004   8000704     98.27         0      3540   8820416     71.50   4251512   3534984         0       112
18:46:58       195212    136920   8004788     98.32         0      3540   8820416     71.50   4251464   3534984         0       112
18:47:03       202828    144540   7997168     98.22         0      3540   8820416     71.50   4251444   3534988         0       112
18:47:08       178424    120132   8021576     98.52         0      3540   8820416     71.50   4251472   3534984         0       112
18:47:13       292216    234156   7907552     97.12         0      3540   8820416     71.50   4120428   3534988         0       112
18:47:18       322304    264012   7877696     96.76         0      3540   8820416     71.50   4120332   3534984         0       112
18:47:23       565584    507296   7634412     93.77         0      3540   8820416     71.50   3851140   3534988         0       112
18:47:28       342668    284380   7857328     96.51         0      3540   8820416     71.50   4119020   3534988         0       112
18:47:33       178220    119932   8021776     98.53         0      3540   8820416     71.50   4251408   3534988         0       112
18:47:38       177972    119684   8022024     98.53         0      3540   8820416     71.50   4251328   3534988         0       112
18:47:43       186304    128016   8013692     98.43         0      3540   8820416     71.50   4251396   3534988         0       112
18:47:48       185424    127136   8014572     98.44         0      3544   8820416     71.50   4251500   3534988         0       112
18:47:53       196456    138168   8003540     98.30         0      3544   8820416     71.50   4231140   3534988         0       112
18:47:58       167564    109276   8032432     98.66         0      3544   8820416     71.50   4251428   3534988         0       112
18:48:03       183952    126760   8014948     98.44         0      5812   8820416     71.50   4217396   3542504         0       120

Average:       175823    119796   8021912     98.53         0      7431   8799950     71.34   4267848   3460778         0       806
