Linux 7.2.0-rc5-virtme (virtme-ng) 	08/02/26 	_x86_64_	(4 CPU)

06:07:14     %scpu-10  %scpu-60 %scpu-300     %scpu
06:07:19         0.60      0.15      0.03      0.05
06:07:24         0.40      0.14      0.03      0.02
06:07:29         0.22      0.12      0.03      0.00
06:07:34         0.14      0.11      0.02      0.00
06:07:39         0.08      0.10      0.02      0.00
06:07:44         0.05      0.10      0.02      0.00
06:07:49         0.02      0.08      0.02      0.00
06:07:54         0.01      0.08      0.02      0.00
06:07:59         0.00      0.07      0.02      0.00
06:08:04         0.00      0.06      0.02      0.00
06:08:09         0.00      0.06      0.02      0.00
06:08:14         0.00      0.05      0.02      0.00
06:08:19         0.00      0.05      0.01      0.00
06:08:24         0.00      0.04      0.01      0.00
06:08:29         0.00      0.04      0.01      0.00
06:08:34         0.00      0.03      0.01      0.00
06:08:39         0.00      0.03      0.01      0.00
06:08:44         0.00      0.03      0.01      0.00
06:08:49         0.00      0.02      0.01      0.00
06:08:54         0.00      0.02      0.01      0.00
06:08:59         0.00      0.02      0.00      0.00
06:09:04         0.00      0.02      0.00      0.00
06:09:09         0.00      0.01      0.00      0.01
06:09:14         0.00      0.01      0.00      0.00
06:09:19         0.00      0.01      0.00      0.00
06:09:24         0.00      0.01      0.00      0.00
06:09:29         0.00      0.01      0.00      0.02
06:09:34         0.00      0.01      0.00      0.00
06:09:39         0.00      0.00      0.00      0.00
06:09:44         0.00      0.00      0.00      0.00
06:09:49         0.00      0.00      0.00      0.00
06:09:54         0.00      0.00      0.00      0.00
06:09:59         0.00      0.00      0.00      0.00
06:10:04         0.00      0.00      0.00      0.00
06:10:09         0.00      0.00      0.00      0.00
06:10:14         0.00      0.00      0.00      0.00
06:10:19         0.00      0.00      0.00      0.00
06:10:24         0.00      0.00      0.00      0.00
06:10:29         0.00      0.00      0.00      0.00
06:10:34         0.00      0.00      0.00      0.00
06:10:39         0.00      0.00      0.00      0.00
06:10:44         0.00      0.00      0.00      0.00
06:10:49         0.00      0.00      0.00      0.00
06:10:54         0.00      0.00      0.00      0.00
06:10:59         0.00      0.00      0.00      0.00
06:11:04         0.00      0.00      0.00      0.00
06:11:09         0.00      0.00      0.00      0.02
06:11:14         0.00      0.00      0.00      0.00
06:11:19         0.00      0.00      0.00      0.00
06:11:24         0.00      0.00      0.00      0.00
06:11:29         0.00      0.00      0.00      0.00
06:11:34         0.00      0.00      0.00      0.00
06:11:39         0.00      0.00      0.00      0.00
06:11:44         0.00      0.00      0.00      0.00
06:11:49         0.00      0.00      0.00      0.23
06:11:54         0.00      0.00      0.00      0.03
06:11:59         0.00      0.00      0.00      0.01
06:12:04         0.00      0.00      0.00      0.00
06:12:09         0.00      0.00      0.00      0.00
06:12:14         0.00      0.00      0.00      0.01
06:12:19         0.00      0.00      0.00      0.01
06:12:24         0.00      0.00      0.00      0.01
06:12:29         0.00      0.00      0.00      0.01
06:12:34         0.00      0.00      0.00      0.00
06:12:39         0.00      0.00      0.00      0.00
06:12:44         0.00      0.00      0.00      0.00
06:12:49         0.00      0.00      0.00      0.01
06:12:54         0.00      0.00      0.00      0.01
06:12:59         0.00      0.00      0.00      0.01
06:13:04         0.00      0.00      0.00      0.01
06:13:09         0.00      0.00      0.00      0.01
06:13:14         0.00      0.00      0.00      0.01
06:13:19         0.00      0.00      0.00      0.01
06:13:24         0.00      0.00      0.00      0.01
06:13:29         0.00      0.00      0.00      0.01
06:13:34         0.00      0.00      0.00      0.01
06:13:39         0.00      0.00      0.00      0.01
06:13:44         0.00      0.00      0.00      0.01
06:13:49         0.00      0.00      0.00      0.01
06:13:54         0.00      0.00      0.00      0.01
06:13:59         0.00      0.00      0.00      0.01
06:14:04         0.00      0.00      0.00      0.01
06:14:09         0.00      0.00      0.00      0.01
06:14:14         0.00      0.00      0.00      0.01
06:14:19         0.00      0.00      0.00      0.01
06:14:24         0.00      0.00      0.00      0.01
06:14:29         0.00      0.00      0.00      0.01
06:14:34         0.00      0.00      0.00      0.01
06:14:39         0.00      0.00      0.00      0.01
06:14:44         0.00      0.00      0.00      0.01
06:14:49         0.00      0.00      0.00      0.01
06:14:54         0.00      0.00      0.00      0.01
06:14:59         0.00      0.00      0.00      0.01
06:15:04         0.00      0.00      0.00      0.01
06:15:09         0.00      0.00      0.00      0.01
06:15:14         0.00      0.00      0.00      0.01
06:15:19         0.00      0.00      0.00      0.01
06:15:24         0.00      0.00      0.00      0.01
06:15:29         0.00      0.00      0.00      0.01
06:15:34         0.00      0.00      0.00      0.01
06:15:39         0.00      0.00      0.00      0.01
06:15:44         0.00      0.00      0.00      0.01
06:15:49         0.00      0.00      0.00      0.01
06:15:54         0.00      0.00      0.00      0.01
06:15:59         0.00      0.00      0.00      0.01
06:16:04         0.00      0.00      0.00      0.01
06:16:09         0.00      0.00      0.00      0.01
06:16:14         0.00      0.00      0.00      0.01
06:16:19         0.00      0.00      0.00      0.01
06:16:24         0.00      0.00      0.00      0.01
06:16:29         0.00      0.00      0.00      0.01
06:16:34         0.00      0.00      0.00      0.01
06:16:39         0.00      0.00      0.00      0.01
06:16:44         0.00      0.00      0.00      0.01
06:16:49         0.00      0.00      0.00      0.01
06:16:54         0.00      0.00      0.00      0.01
06:16:59         0.00      0.00      0.00      0.03
06:17:04         0.00      0.00      0.00      0.01
06:17:09         0.00      0.00      0.00      0.01
06:17:14         0.00      0.00      0.00      0.01
06:17:19         0.00      0.00      0.00      0.01
06:17:24         0.00      0.00      0.00      0.01
06:17:29         0.00      0.00      0.00      0.01
06:17:34         0.00      0.00      0.00      0.01
06:17:39         0.00      0.00      0.00      0.01
06:17:44         0.00      0.00      0.00      0.01
06:17:49         0.00      0.00      0.00      0.01
06:17:54         0.00      0.00      0.00      0.01
06:17:59         0.00      0.00      0.00      0.01
06:18:04         0.00      0.00      0.00      0.01
06:18:09         0.00      0.00      0.00      0.01
06:18:14         0.00      0.00      0.00      0.01
06:18:19         0.00      0.00      0.00      0.01
06:18:24         0.00      0.00      0.00      0.01
06:18:29         0.00      0.00      0.00      0.01
06:18:34         0.00      0.00      0.00      0.01
06:18:39         0.00      0.00      0.00      0.01
06:18:44         0.00      0.00      0.00      0.01
06:18:49         0.00      0.00      0.00      0.01
06:18:54         0.00      0.00      0.00      0.01
06:18:59         0.00      0.00      0.00      0.01
06:19:04         0.00      0.00      0.00      0.01
06:19:09         0.00      0.00      0.00      0.01
06:19:14         0.00      0.00      0.00      0.01
06:19:19         0.00      0.00      0.00      0.01
06:19:24         0.00      0.00      0.00      0.01
06:19:29         0.00      0.00      0.00      0.01
06:19:34         0.00      0.00      0.00      0.01
06:19:39         0.00      0.00      0.00      0.01
06:19:44         0.00      0.00      0.00      0.01
06:19:49         0.00      0.00      0.00      0.01
06:19:54         0.00      0.00      0.00      0.01
06:19:59         0.00      0.00      0.00      0.01
06:20:04         0.00      0.00      0.00      0.01
06:20:09         0.00      0.00      0.00      0.03
06:20:14         0.00      0.00      0.00      0.01
06:20:19         0.00      0.00      0.00      0.01
06:20:24         0.00      0.00      0.00      0.01
06:20:29         0.00      0.00      0.00      0.01
06:20:34         0.00      0.00      0.00      0.01
06:20:39         0.00      0.00      0.00      0.01
06:20:44         0.00      0.00      0.00      0.01
06:20:49         0.00      0.00      0.00      0.01
06:20:54         0.00      0.00      0.00      0.01
06:20:59         0.00      0.00      0.00      0.01
06:21:04         0.00      0.00      0.00      0.01
06:21:09         0.00      0.00      0.00      0.01
06:21:14         0.00      0.00      0.00      0.01
06:21:19         0.00      0.00      0.00      0.01
06:21:24         0.00      0.00      0.00      0.01
06:21:29         0.00      0.00      0.00      0.01
06:21:34         0.00      0.00      0.00      0.01
06:21:39         0.00      0.00      0.00      0.01
06:21:44         0.00      0.00      0.00      0.01
06:21:49         0.00      0.00      0.00      0.01
06:21:54         0.00      0.00      0.00      0.01
06:21:59         0.00      0.00      0.00      0.01
06:22:04         0.00      0.00      0.00      0.01
06:22:09         0.00      0.00      0.00      0.01
06:22:14         0.00      0.00      0.00      0.01
06:22:19         0.00      0.00      0.00      0.01
06:22:24         0.00      0.00      0.00      0.03
06:22:29         0.00      0.00      0.00      0.01
06:22:34         0.00      0.00      0.00      0.01
06:22:39         0.00      0.00      0.00      0.01
06:22:44         0.00      0.00      0.00      0.01
06:22:49         0.00      0.00      0.00      0.01
06:22:54         0.00      0.00      0.00      0.01
06:22:59         0.00      0.00      0.00      0.01
06:23:04         0.00      0.00      0.00      0.01
06:23:09         0.00      0.00      0.00      0.01
06:23:14         0.00      0.00      0.00      0.01
06:23:19         0.00      0.00      0.00      0.01
06:23:24         0.00      0.00      0.00      0.01
06:23:29         0.00      0.00      0.00      0.01
06:23:34         0.00      0.00      0.00      0.01
06:23:39         0.00      0.00      0.00      0.01
06:23:44         0.00      0.00      0.00      0.01
06:23:49         0.00      0.00      0.00      0.01
06:23:54         0.00      0.00      0.00      0.06
06:23:59         0.00      0.00      0.00      0.01
06:24:04         0.00      0.00      0.00      0.01
06:24:09         0.00      0.00      0.00      0.01
06:24:14         0.00      0.00      0.00      0.00
06:24:19         0.00      0.00      0.00      0.01
06:24:24         0.00      0.00      0.00      0.00
06:24:29         0.00      0.00      0.00      0.00
06:24:34         0.00      0.00      0.00      0.00
06:24:39         0.00      0.00      0.00      0.01
06:24:44         0.00      0.00      0.00      0.01
06:24:49         0.00      0.00      0.00      0.01
06:24:54         0.00      0.00      0.00      0.01
06:24:59         0.00      0.00      0.00      0.01
06:25:04         0.00      0.00      0.00      0.01
06:25:09         0.00      0.00      0.00      0.01
06:25:14         0.00      0.00      0.00      0.01
06:25:19         0.00      0.00      0.00      0.01
06:25:24         0.00      0.00      0.00      0.01
06:25:29         0.00      0.00      0.00      0.01
06:25:34         0.00      0.00      0.00      0.01
06:25:39         0.00      0.00      0.00      0.01
06:25:44         0.00      0.00      0.00      0.01
06:25:49         0.00      0.00      0.00      0.01
06:25:54         0.00      0.00      0.00      0.01
06:25:59         0.00      0.00      0.00      0.01
06:26:04         0.00      0.00      0.00      0.01
06:26:09         0.00      0.00      0.00      0.01
06:26:14         0.00      0.00      0.00      0.01
06:26:19         0.00      0.00      0.00      0.01
06:26:24         0.00      0.00      0.00      0.01
06:26:29         0.00      0.00      0.00      0.01
06:26:34         0.00      0.00      0.00      0.01
06:26:39         0.00      0.00      0.00      0.01
06:26:44         0.00      0.00      0.00      0.01
06:26:49         0.00      0.00      0.00      0.01
06:26:54         0.00      0.00      0.00      0.03
06:26:59         0.00      0.00      0.00      0.01
06:27:04         0.00      0.00      0.00      0.01
06:27:09         0.00      0.00      0.00      0.01
06:27:14         0.00      0.00      0.00      0.01
06:27:19         0.00      0.00      0.00      0.01
06:27:24         0.00      0.00      0.00      0.01
06:27:29         0.00      0.00      0.00      0.01
06:27:34         0.00      0.00      0.00      0.01
06:27:39         0.00      0.00      0.00      0.01
06:27:44         0.00      0.00      0.00      0.01
06:27:49         0.00      0.00      0.00      0.01
06:27:54         0.00      0.00      0.00      0.01
06:27:59         0.00      0.00      0.00      0.01
06:28:04         0.00      0.00      0.00      0.01
06:28:09         0.00      0.00      0.00      0.01
06:28:14         0.00      0.00      0.00      0.01
06:28:19         0.00      0.00      0.00      0.01
06:28:24         0.00      0.00      0.00      0.01
06:28:29         0.00      0.00      0.00      0.01
06:28:34         0.00      0.00      0.00      0.01
06:28:39         0.00      0.00      0.00      0.01
06:28:44         0.00      0.00      0.00      0.01
06:28:49         0.00      0.00      0.00      0.01
06:28:54         0.00      0.00      0.00      0.01
06:28:59         0.00      0.00      0.00      0.01
06:29:04         0.00      0.00      0.00      0.01
06:29:09         0.00      0.00      0.00      0.01
06:29:14         0.00      0.00      0.00      0.01
06:29:19         0.00      0.00      0.00      0.01
06:29:24         0.00      0.00      0.00      0.01
06:29:29         0.00      0.00      0.00      0.01
06:29:34         0.00      0.00      0.00      0.01
06:29:39         0.00      0.00      0.00      0.01
06:29:44         0.00      0.00      0.00      0.01
06:29:49         0.00      0.00      0.00      0.01
06:29:54         0.00      0.00      0.00      0.01
06:29:59         0.00      0.00      0.00      0.01
06:30:04         0.00      0.00      0.00      0.01
06:30:09         0.00      0.00      0.00      0.01
06:30:14         0.00      0.00      0.00      0.01
06:30:19         0.00      0.00      0.00      0.01
06:30:24         0.00      0.00      0.00      0.01
06:30:29         0.00      0.00      0.00      0.01
06:30:34         0.00      0.00      0.00      0.01
06:30:39         0.00      0.00      0.00      0.01
06:30:44         0.00      0.00      0.00      0.01
06:30:49         0.00      0.00      0.00      0.01
06:30:54         0.00      0.00      0.00      0.01
06:30:59         0.00      0.00      0.00      0.01
06:31:04         0.00      0.00      0.00      0.03
06:31:09         0.00      0.00      0.00      0.01
06:31:14         0.00      0.00      0.00      0.01
06:31:19         0.00      0.00      0.00      0.01
06:31:24         0.00      0.00      0.00      0.01
06:31:29         0.00      0.00      0.00      0.01
06:31:34         0.00      0.00      0.00      0.01
06:31:39         0.00      0.00      0.00      0.01
06:31:44         0.00      0.00      0.00      0.01
06:31:49         0.00      0.00      0.00      0.01
06:31:54         0.00      0.00      0.00      0.01
06:31:59         0.00      0.00      0.00      0.01
06:32:04         0.00      0.00      0.00      0.01
06:32:09         0.00      0.00      0.00      0.01
06:32:14         0.00      0.00      0.00      0.01
06:32:19         0.00      0.00      0.00      0.01
06:32:24         0.00      0.00      0.00      0.01
06:32:29         0.00      0.00      0.00      0.01
06:32:34         0.00      0.00      0.00      0.01
06:32:39         0.00      0.00      0.00      0.01
06:32:44         0.00      0.00      0.00      0.01
06:32:49         0.00      0.00      0.00      0.01
06:32:54         0.00      0.00      0.00      0.01
06:32:59         0.00      0.00      0.00      0.01
06:33:04         0.00      0.00      0.00      0.01
06:33:09         0.00      0.00      0.00      0.01
06:33:14         0.00      0.00      0.00      0.01
06:33:19         0.00      0.00      0.00      0.01
06:33:24         0.00      0.00      0.00      0.01
06:33:29         0.00      0.00      0.00      0.01
06:33:34         0.00      0.00      0.00      0.01
06:33:39         0.00      0.00      0.00      0.01
06:33:44         0.00      0.00      0.00      0.01
06:33:49         0.00      0.00      0.00      0.01
06:33:54         0.00      0.00      0.00      0.01
06:33:59         0.00      0.00      0.00      0.01
06:34:04         0.00      0.00      0.00      0.01
06:34:09         0.00      0.00      0.00      0.03
06:34:14         0.00      0.00      0.00      0.01
06:34:19         0.00      0.00      0.00      0.01
06:34:24         0.00      0.00      0.00      0.01
06:34:29         0.00      0.00      0.00      0.01
06:34:34         0.00      0.00      0.00      0.01
06:34:39         0.00      0.00      0.00      0.01
06:34:44         0.00      0.00      0.00      0.01
06:34:49         0.00      0.00      0.00      0.01
06:34:54         0.00      0.00      0.00      0.01
06:34:59         0.00      0.00      0.00      0.01
06:35:04         0.00      0.00      0.00      0.01
06:35:09         0.00      0.00      0.00      0.01
06:35:14         0.00      0.00      0.00      0.01
06:35:19         0.00      0.00      0.00      0.01
06:35:24         0.00      0.00      0.00      0.01
06:35:29         0.00      0.00      0.00      0.01
06:35:34         0.00      0.00      0.00      0.01
06:35:39         0.00      0.00      0.00      0.01
06:35:44         0.00      0.00      0.00      0.01
06:35:49         0.00      0.00      0.00      0.01
06:35:54         0.00      0.00      0.00      0.01
06:35:59         0.00      0.00      0.00      0.01
06:36:04         0.00      0.00      0.00      0.01
06:36:09         0.00      0.00      0.00      0.01
06:36:14         0.00      0.00      0.00      0.01
06:36:19         0.00      0.00      0.00      0.01
06:36:24         0.00      0.00      0.00      0.01
06:36:29         0.00      0.00      0.00      0.01
06:36:34         0.00      0.00      0.00      0.01
06:36:39         0.00      0.00      0.00      0.01
06:36:44         0.00      0.00      0.00      0.01
06:36:49         0.00      0.00      0.00      0.01
06:36:54         0.00      0.00      0.00      0.01
06:36:59         0.00      0.00      0.00      0.03
06:37:04         0.00      0.00      0.00      0.01
06:37:09         0.00      0.00      0.00      0.01
06:37:14         0.00      0.00      0.00      0.03
06:37:19         0.00      0.00      0.00      0.01
06:37:24         0.00      0.00      0.00      0.03
06:37:29         0.00      0.00      0.00      0.05
06:37:34         0.00      0.00      0.00      0.01
06:37:39         0.00      0.00      0.00      0.01
06:37:44         0.00      0.00      0.00      0.01
06:37:49         0.00      0.00      0.00      0.01
06:37:54         0.00      0.00      0.00      0.01
06:37:59         0.00      0.00      0.00      0.01
06:38:04         0.00      0.00      0.00      0.01
06:38:09         0.00      0.00      0.00      0.01
06:38:14         0.00      0.00      0.00      0.01
06:38:19         0.00      0.00      0.00      0.01
06:38:24         0.00      0.00      0.00      0.01
06:38:29         0.00      0.00      0.00      0.01
06:38:34         0.00      0.00      0.00      0.01
06:38:39         0.00      0.00      0.00      0.01
06:38:44         0.00      0.00      0.00      0.01
06:38:49         0.00      0.00      0.00      0.01
06:38:54         0.00      0.00      0.00      0.01
06:38:59         0.00      0.00      0.00      0.02
06:39:04         0.00      0.00      0.00      0.00
06:39:09         0.00      0.00      0.00      0.00
06:39:14         0.00      0.00      0.00      0.00
06:39:19         0.00      0.00      0.00      0.00
06:39:24         0.00      0.00      0.00      0.00
06:39:29         0.00      0.00      0.00      0.00
06:39:34         0.00      0.00      0.00      0.00
06:39:39         0.00      0.00      0.00      0.00
06:39:44         0.00      0.00      0.00      0.00
06:39:49         0.00      0.00      0.00      0.00
06:39:54         0.00      0.00      0.00      0.00
06:39:59         0.00      0.00      0.00      0.00
06:40:04         0.00      0.00      0.00      0.00
06:40:09         0.00      0.00      0.00      0.00
06:40:14         0.00      0.00      0.00      0.00
06:40:19         0.00      0.00      0.00      0.00
06:40:24         0.00      0.00      0.00      0.00
06:40:29         0.00      0.00      0.00      0.00
06:40:34         0.00      0.00      0.00      0.00
06:40:39         0.00      0.00      0.00      0.00
06:40:44         0.00      0.00      0.00      0.00
06:40:49         0.00      0.00      0.00      0.00
06:40:54         0.00      0.00      0.00      0.01
06:40:59         0.00      0.00      0.00      0.00
06:41:04         0.00      0.00      0.00      0.00
06:41:09         0.00      0.00      0.00      0.00
06:41:14         0.00      0.00      0.00      0.00
06:41:19         0.00      0.00      0.00      0.00
06:41:24         0.00      0.00      0.00      0.00
06:41:29         0.00      0.00      0.00      0.01
06:41:34         0.00      0.00      0.00      0.00
06:41:39         0.00      0.00      0.00      0.00
06:41:44         0.00      0.00      0.00      0.00
06:41:49         0.00      0.00      0.00      0.00
06:41:54         0.00      0.00      0.00      0.00
06:41:59         0.00      0.00      0.00      0.03
06:42:04         0.00      0.00      0.00      0.00
06:42:09         0.00      0.00      0.00      0.00
06:42:14         0.00      0.00      0.00      0.00
06:42:19         0.00      0.00      0.00      0.00
06:42:24         0.00      0.00      0.00      0.00
06:42:29         0.00      0.00      0.00      0.00
06:42:34         0.00      0.00      0.00      0.00
06:42:39         0.00      0.00      0.00      0.00
06:42:44         0.00      0.00      0.00      0.00
06:42:49         0.00      0.00      0.00      0.00
06:42:54         0.00      0.00      0.00      0.00
06:42:59         0.00      0.00      0.00      0.02
06:43:04         0.00      0.00      0.00      0.00
06:43:09         0.00      0.00      0.00      0.00
06:43:14         0.00      0.00      0.00      0.00
06:43:19         0.00      0.00      0.00      0.00
06:43:24         0.00      0.00      0.00      0.00
06:43:29         0.00      0.00      0.00      0.00
06:43:34         0.00      0.00      0.00      0.00
06:43:39         0.00      0.00      0.00      0.00
06:43:44         0.00      0.00      0.00      0.00
06:43:49         0.00      0.00      0.00      0.00
06:43:54         0.00      0.00      0.00      0.00
06:43:59         0.00      0.00      0.00      0.00
06:44:04         0.00      0.00      0.00      0.00
06:44:09         0.00      0.00      0.00      0.00
06:44:14         0.00      0.00      0.00      0.00
06:44:19         0.00      0.00      0.00      0.00
06:44:24         0.00      0.00      0.00      0.00
06:44:29         0.00      0.00      0.00      0.00
06:44:34         0.00      0.00      0.00      0.00
06:44:39         0.00      0.00      0.00      0.00
06:44:44         0.00      0.00      0.00      0.00
06:44:49         0.00      0.00      0.00      0.00
06:44:54         0.00      0.00      0.00      0.00
06:44:59         0.00      0.00      0.00      0.00
06:45:04         0.00      0.00      0.00      0.00
06:45:09         0.00      0.00      0.00      0.00
06:45:14         0.00      0.00      0.00      0.01
06:45:19         0.00      0.00      0.00      0.01
06:45:24         0.00      0.00      0.00      0.01
06:45:29         0.00      0.00      0.00      0.01
06:45:34         0.00      0.00      0.00      0.01
06:45:39         0.00      0.00      0.00      0.01
06:45:44         0.00      0.00      0.00      0.01
06:45:49         0.00      0.00      0.00      0.01
06:45:54         0.00      0.00      0.00      0.03
06:45:59         0.00      0.00      0.00      0.01
06:46:04         0.00      0.00      0.00      0.01
06:46:09         0.00      0.00      0.00      0.01
06:46:14         0.00      0.00      0.00      0.01
06:46:19         0.00      0.00      0.00      0.01
06:46:24         0.00      0.00      0.00      0.01
06:46:29         0.00      0.00      0.00      0.01
06:46:34         0.00      0.00      0.00      0.01
06:46:39         0.00      0.00      0.00      0.01
06:46:44         0.00      0.00      0.00      0.01
06:46:49         0.00      0.00      0.00      0.01
06:46:54         0.00      0.00      0.00      0.01
06:46:59         0.00      0.00      0.00      0.01
06:47:04         0.00      0.00      0.00      0.01
06:47:09         0.00      0.00      0.00      0.01
06:47:14         0.00      0.00      0.00      0.01
06:47:19         0.00      0.00      0.00      0.01
06:47:24         0.00      0.00      0.00      0.01
06:47:29         0.00      0.00      0.00      0.01
06:47:34         0.00      0.00      0.00      0.01
06:47:39         0.00      0.00      0.00      0.01
06:47:44         0.00      0.00      0.00      0.01
06:47:49         0.00      0.00      0.00      0.01
06:47:54         0.00      0.00      0.00      0.01
06:47:59         0.00      0.00      0.00      0.01
06:48:04         0.00      0.00      0.00      0.01
06:48:09         0.00      0.00      0.00      0.01
06:48:14         0.00      0.00      0.00      0.01
06:48:19         0.00      0.00      0.00      0.01
06:48:24         0.00      0.00      0.00      0.01
06:48:29         0.00      0.00      0.00      0.01
06:48:34         0.00      0.00      0.00      0.01
06:48:39         0.00      0.00      0.00      0.01
06:48:44         0.00      0.00      0.00      0.01
06:48:49         0.00      0.00      0.00      0.01
06:48:54         0.00      0.00      0.00      0.01
06:48:59         0.00      0.00      0.00      0.03
06:49:04         0.00      0.00      0.00      0.01
06:49:09         0.00      0.00      0.00      0.01
06:49:14         0.00      0.00      0.00      0.01
06:49:19         0.00      0.00      0.00      0.01
06:49:24         0.00      0.00      0.00      0.01
06:49:29         0.00      0.00      0.00      0.01
06:49:34         0.00      0.00      0.00      0.01
06:49:39         0.00      0.00      0.00      0.01
06:49:44         0.00      0.00      0.00      0.01
06:49:49         0.00      0.00      0.00      0.01
06:49:54         0.00      0.00      0.00      0.01
06:49:59         0.00      0.00      0.00      0.01
06:50:04         0.00      0.00      0.00      0.01
06:50:09         0.00      0.00      0.00      0.01
06:50:14         0.00      0.00      0.00      0.01
06:50:19         0.00      0.00      0.00      0.01
06:50:24         0.00      0.00      0.00      0.01
06:50:29         0.00      0.00      0.00      0.01
06:50:34         0.00      0.00      0.00      0.01
06:50:39         0.00      0.00      0.00      0.01
06:50:44         0.00      0.00      0.00      0.01
06:50:49         0.00      0.00      0.00      0.01
06:50:54         0.00      0.00      0.00      0.01
06:50:59         0.00      0.00      0.00      0.01
06:51:04         0.00      0.00      0.00      0.01
06:51:09         0.00      0.00      0.00      0.03
06:51:14         0.00      0.00      0.00      0.01
06:51:19         0.00      0.00      0.00      0.01
06:51:24         0.00      0.00      0.00      0.01
06:51:29         0.00      0.00      0.00      0.01
06:51:34         0.00      0.00      0.00      0.01
06:51:39         0.00      0.00      0.00      0.01
06:51:44         0.00      0.00      0.00      0.01
06:51:49         0.00      0.00      0.00      0.01
06:51:54         0.00      0.00      0.00      0.01
06:51:59         0.00      0.00      0.00      0.01
06:52:04         0.00      0.00      0.00      0.01
06:52:09         0.00      0.00      0.00      0.01
06:52:14         0.00      0.00      0.00      0.01
06:52:19         0.00      0.00      0.00      0.01
06:52:24         0.00      0.00      0.00      0.01
06:52:29         0.00      0.00      0.00      0.04
06:52:34         0.00      0.00      0.00      0.02
06:52:39         0.00      0.00      0.00      0.01
06:52:44         0.00      0.00      0.00      0.01
06:52:49         0.00      0.00      0.00      0.01
06:52:54         0.00      0.00      0.00      0.01
06:52:59         0.00      0.00      0.00      0.01
06:53:04         0.00      0.00      0.00      0.01
06:53:09         0.00      0.00      0.00      0.01
06:53:14         0.00      0.00      0.00      0.01
06:53:19         0.00      0.00      0.00      0.01
06:53:24         0.00      0.00      0.00      0.01
06:53:29         0.00      0.00      0.00      0.01
06:53:34         0.00      0.00      0.00      0.01
06:53:39         0.00      0.00      0.00      0.01
06:53:44         0.00      0.00      0.00      0.01
06:53:49         0.00      0.00      0.00      0.01
06:53:54         0.00      0.00      0.00      0.01
06:53:59         0.00      0.00      0.00      0.03
06:54:04         0.00      0.00      0.00      0.01
06:54:09         0.00      0.00      0.00      0.01
06:54:14         0.00      0.00      0.00      0.01
06:54:19         0.00      0.00      0.00      0.01
06:54:24         0.00      0.00      0.00      0.01
06:54:29         0.00      0.00      0.00      0.01
06:54:34         0.00      0.00      0.00      0.01
06:54:39         0.00      0.00      0.00      0.01
06:54:44         0.00      0.00      0.00      0.01
06:54:49         0.00      0.00      0.00      0.01
06:54:54         0.00      0.00      0.00      0.01
06:54:59         0.00      0.00      0.00      0.03
06:55:04         0.00      0.00      0.00      0.01
06:55:09         0.00      0.00      0.00      0.01
06:55:14         0.00      0.00      0.00      0.01
06:55:19         0.00      0.00      0.00      0.01
06:55:24         0.00      0.00      0.00      0.01
06:55:29         0.00      0.00      0.00      0.01
06:55:34         0.00      0.00      0.00      0.01
06:55:39         0.00      0.00      0.00      0.01
06:55:44         0.00      0.00      0.00      0.01
06:55:49         0.00      0.00      0.00      0.01
06:55:54         0.00      0.00      0.00      0.01
06:55:59         0.00      0.00      0.00      0.01
06:56:04         0.00      0.00      0.00      0.01
06:56:09         0.00      0.00      0.00      0.01
06:56:14         0.00      0.00      0.00      0.01
06:56:19         0.00      0.00      0.00      0.01
06:56:24         0.00      0.00      0.00      0.01
06:56:29         0.00      0.00      0.00      0.01
06:56:34         0.00      0.00      0.00      0.01
06:56:39         0.00      0.00      0.00      0.01
06:56:44         0.00      0.00      0.00      0.01
06:56:49         0.00      0.00      0.00      0.01
06:56:54         0.00      0.00      0.00      0.01
06:56:59         0.00      0.00      0.00      0.03
06:57:04         0.00      0.00      0.00      0.02
06:57:09         0.00      0.00      0.00      0.01
06:57:14         0.00      0.00      0.00      0.01
06:57:19         0.00      0.00      0.00      0.01
06:57:24         0.00      0.00      0.00      0.01
06:57:29         0.00      0.00      0.00      0.01
06:57:34         0.00      0.00      0.00      0.01
06:57:39         0.00      0.00      0.00      0.01
06:57:44         0.00      0.00      0.00      0.01
06:57:49         0.00      0.00      0.00      0.01
06:57:54         0.00      0.00      0.00      0.01
06:57:59         0.00      0.00      0.00      0.01
06:58:04         0.00      0.00      0.00      0.01
06:58:09         0.00      0.00      0.00      0.01
06:58:14         0.00      0.00      0.00      0.01
06:58:19         0.00      0.00      0.00      0.01
06:58:24         0.00      0.00      0.00      0.01
06:58:29         0.00      0.00      0.00      0.01
06:58:34         0.00      0.00      0.00      0.00
06:58:39         0.00      0.00      0.00      0.01
06:58:44         0.00      0.00      0.00      0.01
06:58:49         0.00      0.00      0.00      0.01
06:58:54         0.00      0.00      0.00      0.01
06:58:59         0.00      0.00      0.00      0.00
06:59:04         0.00      0.00      0.00      0.00
06:59:09         0.00      0.00      0.00      0.00
06:59:14         0.00      0.00      0.00      0.00
06:59:19         0.00      0.00      0.00      0.01
06:59:24         0.00      0.00      0.00      0.01
06:59:29         0.00      0.00      0.00      0.01
06:59:34         0.00      0.00      0.00      0.01
06:59:39         0.00      0.00      0.00      0.01
06:59:44         0.00      0.00      0.00      0.01
06:59:49         0.00      0.00      0.00      0.01
06:59:54         0.00      0.00      0.00      0.01
06:59:59         0.00      0.00      0.00      0.01
07:00:04         0.00      0.00      0.00      0.03
07:00:09         0.00      0.00      0.00      0.01
07:00:14         0.00      0.00      0.00      0.01
07:00:19         0.00      0.00      0.00      0.01
07:00:24         0.00      0.00      0.00      0.01
07:00:29         0.00      0.00      0.00      0.01
07:00:34         0.00      0.00      0.00      0.01
07:00:39         0.00      0.00      0.00      0.01
07:00:44         0.00      0.00      0.00      0.01
07:00:49         0.00      0.00      0.00      0.01
07:00:54         0.00      0.00      0.00      0.01
07:00:59         0.00      0.00      0.00      0.01
07:01:04         0.00      0.00      0.00      0.01
07:01:09         0.00      0.00      0.00      0.01
07:01:14         0.00      0.00      0.00      0.01
07:01:19         0.00      0.00      0.00      0.01
07:01:24         0.00      0.00      0.00      0.01
07:01:29         0.00      0.00      0.00      0.01
07:01:34         0.00      0.00      0.00      0.01
07:01:39         0.00      0.00      0.00      0.01
07:01:44         0.00      0.00      0.00      0.03
07:01:49         0.00      0.00      0.00      0.01
07:01:54         0.00      0.00      0.00      0.01
07:01:59         0.00      0.00      0.00      0.01
07:02:04         0.00      0.00      0.00      0.03
07:02:09         0.00      0.00      0.00      0.01
07:02:14         0.00      0.00      0.00      0.01
07:02:19         0.00      0.00      0.00      0.01
07:02:24         0.00      0.00      0.00      0.01
07:02:29         0.00      0.00      0.00      0.01
07:02:34         0.00      0.00      0.00      0.01
07:02:39         0.00      0.00      0.00      0.01
07:02:44         0.00      0.00      0.00      0.01
07:02:49         0.00      0.00      0.00      0.01
07:02:54         0.00      0.00      0.00      0.01
07:02:59         0.00      0.00      0.00      0.01
07:03:04         0.00      0.00      0.00      0.01
07:03:09         0.00      0.00      0.00      0.01
07:03:14         0.00      0.00      0.00      0.01
07:03:19         0.00      0.00      0.00      0.01
07:03:24         0.00      0.00      0.00      0.01
07:03:29         0.00      0.00      0.00      0.01
07:03:34         0.00      0.00      0.00      0.01
07:03:39         0.00      0.00      0.00      0.01
07:03:44         0.00      0.00      0.00      0.01
07:03:49         0.00      0.00      0.00      0.01
07:03:54         0.00      0.00      0.00      0.01
07:03:59         0.00      0.00      0.00      0.01
07:04:04         0.00      0.00      0.00      0.01
07:04:09         0.00      0.00      0.00      0.01
07:04:14         0.00      0.00      0.00      0.01
07:04:19         0.00      0.00      0.00      0.01
07:04:24         0.00      0.00      0.00      0.01
07:04:29         0.00      0.00      0.00      0.01
07:04:34         0.00      0.00      0.00      0.01
07:04:39         0.00      0.00      0.00      0.01
07:04:44         0.00      0.00      0.00      0.01
07:04:49         0.00      0.00      0.00      0.01
07:04:54         0.00      0.00      0.00      0.01
07:04:59         0.00      0.00      0.00      0.01
07:05:04         0.00      0.00      0.00      0.01
07:05:09         0.00      0.00      0.00      0.01
07:05:14         0.00      0.00      0.00      0.01
07:05:19         0.00      0.00      0.00      0.01
07:05:24         0.00      0.00      0.00      0.01
07:05:29         0.00      0.00      0.00      0.01
07:05:34         0.00      0.00      0.00      0.01
07:05:39         0.00      0.00      0.00      0.01
07:05:44         0.00      0.00      0.00      0.01
07:05:49         0.00      0.00      0.00      0.01
07:05:54         0.00      0.00      0.00      0.01
07:05:59         0.00      0.00      0.00      0.01
07:06:04         0.00      0.00      0.00      0.01
07:06:09         0.00      0.00      0.00      0.01
07:06:14         0.00      0.00      0.00      0.01
07:06:19         0.00      0.00      0.00      0.00
07:06:24         0.00      0.00      0.00      0.01
07:06:29         0.00      0.00      0.00      0.01
07:06:34         0.00      0.00      0.00      0.01
07:06:39         0.00      0.00      0.00      0.01
07:06:44         0.00      0.00      0.00      0.01
07:06:49         0.00      0.00      0.00      0.01
07:06:54         0.00      0.00      0.00      0.01
07:06:59         0.00      0.00      0.00      0.00
07:07:04         0.00      0.00      0.00      0.01
07:07:09         0.00      0.00      0.00      0.00
07:07:14         0.00      0.00      0.00      0.02
Average:         0.00      0.00      0.00      0.01
