Linux 7.2.0-rc5-virtme (virtme-ng) 	08/02/26 	_x86_64_	(4 CPU)

06:07:14     pgpgin/s pgpgout/s   fault/s  majflt/s  pgfree/s pgscank/s pgscand/s pgsteal/s  pgprom/s   pgdem/s
06:07:19         0.00      0.00 303393.00      0.00    550.60      0.00      0.00      0.00      0.00      0.00
06:07:24         0.00      0.00 116402.40      0.00      1.20      0.00      0.00      0.00      0.00      0.00
06:07:29         0.00      0.00      0.00      0.00      0.00      0.00      0.00      0.00      0.00      0.00
06:07:34         0.00      0.00      0.00      0.00      0.80      0.00      0.00      0.00      0.00      0.00
06:07:39         0.00      0.00      0.00      0.00      0.00      0.00      0.00      0.00      0.00      0.00
06:07:44         0.00      0.00      0.00      0.00      0.00      0.00      0.00      0.00      0.00      0.00
06:07:49         0.00      0.00      0.00      0.00      0.00      0.00      0.00      0.00      0.00      0.00
06:07:54         0.00      0.00      0.00      0.00      0.00      0.00      0.00      0.00      0.00      0.00
06:07:59         0.00      0.00      0.00      0.00      0.00      0.00      0.00      0.00      0.00      0.00
06:08:04         0.00      0.00      0.00      0.00      0.20      0.00      0.00      0.00      0.00      0.00
06:08:09         0.00      0.00      0.00      0.00      0.00      0.00      0.00      0.00      0.00      0.00
06:08:14         0.00      0.00      0.00      0.00      0.00      0.00      0.00      0.00      0.00      0.00
06:08:19         0.00      0.00      0.00      0.00      0.00      0.00      0.00      0.00      0.00      0.00
06:08:24         0.00      0.00      0.00      0.00      0.00      0.00      0.00      0.00      0.00      0.00
06:08:29         0.00      0.00      0.00      0.00      0.00      0.00      0.00      0.00      0.00      0.00
06:08:34         0.00      0.00      0.00      0.00      0.00      0.00      0.00      0.00      0.00      0.00
06:08:39         0.00      0.00      0.00      0.00      0.00      0.00      0.00      0.00      0.00      0.00
06:08:44         0.00      0.00      0.00      0.00      0.00      0.00      0.00      0.00      0.00      0.00
06:08:49         0.00      0.00 209714.80      0.00      0.00      0.00      0.00      0.00      0.00      0.00
06:08:54         0.00      0.00      0.00      0.00      0.00      0.00      0.00      0.00      0.00      0.00
06:08:59         0.00      0.00      0.00      0.00      0.00      0.00      0.00      0.00      0.00      0.00
06:09:04         0.00      0.00      0.00      0.00      0.00      0.00      0.00      0.00      0.00      0.00
06:09:09         0.00      0.00      0.00      0.00      0.00      0.00      0.00      0.00      0.00      0.00
06:09:14         0.00      0.00      0.00      0.00      0.00      0.00      0.00      0.00      0.00      0.00
06:09:19         0.00      0.00      0.00      0.00      0.00      0.00      0.00      0.00      0.00      0.00
06:09:24         0.00      0.00      0.00      0.00      0.00      0.00      0.00      0.00      0.00      0.00
06:09:29         0.00      0.00      0.00      0.00      0.00      0.00      0.00      0.00      0.00      0.00
06:09:34         0.00      0.00      0.00      0.00      0.00      0.00      0.00      0.00      0.00      0.00
06:09:39         0.00      0.00      0.00      0.00      0.00      0.00      0.00      0.00      0.00      0.00
06:09:44         0.00      0.00      0.00      0.00      0.00      0.00      0.00      0.00      0.00      0.00
06:09:49         0.00      0.00      0.00      0.00      0.00      0.00      0.00      0.00      0.00      0.00
06:09:54         0.00      0.00      0.00      0.00      0.00      0.00      0.00      0.00      0.00      0.00
06:09:59         0.00      0.00      0.00      0.00      0.00      0.00      0.00      0.00      0.00      0.00
06:10:04         0.00      0.00      0.00      0.00      0.00      0.00      0.00      0.00      0.00      0.00
06:10:09         0.00      0.00      0.00      0.00      0.00      0.00      0.00      0.00      0.00      0.00
06:10:14         0.00      0.00      0.00      0.00      0.00      0.00      0.00      0.00      0.00      0.00
06:10:19         0.00      0.00      0.00      0.00      0.00      0.00      0.00      0.00      0.00      0.00
06:10:24         0.00      0.00      0.00      0.00      0.00      0.00      0.00      0.00      0.00      0.00
06:10:29         0.00      0.00      0.00      0.00      0.00      0.00      0.00      0.00      0.00      0.00
06:10:34         0.00      0.00      0.00      0.00      0.00      0.00      0.00      0.00      0.00      0.00
06:10:39         0.00      0.00      0.00      0.00      0.00      0.00      0.00      0.00      0.00      0.00
06:10:44         0.00      0.00      0.00      0.00      0.00      0.00      0.00      0.00      0.00      0.00
06:10:49         0.00      0.00      0.00      0.00      0.00      0.00      0.00      0.00      0.00      0.00
06:10:54         0.00      0.00      0.00      0.00      0.00      0.00      0.00      0.00      0.00      0.00
06:10:59         0.00      0.00      0.00      0.00      0.00      0.00      0.00      0.00      0.00      0.00
06:11:04         0.00      0.00      0.00      0.00      0.00      0.00      0.00      0.00      0.00      0.00
06:11:09         0.00      0.00      0.00      0.00      0.00      0.00      0.00      0.00      0.00      0.00
06:11:14         0.00      0.00      0.00      0.00      0.00      0.00      0.00      0.00      0.00      0.00
06:11:19         0.00      0.00      0.00      0.00      0.00      0.00      0.00      0.00      0.00      0.00
06:11:24         0.00      0.00      0.00      0.00      0.00      0.00      0.00      0.00      0.00      0.00
06:11:29         0.00      0.00      0.00      0.00      0.00      0.00      0.00      0.00      0.00      0.00
06:11:34         0.00      0.00      0.00      0.00      0.00      0.00      0.00      0.00      0.00      0.00
06:11:39         0.00      0.00      0.00      0.00      0.00      0.00      0.00      0.00      0.00      0.00
06:11:44         0.00      0.00      0.00      0.00      0.00      0.00      0.00      0.00      0.00      0.00
06:11:49        31.08   5023.11 164243.43     17.53   3001.99  97816.33 102262.15   5918.92      0.00      0.00
06:11:54       981.96  95833.27  46833.67    245.69  23960.92  18905.01   5040.48  47926.85      0.00      0.00
06:11:59         4.80      0.00      1.20      1.20      1.20      0.00      0.00      0.00      0.00      0.00
06:12:04         4.80      0.00      1.20      1.20      1.20      0.00      0.00      0.00      0.00      0.00
06:12:09         5.60      0.00      1.40      1.40      1.40      0.00      0.00      0.00      0.00      0.00
06:12:14         4.80      0.00      1.20      1.20      1.20      0.00      0.00      0.00      0.00      0.00
06:12:19         4.00      0.00      1.00      1.00      1.00      0.00      0.00      0.00      0.00      0.00
06:12:24         4.80      0.00      1.20      1.20      1.20      0.00      0.00      0.00      0.00      0.00
06:12:29         4.00      0.00      1.00      1.00      1.00      0.00      0.00      0.00      0.00      0.00
06:12:34         4.80      0.00      1.20      1.20      1.20      0.00      0.00      0.00      0.00      0.00
06:12:39         4.80      0.00      1.20      1.20      1.20      0.00      0.00      0.00      0.00      0.00
06:12:44         1.60      0.00      0.40      0.40      0.40      0.00      0.00      0.00      0.00      0.00
06:12:49         4.80      0.00      1.20      1.20      2.00      0.00      0.00      0.00      0.00      0.00
06:12:54         4.80      0.00      1.20      1.20      1.20      0.00      0.00      0.00      0.00      0.00
06:12:59         4.80      0.00      1.20      1.20      1.20      0.00      0.00      0.00      0.00      0.00
06:13:04         4.00      0.00      1.00      1.00      1.00      0.00      0.00      0.00      0.00      0.00
06:13:09         4.80      0.00      1.20      1.20      1.20      0.00      0.00      0.00      0.00      0.00
06:13:14         4.80      0.00      1.20      1.20      1.20      0.00      0.00      0.00      0.00      0.00
06:13:19         4.00      0.00      1.00      1.00      1.00      0.00      0.00      0.00      0.00      0.00
06:13:24         4.00      0.00      1.00      1.00      1.00      0.00      0.00      0.00      0.00      0.00
06:13:29         4.80      0.00      1.20      1.20      1.20      0.00      0.00      0.00      0.00      0.00
06:13:34         4.80      0.00      1.20      1.20      1.20      0.00      0.00      0.00      0.00      0.00
06:13:39         4.00      0.00      1.00      1.00      1.00      0.00      0.00      0.00      0.00      0.00
06:13:44         4.80      0.00      1.20      1.20      1.20      0.00      0.00      0.00      0.00      0.00
06:13:49         4.00      0.00      1.00      1.00      1.00      0.00      0.00      0.00      0.00      0.00
06:13:54         4.80      0.00      1.20      1.20      1.20      0.00      0.00      0.00      0.00      0.00
06:13:59         4.80      0.00      1.20      1.20      1.20      0.00      0.00      0.00      0.00      0.00
06:14:04         4.80      0.00      1.20      1.20      1.20      0.00      0.00      0.00      0.00      0.00
06:14:09         4.00      0.00      1.00      1.00      1.00      0.00      0.00      0.00      0.00      0.00
06:14:14         4.00      0.00      1.00      1.00      1.00      0.00      0.00      0.00      0.00      0.00
06:14:19         2.40      0.00      0.60      0.60      0.60      0.00      0.00      0.00      0.00      0.00
06:14:24         4.80      0.00      1.20      1.20      1.20      0.00      0.00      0.00      0.00      0.00
06:14:29         4.80      0.00      1.20      1.20      1.20      0.00      0.00      0.00      0.00      0.00
06:14:34         4.00      0.00      1.00      1.00      1.00      0.00      0.00      0.00      0.00      0.00
06:14:39         4.00      0.00      1.00      1.00      1.00      0.00      0.00      0.00      0.00      0.00
06:14:44         5.60      0.00      1.40      1.40      1.40      0.00      0.00      0.00      0.00      0.00
06:14:49         4.00      0.00      1.00      1.00      1.00      0.00      0.00      0.00      0.00      0.00
06:14:54         4.80      0.00      1.20      1.20      1.20      0.00      0.00      0.00      0.00      0.00
06:14:59         5.60      0.00      1.40      1.40      1.40      0.00      0.00      0.00      0.00      0.00
06:15:04         2.40      0.00      0.60      0.60      0.60      0.00      0.00      0.00      0.00      0.00
06:15:09         0.80      0.00      0.20      0.20      0.20      0.00      0.00      0.00      0.00      0.00
06:15:14         1.60      0.00      0.40      0.40      0.40      0.00      0.00      0.00      0.00      0.00
06:15:19         1.60      0.00      0.40      0.40      0.40      0.00      0.00      0.00      0.00      0.00
06:15:24         4.80      0.00      1.20      1.20      1.20      0.00      0.00      0.00      0.00      0.00
06:15:29         4.80      0.00      1.20      1.20      1.20      0.00      0.00      0.00      0.00      0.00
06:15:34         4.80      0.00      1.20      1.20      1.20      0.00      0.00      0.00      0.00      0.00
06:15:39         4.80      0.00      1.20      1.20      1.20      0.00      0.00      0.00      0.00      0.00
06:15:44         4.00      0.00      1.00      1.00      1.00      0.00      0.00      0.00      0.00      0.00
06:15:49         4.80      0.00      1.20      1.20      1.20      0.00      0.00      0.00      0.00      0.00
06:15:54         4.00      0.00      1.00      1.00      1.00      0.00      0.00      0.00      0.00      0.00
06:15:59         4.80      0.00      1.20      1.20      1.20      0.00      0.00      0.00      0.00      0.00
06:16:04         4.80      0.00      1.20      1.20      1.20      0.00      0.00      0.00      0.00      0.00
06:16:09         4.00      0.00      1.00      1.00      1.00      0.00      0.00      0.00      0.00      0.00
06:16:14         4.00      0.00      1.00      1.00      1.00      0.00      0.00      0.00      0.00      0.00
06:16:19         4.80      0.00      1.20      1.20      1.20      0.00      0.00      0.00      0.00      0.00
06:16:24         3.20      0.00      0.80      0.80      0.80      0.00      0.00      0.00      0.00      0.00
06:16:29         4.80      0.00      1.20      1.20      1.20      0.00      0.00      0.00      0.00      0.00
06:16:34         4.80      0.00      1.20      1.20      1.20      0.00      0.00      0.00      0.00      0.00
06:16:39         3.20      0.00      0.80      0.80      0.80      0.00      0.00      0.00      0.00      0.00
06:16:44         4.00      0.00      1.00      1.00      1.00      0.00      0.00      0.00      0.00      0.00
06:16:49         4.00      0.00      1.00      1.00      1.00      0.00      0.00      0.00      0.00      0.00
06:16:54         3.20      0.00      0.80      0.80      0.80      0.00      0.00      0.00      0.00      0.00
06:16:59         3.20      0.00      0.80      0.80      0.80      0.00      0.00      0.00      0.00      0.00
06:17:04         3.20      0.00      0.80      0.80      0.80      0.00      0.00      0.00      0.00      0.00
06:17:09         5.60      0.00      1.40      1.40      1.40      0.00      0.00      0.00      0.00      0.00
06:17:14         4.00      0.00      1.00      1.00      1.00      0.00      0.00      0.00      0.00      0.00
06:17:19         3.20      0.00      0.80      0.80      0.80      0.00      0.00      0.00      0.00      0.00
06:17:24         2.40      0.00      0.60      0.60      0.60      0.00      0.00      0.00      0.00      0.00
06:17:29         3.20      0.00      0.80      0.80      0.80      0.00      0.00      0.00      0.00      0.00
06:17:34         3.99      0.00      1.00      1.00      1.00      0.00      0.00      0.00      0.00      0.00
06:17:39         4.01      0.00      1.00      1.00      1.00      0.00      0.00      0.00      0.00      0.00
06:17:44         3.19      0.00      0.80      0.80      0.80      0.00      0.00      0.00      0.00      0.00
06:17:49         0.80      0.00      0.20      0.20      0.20      0.00      0.00      0.00      0.00      0.00
06:17:54         4.80      0.00      1.20      1.20      1.20      0.00      0.00      0.00      0.00      0.00
06:17:59         4.01      0.00      1.00      1.00      1.00      0.00      0.00      0.00      0.00      0.00
06:18:04         1.60      0.00      0.40      0.40      0.40      0.00      0.00      0.00      0.00      0.00
06:18:09         4.80      0.00      1.20      1.20      1.20      0.00      0.00      0.00      0.00      0.00
06:18:14         1.60      0.00      0.40      0.40      0.40      0.00      0.00      0.00      0.00      0.00
06:18:19         4.80      0.00      1.20      1.20      1.20      0.00      0.00      0.00      0.00      0.00
06:18:24         2.40      0.00      0.60      0.60      0.60      0.00      0.00      0.00      0.00      0.00
06:18:29         2.40      0.00      0.60      0.60      0.60      0.00      0.00      0.00      0.00      0.00
06:18:34         1.60      0.00      0.40      0.40      0.40      0.00      0.00      0.00      0.00      0.00
06:18:39         4.80      0.00      1.20      1.20      1.20      0.00      0.00      0.00      0.00      0.00
06:18:44         4.80      0.00      1.20      1.20      1.20      0.00      0.00      0.00      0.00      0.00
06:18:49         4.00      0.00      1.00      1.00      1.00      0.00      0.00      0.00      0.00      0.00
06:18:54         4.00      0.00      1.00      1.00      1.00      0.00      0.00      0.00      0.00      0.00
06:18:59         4.80      0.00      1.20      1.20      1.20      0.00      0.00      0.00      0.00      0.00
06:19:04         1.60      0.00      0.40      0.40      0.40      0.00      0.00      0.00      0.00      0.00
06:19:09         5.60      0.00      1.40      1.40      1.40      0.00      0.00      0.00      0.00      0.00
06:19:14         2.40      0.00      0.60      0.60      0.60      0.00      0.00      0.00      0.00      0.00
06:19:19         0.80      0.00      0.20      0.20      0.20      0.00      0.00      0.00      0.00      0.00
06:19:24         5.60      0.00      1.40      1.40      1.40      0.00      0.00      0.00      0.00      0.00
06:19:29         4.00      0.00      1.00      1.00      1.00      0.00      0.00      0.00      0.00      0.00
06:19:34         5.60      0.00      1.40      1.40      1.40      0.00      0.00      0.00      0.00      0.00
06:19:39         2.40      0.00      0.60      0.60      0.60      0.00      0.00      0.00      0.00      0.00
06:19:44         3.20      0.00      0.80      0.80      0.80      0.00      0.00      0.00      0.00      0.00
06:19:49         3.20      0.00      0.80      0.80      0.80      0.00      0.00      0.00      0.00      0.00
06:19:54         1.60      0.00      0.40      0.40      0.40      0.00      0.00      0.00      0.00      0.00
06:19:59         2.40      0.00      0.60      0.60      0.60      0.00      0.00      0.00      0.00      0.00
06:20:04         3.20      0.00      0.80      0.80      0.80      0.00      0.00      0.00      0.00      0.00
06:20:09         4.80      0.00      1.20      1.20      1.20      0.00      0.00      0.00      0.00      0.00
06:20:14         0.80      0.00      0.20      0.20      0.20      0.00      0.00      0.00      0.00      0.00
06:20:19         4.00      0.00      1.00      1.00      1.00      0.00      0.00      0.00      0.00      0.00
06:20:24         4.80      0.00      1.20      1.20      1.20      0.00      0.00      0.00      0.00      0.00
06:20:29         4.00      0.00      1.00      1.00      1.00      0.00      0.00      0.00      0.00      0.00
06:20:34         5.60      0.00      1.40      1.40      1.40      0.00      0.00      0.00      0.00      0.00
06:20:39         2.40      0.00      0.60      0.60      0.60      0.00      0.00      0.00      0.00      0.00
06:20:44         4.00      0.00      1.00      1.00      1.00      0.00      0.00      0.00      0.00      0.00
06:20:49         4.00      0.00      1.00      1.00      1.00      0.00      0.00      0.00      0.00      0.00
06:20:54         4.00      0.00      1.00      1.00      1.00      0.00      0.00      0.00      0.00      0.00
06:20:59         3.20      0.00      0.80      0.80      0.80      0.00      0.00      0.00      0.00      0.00
06:21:04         4.00      0.00      1.00      1.00      1.00      0.00      0.00      0.00      0.00      0.00
06:21:09         4.00      0.00      1.00      1.00      1.00      0.00      0.00      0.00      0.00      0.00
06:21:14         0.80      0.00      0.20      0.20      0.20      0.00      0.00      0.00      0.00      0.00
06:21:19         1.60      0.00      0.40      0.40      0.40      0.00      0.00      0.00      0.00      0.00
06:21:24         3.20      0.00      0.80      0.80      0.80      0.00      0.00      0.00      0.00      0.00
06:21:29         4.00      0.00      1.00      1.00      1.00      0.00      0.00      0.00      0.00      0.00
06:21:34         1.60      0.00      0.40      0.40      0.40      0.00      0.00      0.00      0.00      0.00
06:21:39         2.40      0.00      0.60      0.60      0.60      0.00      0.00      0.00      0.00      0.00
06:21:44         2.40      0.00      0.60      0.60      0.60      0.00      0.00      0.00      0.00      0.00
06:21:49         3.20      0.00      0.80      0.80      0.80      0.00      0.00      0.00      0.00      0.00
06:21:54         1.60      0.00      0.40      0.40      0.40      0.00      0.00      0.00      0.00      0.00
06:21:59         4.80      0.00      1.20      1.20      1.20      0.00      0.00      0.00      0.00      0.00
06:22:04         4.80      0.00      1.20      1.20      1.20      0.00      0.00      0.00      0.00      0.00
06:22:09         2.40      0.00      0.60      0.60      0.60      0.00      0.00      0.00      0.00      0.00
06:22:14         2.40      0.00      0.60      0.60      0.60      0.00      0.00      0.00      0.00      0.00
06:22:19     83118.40  79699.20  20784.80  20781.40  19983.20  19722.80   1176.00  39926.60      0.00      0.00
06:22:24    108409.60 111358.40  27108.00  27102.80  28035.20  52702.40  28598.00  55692.60      0.00      0.00
06:22:29         2.40      0.00      0.60      0.60      0.60      0.00      0.00      0.00      0.00      0.00
06:22:34         2.40      0.00      0.60      0.60      0.60      0.00      0.00      0.00      0.00      0.00
06:22:39         1.60      0.00      0.40      0.40      0.40      0.00      0.00      0.00      0.00      0.00
06:22:44         3.20      0.00      0.80      0.80      0.80      0.00      0.00      0.00      0.00      0.00
06:22:49         4.00      0.00      1.00      1.00      1.00      0.00      0.00      0.00      0.00      0.00
06:22:54         3.20      0.00      0.80      0.80      0.80      0.00      0.00      0.00      0.00      0.00
06:22:59         4.80      0.00      1.20      1.20      1.20      0.00      0.00      0.00      0.00      0.00
06:23:04         2.40      0.00      0.60      0.60      0.60      0.00      0.00      0.00      0.00      0.00
06:23:09         4.00      0.00      1.00      1.00      1.00      0.00      0.00      0.00      0.00      0.00
06:23:14         0.80      0.00      0.20      0.20      0.20      0.00      0.00      0.00      0.00      0.00
06:23:19         2.40      0.00      0.60      0.60      0.60      0.00      0.00      0.00      0.00      0.00
06:23:24         2.40      0.00      0.60      0.60      0.60      0.00      0.00      0.00      0.00      0.00
06:23:29         3.20      0.00      0.80      0.80      0.80      0.00      0.00      0.00      0.00      0.00
06:23:34         1.60      0.00      0.40      0.40      0.40      0.00      0.00      0.00      0.00      0.00
06:23:39         2.40      0.00      0.60      0.60      0.60      0.00      0.00      0.00      0.00      0.00
06:23:44         4.00      0.00      1.00      1.00      1.00      0.00      0.00      0.00      0.00      0.00
06:23:49     36360.00  32250.40   9090.60   9090.60   8058.00   7615.20    448.00  16099.60      0.00      0.00
06:23:54    377939.20 379494.40  94486.00  94484.40  94979.80 180245.60  89808.60 189955.60      0.00      0.00
06:23:59         3.20      0.00      1.80      1.00      0.80      0.00      0.00      0.00      0.00      0.00
06:24:04         2.40      0.00      0.60      0.60      0.60      0.00      0.00      0.00      0.00      0.00
06:24:09         4.00      0.00      1.00      1.00      1.00      0.00      0.00      0.00      0.00      0.00
06:24:14         4.80      0.00      1.20      1.20      1.20      0.00      0.00      0.00      0.00      0.00
06:24:19         4.00      0.00      1.00      1.00      1.00      0.00      0.00      0.00      0.00      0.00
06:24:24         3.20      0.00      0.80      0.80      0.80      0.00      0.00      0.00      0.00      0.00
06:24:29         4.00      0.00      1.00      1.00      1.00      0.00      0.00      0.00      0.00      0.00
06:24:34         2.40      0.00      0.60      0.60      0.60      0.00      0.00      0.00      0.00      0.00
06:24:39         1.60      0.00      0.40      0.40      0.40      0.00      0.00      0.00      0.00      0.00
06:24:44         2.40      0.00      0.60      0.60      0.60      0.00      0.00      0.00      0.00      0.00
06:24:49         0.00      0.00      0.00      0.00      0.00      0.00      0.00      0.00      0.00      0.00
06:24:54         0.00      0.00      0.00      0.00      0.00      0.00      0.00      0.00      0.00      0.00
06:24:59         2.40      0.00      0.60      0.60      0.60      0.00      0.00      0.00      0.00      0.00
06:25:04         0.80      0.00      0.20      0.20      0.20      0.00      0.00      0.00      0.00      0.00
06:25:09         4.00      0.00      1.00      1.00      1.00      0.00      0.00      0.00      0.00      0.00
06:25:14         4.80      0.00      1.20      1.20      1.20      0.00      0.00      0.00      0.00      0.00
06:25:19         4.00      0.00      1.00      1.00      1.00      0.00      0.00      0.00      0.00      0.00
06:25:24         1.60      0.00      0.40      0.40      0.40      0.00      0.00      0.00      0.00      0.00
06:25:29         2.40      0.00      0.60      0.60      0.60      0.00      0.00      0.00      0.00      0.00
06:25:34         1.60      0.00      0.40      0.40      0.40      0.00      0.00      0.00      0.00      0.00
06:25:39         2.40      0.00      0.60      0.60      0.60      0.00      0.00      0.00      0.00      0.00
06:25:44         2.40      0.00      0.60      0.60      0.60      0.00      0.00      0.00      0.00      0.00
06:25:49         4.00      0.00      1.00      1.00      1.00      0.00      0.00      0.00      0.00      0.00
06:25:54         3.20      0.00      0.80      0.80      0.80      0.00      0.00      0.00      0.00      0.00
06:25:59         0.80      0.00      0.20      0.20      0.20      0.00      0.00      0.00      0.00      0.00
06:26:04         3.20      0.00      0.80      0.80      0.80      0.00      0.00      0.00      0.00      0.00
06:26:09         1.60      0.00      0.40      0.40      0.40      0.00      0.00      0.00      0.00      0.00
06:26:14         3.20      0.00      0.80      0.80      0.80      0.00      0.00      0.00      0.00      0.00
06:26:19         4.80      0.00      1.20      1.20      1.20      0.00      0.00      0.00      0.00      0.00
06:26:24         3.20      0.00      0.80      0.80      0.80      0.00      0.00      0.00      0.00      0.00
06:26:29         0.80      0.00      0.20      0.20      0.20      0.00      0.00      0.00      0.00      0.00
06:26:34         3.20      0.00      0.80      0.80      0.80      0.00      0.00      0.00      0.00      0.00
06:26:39         2.40      0.00      0.60      0.60      0.60      0.00      0.00      0.00      0.00      0.00
06:26:44         1.60      0.00      0.40      0.40      0.40      0.00      0.00      0.00      0.00      0.00
06:26:49         0.80      0.00      0.20      0.20      0.20      0.00      0.00      0.00      0.00      0.00
06:26:54    230091.20 229066.40  59056.80  57525.40  57301.60  74004.60  20496.80 114590.40      0.00      0.00
06:26:59         3.20      0.00      5.60      1.20      0.80      0.00      0.00      0.00      0.00      0.00
06:27:04         1.60      0.00      0.40      0.40      0.40      0.00      0.00      0.00      0.00      0.00
06:27:09         4.80      0.00      1.20      1.20      1.20      0.00      0.00      0.00      0.00      0.00
06:27:14         3.20      0.00      0.80      0.80      0.80      0.00      0.00      0.00      0.00      0.00
06:27:19         0.80      0.00      0.20      0.20      0.20      0.00      0.00      0.00      0.00      0.00
06:27:24         0.00      0.00      0.00      0.00      0.00      0.00      0.00      0.00      0.00      0.00
06:27:29         3.20      0.00      0.80      0.80      0.80      0.00      0.00      0.00      0.00      0.00
06:27:34         2.40      0.00      0.60      0.60      0.60      0.00      0.00      0.00      0.00      0.00
06:27:39         4.80      0.00      1.20      1.20      1.20      0.00      0.00      0.00      0.00      0.00
06:27:44         4.00      0.00      1.00      1.00      1.00      0.00      0.00      0.00      0.00      0.00
06:27:49         4.00      0.00      1.00      1.00      1.00      0.00      0.00      0.00      0.00      0.00
06:27:54         1.60      0.00      0.40      0.40      0.40      0.00      0.00      0.00      0.00      0.00
06:27:59         1.60      0.00      0.40      0.40      0.40      0.00      0.00      0.00      0.00      0.00
06:28:04         3.20      0.00      0.80      0.80      0.80      0.00      0.00      0.00      0.00      0.00
06:28:09         1.60      0.00      0.40      0.40      0.40      0.00      0.00      0.00      0.00      0.00
06:28:14         4.00      0.00      1.00      1.00      1.00      0.00      0.00      0.00      0.00      0.00
06:28:19         4.00      0.00      1.00      1.00      1.00      0.00      0.00      0.00      0.00      0.00
06:28:24         2.40      0.00      0.60      0.60      0.60      0.00      0.00      0.00      0.00      0.00
06:28:29         2.40      0.00      0.60      0.60      0.60      0.00      0.00      0.00      0.00      0.00
06:28:34         0.80      0.00      0.20      0.20      0.20      0.00      0.00      0.00      0.00      0.00
06:28:39         2.40      0.00      0.60      0.60      0.60      0.00      0.00      0.00      0.00      0.00
06:28:44         2.40      0.00      0.60      0.60      0.60      0.00      0.00      0.00      0.00      0.00
06:28:49         2.40      0.00      0.60      0.60      0.60      0.00      0.00      0.00      0.00      0.00
06:28:54         3.20      0.00      0.80      0.80      0.80      0.00      0.00      0.00      0.00      0.00
06:28:59         2.40      0.00      0.60      0.60      0.60      0.00      0.00      0.00      0.00      0.00
06:29:04         0.80      0.00      0.20      0.20      0.20      0.00      0.00      0.00      0.00      0.00
06:29:09         2.40      0.00      0.60      0.60      0.60      0.00      0.00      0.00      0.00      0.00
06:29:14         0.00      0.00      0.00      0.00      0.00      0.00      0.00      0.00      0.00      0.00
06:29:19         2.40      0.00      0.60      0.60      0.60      0.00      0.00      0.00      0.00      0.00
06:29:24         3.20      0.00      0.80      0.80      0.80      0.00      0.00      0.00      0.00      0.00
06:29:29         3.20      0.00      0.80      0.80      0.80      0.00      0.00      0.00      0.00      0.00
06:29:34         3.20      0.00      0.80      0.80      0.80      0.00      0.00      0.00      0.00      0.00
06:29:39         0.00      0.00      0.00      0.00      0.00      0.00      0.00      0.00      0.00      0.00
06:29:44         2.40      0.00      0.60      0.60      0.60      0.00      0.00      0.00      0.00      0.00
06:29:49         4.00      0.00      1.00      1.00      1.00      0.00      0.00      0.00      0.00      0.00
06:29:54         1.60      0.00      0.40      0.40      0.40      0.00      0.00      0.00      0.00      0.00
06:29:59         2.40      0.00      0.60      0.60      0.60      0.00      0.00      0.00      0.00      0.00
06:30:04         4.80      0.00      1.20      1.20      1.20      0.00      0.00      0.00      0.00      0.00
06:30:09         3.19      0.00      0.80      0.80      0.80      0.00      0.00      0.00      0.00      0.00
06:30:14         4.01      0.00      1.00      1.00      1.00      0.00      0.00      0.00      0.00      0.00
06:30:19         0.80      0.00      0.20      0.20      0.20      0.00      0.00      0.00      0.00      0.00
06:30:24         2.40      0.00      0.60      0.60      0.60      0.00      0.00      0.00      0.00      0.00
06:30:29         2.40      0.00      0.60      0.60      0.60      0.00      0.00      0.00      0.00      0.00
06:30:34         1.60      0.00      0.40      0.40      0.40      0.00      0.00      0.00      0.00      0.00
06:30:39         1.60      0.00      0.40      0.40      0.40      0.00      0.00      0.00      0.00      0.00
06:30:44         0.80      0.00      0.20      0.20      0.20      0.00      0.00      0.00      0.00      0.00
06:30:49         2.40      0.00      1.00      0.60      0.60      0.00      0.00      0.00      0.00      0.00
06:30:54         0.00      0.00      0.20      0.00      0.00      0.00      0.00      0.00      0.00      0.00
06:30:59         4.00      0.00      1.00      1.00      1.00      0.00      0.00      0.00      0.00      0.00
06:31:04         1.60      0.00      0.80      0.40      0.40      0.00      0.00      0.00      0.00      0.00
06:31:09         0.00      0.00      0.00      0.00      0.00      0.00      0.00      0.00      0.00      0.00
06:31:14         2.40      0.00      0.60      0.60      0.60      0.00      0.00      0.00      0.00      0.00
06:31:19         1.60      0.00      0.40      0.40      0.40      0.00      0.00      0.00      0.00      0.00
06:31:24         4.00      0.00      1.20      1.00      1.00      0.00      0.00      0.00      0.00      0.00
06:31:29         0.00      0.00      0.00      0.00      0.00      0.00      0.00      0.00      0.00      0.00
06:31:34         1.60      0.00      0.40      0.40      0.40      0.00      0.00      0.00      0.00      0.00
06:31:39         3.20      0.00      0.80      0.80      0.80      0.00      0.00      0.00      0.00      0.00
06:31:44         4.00      0.00      1.00      1.00      1.00      0.00      0.00      0.00      0.00      0.00
06:31:49         1.60      0.00      0.40      0.40      0.40      0.00      0.00      0.00      0.00      0.00
06:31:54         2.40      0.00      0.60      0.60      0.60      0.00      0.00      0.00      0.00      0.00
06:31:59         0.80      0.00      0.20      0.20      0.20      0.00      0.00      0.00      0.00      0.00
06:32:04         1.60      0.00      0.40      0.40      0.40      0.00      0.00      0.00      0.00      0.00
06:32:09         3.20      0.00      0.80      0.80      0.80      0.00      0.00      0.00      0.00      0.00
06:32:14         3.20      0.00      0.80      0.80      0.80      0.00      0.00      0.00      0.00      0.00
06:32:19         1.60      0.00      0.40      0.40      0.40      0.00      0.00      0.00      0.00      0.00
06:32:24         0.00      0.00      0.40      0.00      0.00      0.00      0.00      0.00      0.00      0.00
06:32:29         0.80      0.00      0.20      0.20      0.20      0.00      0.00      0.00      0.00      0.00
06:32:34         2.40      0.00      0.60      0.60      0.60      0.00      0.00      0.00      0.00      0.00
06:32:39         0.00      0.00      0.00      0.00      0.00      0.00      0.00      0.00      0.00      0.00
06:32:44         3.20      0.00      0.80      0.80      0.80      0.00      0.00      0.00      0.00      0.00
06:32:49         2.40      0.00      0.60      0.60      0.60      0.00      0.00      0.00      0.00      0.00
06:32:54         4.00      0.00      1.00      1.00      1.00      0.00      0.00      0.00      0.00      0.00
06:32:59         2.40      0.00      0.80      0.60      0.60      0.00      0.00      0.00      0.00      0.00
06:33:04         0.80      0.00      0.20      0.20      0.20      0.00      0.00      0.00      0.00      0.00
06:33:09         2.40      0.00      0.60      0.60      0.60      0.00      0.00      0.00      0.00      0.00
06:33:14         1.60      0.00      0.40      0.40      0.40      0.00      0.00      0.00      0.00      0.00
06:33:19         2.40      0.00      0.60      0.60      0.60      0.00      0.00      0.00      0.00      0.00
06:33:24         4.00      0.00      1.00      1.00      1.00      0.00      0.00      0.00      0.00      0.00
06:33:29         1.60      0.00      0.40      0.40      0.40      0.00      0.00      0.00      0.00      0.00
06:33:34         3.20      0.00      0.80      0.80      0.80      0.00      0.00      0.00      0.00      0.00
06:33:39         2.40      0.00      0.60      0.60      0.60      0.00      0.00      0.00      0.00      0.00
06:33:44         1.60      0.00      0.40      0.40      0.40      0.00      0.00      0.00      0.00      0.00
06:33:49         0.80      0.00      0.20      0.20      0.20      0.00      0.00      0.00      0.00      0.00
06:33:54         4.00      0.00      1.00      1.00      1.00      0.00      0.00      0.00      0.00      0.00
06:33:59         2.40      0.00      0.60      0.60      0.60      0.00      0.00      0.00      0.00      0.00
06:34:04         0.00      0.00      0.00      0.00      0.00      0.00      0.00      0.00      0.00      0.00
06:34:09         2.40      0.00      0.60      0.60      0.60      0.00      0.00      0.00      0.00      0.00
06:34:14         3.20      0.00      1.00      0.80      0.80      0.00      0.00      0.00      0.00      0.00
06:34:19         4.00      0.00      1.00      1.00      1.00      0.00      0.00      0.00      0.00      0.00
06:34:24         4.80      0.00      1.20      1.20      1.20      0.00      0.00      0.00      0.00      0.00
06:34:29         0.80      0.00      0.20      0.20      0.20      0.00      0.00      0.00      0.00      0.00
06:34:34         0.00      0.00      0.00      0.00      0.00      0.00      0.00      0.00      0.00      0.00
06:34:39         0.80      0.00      0.20      0.20      0.20      0.00      0.00      0.00      0.00      0.00
06:34:44         1.60      0.00      0.40      0.40      0.40      0.00      0.00      0.00      0.00      0.00
06:34:49         2.40      0.00      0.60      0.60      0.60      0.00      0.00      0.00      0.00      0.00
06:34:54         0.00      0.00      0.00      0.00      0.00      0.00      0.00      0.00      0.00      0.00
06:34:59         0.80      0.00      0.20      0.20      0.20      0.00      0.00      0.00      0.00      0.00
06:35:04         0.80      0.00      0.20      0.20      0.20      0.00      0.00      0.00      0.00      0.00
06:35:09         2.40      0.00      0.60      0.60      0.60      0.00      0.00      0.00      0.00      0.00
06:35:14         1.60      0.00      0.40      0.40      0.40      0.00      0.00      0.00      0.00      0.00
06:35:19         2.40      0.00      0.60      0.60      0.60      0.00      0.00      0.00      0.00      0.00
06:35:24         0.00      0.00      0.00      0.00      0.00      0.00      0.00      0.00      0.00      0.00
06:35:29         0.00      0.00      0.00      0.00      0.00      0.00      0.00      0.00      0.00      0.00
06:35:34         0.00      0.00      0.00      0.00      0.00      0.00      0.00      0.00      0.00      0.00
06:35:39         2.40      0.00      0.60      0.60      0.60      0.00      0.00      0.00      0.00      0.00
06:35:44         4.00      0.00      1.00      1.00      1.00      0.00      0.00      0.00      0.00      0.00
06:35:49         1.60      0.00      0.40      0.40      0.40      0.00      0.00      0.00      0.00      0.00
06:35:54         3.20      0.00      0.80      0.80      0.80      0.00      0.00      0.00      0.00      0.00
06:35:59         0.00      0.00      0.00      0.00      0.00      0.00      0.00      0.00      0.00      0.00
06:36:04         1.60      0.00      0.40      0.40      0.40      0.00      0.00      0.00      0.00      0.00
06:36:09         2.40      0.00      0.60      0.60      0.60      0.00      0.00      0.00      0.00      0.00
06:36:14         1.60      0.00      0.40      0.40      0.40      0.00      0.00      0.00      0.00      0.00
06:36:19         3.20      0.00      0.80      0.80      0.80      0.00      0.00      0.00      0.00      0.00
06:36:24         3.20      0.00      0.80      0.80      0.80      0.00      0.00      0.00      0.00      0.00
06:36:29         0.80      0.00      0.20      0.20      0.20      0.00      0.00      0.00      0.00      0.00
06:36:34         2.40      0.00      0.60      0.60      0.60      0.00      0.00      0.00      0.00      0.00
06:36:39         3.20      0.00      0.80      0.80      0.80      0.00      0.00      0.00      0.00      0.00
06:36:44         3.20      0.00      0.80      0.80      0.80      0.00      0.00      0.00      0.00      0.00
06:36:49         0.00      0.00      0.00      0.00      0.00      0.00      0.00      0.00      0.00      0.00
06:36:54         0.00      0.00      0.00      0.00      0.00      0.00      0.00      0.00      0.00      0.00
06:36:59         0.00      0.00      0.00      0.00      0.00      0.00      0.00      0.00      0.00      0.00
06:37:04         1.60      0.00      0.40      0.40      0.40      0.00      0.00      0.00      0.00      0.00
06:37:09         4.00      0.00      1.00      1.00      1.00      0.00      0.00      0.00      0.00      0.00
06:37:14         0.80      0.00      0.20      0.20      0.20      0.00      0.00      0.00      0.00      0.00
06:37:19         4.00      0.00      1.00      1.00      1.00      0.00      0.00      0.00      0.00      0.00
06:37:24    173023.20 171206.40  43369.20  43256.40  42809.40  42020.20    806.40  85605.20      0.00      0.00
06:37:29    415597.60 421573.60 104201.60 103899.00 105416.00 138414.20   5275.20 210830.80      0.00      0.00
06:37:34         1.60      0.00      0.40      0.40      0.40      0.00      0.00      0.00      0.00      0.00
06:37:39         2.40      0.00      0.60      0.60      0.60      0.00      0.00      0.00      0.00      0.00
06:37:44         1.60      0.00      0.40      0.40      0.40      0.00      0.00      0.00      0.00      0.00
06:37:49         3.20      0.00      0.80      0.80      0.80      0.00      0.00      0.00      0.00      0.00
06:37:54         0.80      0.00      0.20      0.20      0.20      0.00      0.00      0.00      0.00      0.00
06:37:59         0.80      0.00      0.20      0.20      0.20      0.00      0.00      0.00      0.00      0.00
06:38:04         4.00      0.00      1.00      1.00      1.00      0.00      0.00      0.00      0.00      0.00
06:38:09         3.20      0.00      0.80      0.80      0.80      0.00      0.00      0.00      0.00      0.00
06:38:14         2.40      0.00      0.60      0.60      0.60      0.00      0.00      0.00      0.00      0.00
06:38:19         3.20      0.00      0.80      0.80      0.80      0.00      0.00      0.00      0.00      0.00
06:38:24         3.20      0.00      0.80      0.80      0.80      0.00      0.00      0.00      0.00      0.00
06:38:29         3.20      0.00      0.80      0.80      0.80      0.00      0.00      0.00      0.00      0.00
06:38:34         1.60      0.00      0.40      0.40      0.40      0.00      0.00      0.00      0.00      0.00
06:38:39         4.00      0.00      1.00      1.00      1.00      0.00      0.00      0.00      0.00      0.00
06:38:44         0.80      0.00      0.20      0.20      0.20      0.00      0.00      0.00      0.00      0.00
06:38:49         2.40      0.00      0.60      0.60      0.60      0.00      0.00      0.00      0.00      0.00
06:38:54    122492.00 116644.00  30623.20  30623.00  29165.80  32289.00   3686.80  58322.00      0.00      0.00
06:38:59    197122.40 200757.60  49567.80  49281.20  50204.00 116993.00  71134.40 100392.80      0.00      0.00
06:39:04         3.20      0.00      2.60      1.40      1.20      0.00      0.00      0.00      0.00      0.00
06:39:09         4.00      0.00      1.00      1.00      1.00      0.00      0.00      0.00      0.00      0.00
06:39:14         3.20      0.00      0.80      0.80      0.80      0.00      0.00      0.00      0.00      0.00
06:39:19         4.00      0.00      1.00      1.00      1.00      0.00      0.00      0.00      0.00      0.00
06:39:24         4.00      0.00      1.00      1.00      1.00      0.00      0.00      0.00      0.00      0.00
06:39:29         4.00      0.00      1.00      1.00      1.00      0.00      0.00      0.00      0.00      0.00
06:39:34         2.40      0.00      0.60      0.60      0.60      0.00      0.00      0.00      0.00      0.00
06:39:39         2.40      0.00      0.60      0.60      0.60      0.00      0.00      0.00      0.00      0.00
06:39:44         4.00      0.00      1.00      1.00      1.00      0.00      0.00      0.00      0.00      0.00
06:39:49         3.20      0.00      0.80      0.80      0.80      0.00      0.00      0.00      0.00      0.00
06:39:54         1.60      0.00      0.40      0.40      0.40      0.00      0.00      0.00      0.00      0.00
06:39:59         4.00      0.00      1.00      1.00      1.00      0.00      0.00      0.00      0.00      0.00
06:40:04         3.20      0.00      0.80      0.80      0.80      0.00      0.00      0.00      0.00      0.00
06:40:09         2.40      0.00      0.60      0.60      0.60      0.00      0.00      0.00      0.00      0.00
06:40:14         3.20      0.00      0.80      0.80      0.80      0.00      0.00      0.00      0.00      0.00
06:40:19         2.40      0.00      0.60      0.60      0.60      0.00      0.00      0.00      0.00      0.00
06:40:24         4.00      0.00      1.00      1.00      1.00      0.00      0.00      0.00      0.00      0.00
06:40:29         2.40      0.00      0.60      0.60      0.60      0.00      0.00      0.00      0.00      0.00
06:40:34         4.80      0.00      1.20      1.20      1.20      0.00      0.00      0.00      0.00      0.00
06:40:39         4.00      0.00      1.00      1.00      1.00      0.00      0.00      0.00      0.00      0.00
06:40:44         4.00      0.00      1.00      1.00      1.00      0.00      0.00      0.00      0.00      0.00
06:40:49         3.20      0.00      0.80      0.80      0.80      0.00      0.00      0.00      0.00      0.00
06:40:54         3.20      0.00      0.80      0.80      0.80      0.00      0.00      0.00      0.00      0.00
06:40:59         4.00      0.00      1.00      1.00      1.00      0.00      0.00      0.00      0.00      0.00
06:41:04         2.40      0.00      0.60      0.60      0.60      0.00      0.00      0.00      0.00      0.00
06:41:09         3.20      0.00      0.80      0.80      0.80      0.00      0.00      0.00      0.00      0.00
06:41:14         4.80      0.00      1.20      1.20      1.20      0.00      0.00      0.00      0.00      0.00
06:41:19         2.40      0.00      0.60      0.60      0.60      0.00      0.00      0.00      0.00      0.00
06:41:24         3.20      0.00      0.80      0.80      0.80      0.00      0.00      0.00      0.00      0.00
06:41:29         3.20      0.00      0.80      0.80      0.80      0.00      0.00      0.00      0.00      0.00
06:41:34         4.00      0.00      1.00      1.00      1.00      0.00      0.00      0.00      0.00      0.00
06:41:39         3.20      0.00      0.80      0.80      0.80      0.00      0.00      0.00      0.00      0.00
06:41:44         4.00      0.00      1.00      1.00      1.00      0.00      0.00      0.00      0.00      0.00
06:41:49         3.20      0.00      0.80      0.80      0.80      0.00      0.00      0.00      0.00      0.00
06:41:54     26564.00  22768.00   7016.00   6641.20   5691.40   9291.00    847.60  11352.20      0.00      0.00
06:41:59    199497.60 206677.60  50561.20  49875.20  51687.80  79699.60  28946.40 103393.80      0.00      0.00
06:42:04         4.00      0.00      8.80      5.40      4.40      0.00      0.00      0.00      0.00      0.00
06:42:09         3.20      0.00      0.80      0.80      0.80      0.00      0.00      0.00      0.00      0.00
06:42:14         3.20      0.00      0.80      0.80      0.80      0.00      0.00      0.00      0.00      0.00
06:42:19         4.79      0.00      1.20      1.20      1.20      0.00      0.00      0.00      0.00      0.00
06:42:24         4.00      0.00      1.00      1.00      1.00      0.00      0.00      0.00      0.00      0.00
06:42:29         3.20      0.00      0.80      0.80      0.80      0.00      0.00      0.00      0.00      0.00
06:42:34         4.00      0.00      1.00      1.00      1.00      0.00      0.00      0.00      0.00      0.00
06:42:39         2.40      0.00      0.60      0.60      0.60      0.00      0.00      0.00      0.00      0.00
06:42:44         4.00      0.00      1.00      1.00      1.00      0.00      0.00      0.00      0.00      0.00
06:42:49         4.00      0.00      1.00      1.00      1.00      0.00      0.00      0.00      0.00      0.00
06:42:54         2.40      0.00      0.60      0.60      0.60      0.00      0.00      0.00      0.00      0.00
06:42:59         3.20      0.00      0.80      0.80      0.80      0.00      0.00      0.00      0.00      0.00
06:43:04         4.00      0.00      1.00      1.00      1.00      0.00      0.00      0.00      0.00      0.00
06:43:09         4.80      0.00      1.20      1.20      1.20      0.00      0.00      0.00      0.00      0.00
06:43:14         2.40      0.00      0.60      0.60      0.60      0.00      0.00      0.00      0.00      0.00
06:43:19         4.00      0.00      1.00      1.00      1.00      0.00      0.00      0.00      0.00      0.00
06:43:24         3.20      0.00      0.80      0.80      0.80      0.00      0.00      0.00      0.00      0.00
06:43:29         4.00      0.00      1.00      1.00      1.00      0.00      0.00      0.00      0.00      0.00
06:43:34         2.40      0.00      0.60      0.60      0.60      0.00      0.00      0.00      0.00      0.00
06:43:39         1.60      0.00      0.40      0.40      0.40      0.00      0.00      0.00      0.00      0.00
06:43:44         2.40      0.00      0.60      0.60      0.60      0.00      0.00      0.00      0.00      0.00
06:43:49         1.60      0.00      0.40      0.40      0.40      0.00      0.00      0.00      0.00      0.00
06:43:54         3.20      0.00      0.80      0.80      0.80      0.00      0.00      0.00      0.00      0.00
06:43:59         2.40      0.00      0.60      0.60      0.60      0.00      0.00      0.00      0.00      0.00
06:44:04         4.00      0.00      1.00      1.00      1.00      0.00      0.00      0.00      0.00      0.00
06:44:09         3.20      0.00      0.80      0.80      0.80      0.00      0.00      0.00      0.00      0.00
06:44:14         3.20      0.00      0.80      0.80      0.80      0.00      0.00      0.00      0.00      0.00
06:44:19         4.00      0.00      1.00      1.00      1.00      0.00      0.00      0.00      0.00      0.00
06:44:24         2.40      0.00      0.60      0.60      0.60      0.00      0.00      0.00      0.00      0.00
06:44:29         3.20      0.00      0.80      0.80      0.80      0.00      0.00      0.00      0.00      0.00
06:44:34         4.00      0.00      1.00      1.00      1.00      0.00      0.00      0.00      0.00      0.00
06:44:39         4.00      0.00      1.00      1.00      1.00      0.00      0.00      0.00      0.00      0.00
06:44:44         0.80      0.00      0.20      0.20      0.20      0.00      0.00      0.00      0.00      0.00
06:44:49         4.00      0.00      1.00      1.00      1.00      0.00      0.00      0.00      0.00      0.00
06:44:54         0.80      0.00      0.20      0.20      0.20      0.00      0.00      0.00      0.00      0.00
06:44:59         4.00      0.00      1.00      1.00      1.00      0.00      0.00      0.00      0.00      0.00
06:45:04         4.80      0.00      1.20      1.20      1.20      0.00      0.00      0.00      0.00      0.00
06:45:09         4.00      0.00      1.00      1.00      1.00      0.00      0.00      0.00      0.00      0.00
06:45:14         3.20      0.00      0.80      0.80      0.80      0.00      0.00      0.00      0.00      0.00
06:45:19         4.00      0.00      1.00      1.00      1.00      0.00      0.00      0.00      0.00      0.00
06:45:24         4.80      0.00      1.20      1.20      1.20      0.00      0.00      0.00      0.00      0.00
06:45:29         3.20      0.00      0.80      0.80      0.80      0.00      0.00      0.00      0.00      0.00
06:45:34         2.40      0.00      0.60      0.60      0.60      0.00      0.00      0.00      0.00      0.00
06:45:39         4.00      0.00      1.00      1.00      1.00      0.00      0.00      0.00      0.00      0.00
06:45:44         0.80      0.00      0.20      0.20      0.20      0.00      0.00      0.00      0.00      0.00
06:45:49         2.40      0.00      0.60      0.60      0.60      0.00      0.00      0.00      0.00      0.00
06:45:54         4.00      0.00      1.00      1.00      1.00      0.00      0.00      0.00      0.00      0.00
06:45:59         4.00      0.00      1.00      1.00      1.00      0.00      0.00      0.00      0.00      0.00
06:46:04         3.20      0.00      0.80      0.80      0.80      0.00      0.00      0.00      0.00      0.00
06:46:09         1.60      0.00      0.40      0.40      0.40      0.00      0.00      0.00      0.00      0.00
06:46:14         0.80      0.00      0.20      0.20      0.20      0.00      0.00      0.00      0.00      0.00
06:46:19         3.20      0.00      0.80      0.80      0.80      0.00      0.00      0.00      0.00      0.00
06:46:24         2.40      0.00      0.60      0.60      0.60      0.00      0.00      0.00      0.00      0.00
06:46:29         3.20      0.00      0.80      0.80      0.80      0.00      0.00      0.00      0.00      0.00
06:46:34         1.60      0.00      0.40      0.40      0.40      0.00      0.00      0.00      0.00      0.00
06:46:39         3.20      0.00      0.80      0.80      0.80      0.00      0.00      0.00      0.00      0.00
06:46:44         3.20      0.00      0.80      0.80      0.80      0.00      0.00      0.00      0.00      0.00
06:46:49         3.20      0.00      0.80      0.80      0.80      0.00      0.00      0.00      0.00      0.00
06:46:54         4.00      0.00      1.00      1.00      1.00      0.00      0.00      0.00      0.00      0.00
06:46:59         4.00      0.00      1.00      1.00      1.00      0.00      0.00      0.00      0.00      0.00
06:47:04         1.60      0.00      0.40      0.40      0.40      0.00      0.00      0.00      0.00      0.00
06:47:09         4.00      0.00      1.00      1.00      1.00      0.00      0.00      0.00      0.00      0.00
06:47:14         4.00      0.00      1.00      1.00      1.00      0.00      0.00      0.00      0.00      0.00
06:47:19         3.20      0.00      0.80      0.80      0.80      0.00      0.00      0.00      0.00      0.00
06:47:24         4.00      0.00      1.00      1.00      1.00      0.00      0.00      0.00      0.00      0.00
06:47:29         4.00      0.00      1.00      1.00      1.00      0.00      0.00      0.00      0.00      0.00
06:47:34         1.60      0.00      0.40      0.40      0.40      0.00      0.00      0.00      0.00      0.00
06:47:39         4.00      0.00      1.00      1.00      1.00      0.00      0.00      0.00      0.00      0.00
06:47:44         3.20      0.00      0.80      0.80      0.80      0.00      0.00      0.00      0.00      0.00
06:47:49         3.20      0.00      0.80      0.80      0.80      0.00      0.00      0.00      0.00      0.00
06:47:54         4.00      0.00      1.00      1.00      1.00      0.00      0.00      0.00      0.00      0.00
06:47:59         4.00      0.00      1.00      1.00      1.00      0.00      0.00      0.00      0.00      0.00
06:48:04         4.00      0.00      1.00      1.00      1.00      0.00      0.00      0.00      0.00      0.00
06:48:09         4.00      0.00      1.00      1.00      1.00      0.00      0.00      0.00      0.00      0.00
06:48:14         3.20      0.00      0.80      0.80      0.80      0.00      0.00      0.00      0.00      0.00
06:48:19         3.20      0.00      0.80      0.80      0.80      0.00      0.00      0.00      0.00      0.00
06:48:24         0.80      0.00      0.20      0.20      0.20      0.00      0.00      0.00      0.00      0.00
06:48:29         0.80      0.00      0.20      0.20      0.20      0.00      0.00      0.00      0.00      0.00
06:48:34         0.80      0.00      0.20      0.20      0.20      0.00      0.00      0.00      0.00      0.00
06:48:39         4.00      0.00      1.00      1.00      1.00      0.00      0.00      0.00      0.00      0.00
06:48:44         4.00      0.00      1.00      1.00      1.00      0.00      0.00      0.00      0.00      0.00
06:48:49         3.20      0.00      0.80      0.80      0.80      0.00      0.00      0.00      0.00      0.00
06:48:54         3.20      0.00      0.80      0.80      0.80      0.00      0.00      0.00      0.00      0.00
06:48:59         2.40      0.00      0.60      0.60      0.60      0.00      0.00      0.00      0.00      0.00
06:49:04         0.00      0.00      0.00      0.00      0.00      0.00      0.00      0.00      0.00      0.00
06:49:09         3.20      0.00      0.80      0.80      0.80      0.00      0.00      0.00      0.00      0.00
06:49:14         1.60      0.00      0.40      0.40      0.40      0.00      0.00      0.00      0.00      0.00
06:49:19         3.20      0.00      0.80      0.80      0.80      0.00      0.00      0.00      0.00      0.00
06:49:24         4.00      0.00      1.00      1.00      1.00      0.00      0.00      0.00      0.00      0.00
06:49:29         4.00      0.00      1.00      1.00      1.00      0.00      0.00      0.00      0.00      0.00
06:49:34         2.40      0.00      0.60      0.60      0.60      0.00      0.00      0.00      0.00      0.00
06:49:39         0.00      0.00      0.00      0.00      0.00      0.00      0.00      0.00      0.00      0.00
06:49:44         0.00      0.00      0.00      0.00      0.00      0.00      0.00      0.00      0.00      0.00
06:49:49         1.60      0.00      0.40      0.40      0.40      0.00      0.00      0.00      0.00      0.00
06:49:54         3.20      0.00      0.80      0.80      0.80      0.00      0.00      0.00      0.00      0.00
06:49:59         3.20      0.00      0.80      0.80      0.80      0.00      0.00      0.00      0.00      0.00
06:50:04         3.20      0.00      0.80      0.80      0.80      0.00      0.00      0.00      0.00      0.00
06:50:09         4.00      0.00      1.00      1.00      1.00      0.00      0.00      0.00      0.00      0.00
06:50:14         3.20      0.00      0.80      0.80      0.80      0.00      0.00      0.00      0.00      0.00
06:50:19         3.20      0.00      0.80      0.80      0.80      0.00      0.00      0.00      0.00      0.00
06:50:24         1.60      0.00      0.40      0.40      0.40      0.00      0.00      0.00      0.00      0.00
06:50:29         1.60      0.00      0.40      0.40      0.40      0.00      0.00      0.00      0.00      0.00
06:50:34         1.60      0.00      0.40      0.40      0.40      0.00      0.00      0.00      0.00      0.00
06:50:39         4.00      0.00      1.00      1.00      1.00      0.00      0.00      0.00      0.00      0.00
06:50:44         1.60      0.00      0.40      0.40      0.40      0.00      0.00      0.00      0.00      0.00
06:50:49         4.80      0.00      1.20      1.20      1.20      0.00      0.00      0.00      0.00      0.00
06:50:54         3.20      0.00      0.80      0.80      0.80      0.00      0.00      0.00      0.00      0.00
06:50:59         3.20      0.00      0.80      0.80      0.80      0.00      0.00      0.00      0.00      0.00
06:51:04         0.80      0.00      0.20      0.20      0.20      0.00      0.00      0.00      0.00      0.00
06:51:09         2.40      0.00      0.60      0.60      0.60      0.00      0.00      0.00      0.00      0.00
06:51:14         3.20      0.00      0.80      0.80      0.80      0.00      0.00      0.00      0.00      0.00
06:51:19         3.20      0.00      0.80      0.80      0.80      0.00      0.00      0.00      0.00      0.00
06:51:24         2.40      0.00      0.60      0.60      0.60      0.00      0.00      0.00      0.00      0.00
06:51:29         3.20      0.00      0.80      0.80      0.80      0.00      0.00      0.00      0.00      0.00
06:51:34         2.40      0.00      0.60      0.60      0.60      0.00      0.00      0.00      0.00      0.00
06:51:39         4.00      0.00      1.00      1.00      1.00      0.00      0.00      0.00      0.00      0.00
06:51:44         0.00      0.00      0.00      0.00      0.00      0.00      0.00      0.00      0.00      0.00
06:51:49         2.40      0.00      0.60      0.60      0.60      0.00      0.00      0.00      0.00      0.00
06:51:54         1.60      0.00      0.40      0.40      0.40      0.00      0.00      0.00      0.00      0.00
06:51:59         1.60      0.00      0.40      0.40      0.40      0.00      0.00      0.00      0.00      0.00
06:52:04         0.00      0.00      0.00      0.00      0.00      0.00      0.00      0.00      0.00      0.00
06:52:09         1.60      0.00      0.40      0.40      0.40      0.00      0.00      0.00      0.00      0.00
06:52:14         4.80      0.00      1.20      1.20      1.20      0.00      0.00      0.00      0.00      0.00
06:52:19         3.20      0.00      0.80      0.80      0.80      0.00      0.00      0.00      0.00      0.00
06:52:24         3.20      0.00      0.80      0.80      0.80      0.00      0.00      0.00      0.00      0.00
06:52:29    247326.40 240966.40  62608.20  61832.00  60292.80  80006.20  17806.60 120575.20      0.00      0.00
06:52:34    232691.20 235949.60  60181.60  58172.60  58997.60  65527.40   7341.80 117987.60      0.00      0.00
06:52:39         1.60      0.00      0.40      0.40      0.40      0.00      0.00      0.00      0.00      0.00
06:52:44         3.20      0.00      0.80      0.80      0.80      0.00      0.00      0.00      0.00      0.00
06:52:49         1.60      0.00      0.40      0.40      0.40      0.00      0.00      0.00      0.00      0.00
06:52:54         4.00      0.00      1.00      1.00      1.00      0.00      0.00      0.00      0.00      0.00
06:52:59         1.60      0.00      0.40      0.40      0.40      0.00      0.00      0.00      0.00      0.00
06:53:04         3.20      0.00      0.80      0.80      0.80      0.00      0.00      0.00      0.00      0.00
06:53:09         3.20      0.00      0.80      0.80      0.80      0.00      0.00      0.00      0.00      0.00
06:53:14         4.00      0.00      1.00      1.00      1.00      0.00      0.00      0.00      0.00      0.00
06:53:19         3.20      0.00      0.80      0.80      0.80      0.00      0.00      0.00      0.00      0.00
06:53:24         1.60      0.00      0.40      0.40      0.40      0.00      0.00      0.00      0.00      0.00
06:53:29         2.40      0.00      0.60      0.60      0.60      0.00      0.00      0.00      0.00      0.00
06:53:34         1.60      0.00      0.40      0.40      0.40      0.00      0.00      0.00      0.00      0.00
06:53:39         0.80      0.00      0.20      0.20      0.20      0.00      0.00      0.00      0.00      0.00
06:53:44         2.40      0.00      0.60      0.60      0.60      0.00      0.00      0.00      0.00      0.00
06:53:49         1.60      0.00      0.40      0.40      0.40      0.00      0.00      0.00      0.00      0.00
06:53:54         1.60      0.00      0.40      0.40      0.40      0.00      0.00      0.00      0.00      0.00
06:53:59    184222.40 180861.60  46285.80  46057.20  45225.20  74244.80  30810.20  90435.00      0.00      0.00
06:54:04     41248.80  47603.20  11194.00  10313.80  11916.80  11951.40    584.80  23836.60      0.00      0.00
06:54:09         3.20      0.00      0.80      0.80      0.80      0.00      0.00      0.00      0.00      0.00
06:54:14         3.20      0.00      0.80      0.80      0.80      0.00      0.00      0.00      0.00      0.00
06:54:19         4.80      0.00      1.20      1.20      1.20      0.00      0.00      0.00      0.00      0.00
06:54:24         3.20      0.00      0.80      0.80      0.80      0.00      0.00      0.00      0.00      0.00
06:54:29         3.20      0.00      0.80      0.80      0.80      0.00      0.00      0.00      0.00      0.00
06:54:34         3.20      0.00      0.80      0.80      0.80      0.00      0.00      0.00      0.00      0.00
06:54:39         4.00      0.00      1.00      1.00      1.00      0.00      0.00      0.00      0.00      0.00
06:54:44         3.19      0.00      0.80      0.80      0.80      0.00      0.00      0.00      0.00      0.00
06:54:49         4.80      0.00      1.20      1.20      1.20      0.00      0.00      0.00      0.00      0.00
06:54:54         3.20      0.00      0.80      0.80      0.80      0.00      0.00      0.00      0.00      0.00
06:54:59         3.20      0.00      0.80      0.80      0.80      0.00      0.00      0.00      0.00      0.00
06:55:04         3.20      0.00      0.80      0.80      0.80      0.00      0.00      0.00      0.00      0.00
06:55:09         3.20      0.00      0.80      0.80      0.80      0.00      0.00      0.00      0.00      0.00
06:55:14         3.20      0.00      0.80      0.80      0.80      0.00      0.00      0.00      0.00      0.00
06:55:19         2.40      0.00      0.60      0.60      0.60      0.00      0.00      0.00      0.00      0.00
06:55:24         1.60      0.00      0.40      0.40      0.40      0.00      0.00      0.00      0.00      0.00
06:55:29         3.20      0.00      0.80      0.80      0.80      0.00      0.00      0.00      0.00      0.00
06:55:34         3.20      0.00      0.80      0.80      0.80      0.00      0.00      0.00      0.00      0.00
06:55:39         4.00      0.00      1.00      1.00      1.00      0.00      0.00      0.00      0.00      0.00
06:55:44         3.20      0.00      0.80      0.80      0.80      0.00      0.00      0.00      0.00      0.00
06:55:49         4.00      0.00      1.00      1.00      1.00      0.00      0.00      0.00      0.00      0.00
06:55:54         4.00      0.00      1.00      1.00      1.00      0.00      0.00      0.00      0.00      0.00
06:55:59         2.40      0.00      0.60      0.60      0.60      0.00      0.00      0.00      0.00      0.00
06:56:04         4.80      0.00      1.20      1.20      1.20      0.00      0.00      0.00      0.00      0.00
06:56:09         2.40      0.00      0.60      0.60      0.60      0.00      0.00      0.00      0.00      0.00
06:56:14         3.20      0.00      0.80      0.80      0.80      0.00      0.00      0.00      0.00      0.00
06:56:19         3.20      0.00      0.80      0.80      0.80      0.00      0.00      0.00      0.00      0.00
06:56:24         3.20      0.00      0.80      0.80      0.80      0.00      0.00      0.00      0.00      0.00
06:56:29         2.40      0.00      0.60      0.60      0.60      0.00      0.00      0.00      0.00      0.00
06:56:34         3.20      0.00      0.80      0.80      0.80      0.00      0.00      0.00      0.00      0.00
06:56:39         2.40      0.00      0.60      0.60      0.60      0.00      0.00      0.00      0.00      0.00
06:56:44         4.00      0.00      1.00      1.00      1.00      0.00      0.00      0.00      0.00      0.00
06:56:49         4.00      0.00      1.00      1.00      1.00      0.00      0.00      0.00      0.00      0.00
06:56:54         2.40      0.00      0.60      0.60      0.60      0.00      0.00      0.00      0.00      0.00
06:56:59     88368.80  84103.20  22705.20  22093.00  21046.60  49598.80  29551.40  42066.80      0.00      0.00
06:57:04     81912.00  90141.60  21466.20  20477.40  22644.20  26761.60   5596.00  45094.00      0.00      0.00
06:57:09         3.20      0.00      0.80      0.80      0.80      0.00      0.00      0.00      0.00      0.00
06:57:14         5.60      0.00      1.40      1.40      1.40      0.00      0.00      0.00      0.00      0.00
06:57:19         2.40      0.00      0.60      0.60      0.60      0.00      0.00      0.00      0.00      0.00
06:57:24         4.00      0.00      1.00      1.00      1.00      0.00      0.00      0.00      0.00      0.00
06:57:29         4.00      0.00      1.00      1.00      1.00      0.00      0.00      0.00      0.00      0.00
06:57:34         3.20      0.00      0.80      0.80      0.80      0.00      0.00      0.00      0.00      0.00
06:57:39         4.00      0.00      1.00      1.00      1.00      0.00      0.00      0.00      0.00      0.00
06:57:44         3.20      0.00      0.80      0.80      0.80      0.00      0.00      0.00      0.00      0.00
06:57:49         4.80      0.00      1.20      1.20      1.20      0.00      0.00      0.00      0.00      0.00
06:57:54         3.20      0.00      0.80      0.80      0.80      0.00      0.00      0.00      0.00      0.00
06:57:59         2.40      0.00      0.60      0.60      0.60      0.00      0.00      0.00      0.00      0.00
06:58:04         3.20      0.00      0.80      0.80      0.80      0.00      0.00      0.00      0.00      0.00
06:58:09         3.20      0.00      0.80      0.80      0.80      0.00      0.00      0.00      0.00      0.00
06:58:14         4.00      0.00      1.00      1.00      1.00      0.00      0.00      0.00      0.00      0.00
06:58:19         3.20      0.00      0.80      0.80      0.80      0.00      0.00      0.00      0.00      0.00
06:58:24         2.40      0.00      0.60      0.60      0.60      0.00      0.00      0.00      0.00      0.00
06:58:29         2.40      0.00      0.60      0.60      0.60      0.00      0.00      0.00      0.00      0.00
06:58:34         4.00      0.00      1.00      1.00      1.00      0.00      0.00      0.00      0.00      0.00
06:58:39         3.20      0.00      0.80      0.80      0.80      0.00      0.00      0.00      0.00      0.00
06:58:44         4.00      0.00      1.00      1.00      1.00      0.00      0.00      0.00      0.00      0.00
06:58:49         2.40      0.00      0.60      0.60      0.60      0.00      0.00      0.00      0.00      0.00
06:58:54         4.00      0.00      1.00      1.00      1.00      0.00      0.00      0.00      0.00      0.00
06:58:59         4.00      0.00      1.00      1.00      1.00      0.00      0.00      0.00      0.00      0.00
06:59:04         4.00      0.00      1.00      1.00      1.00      0.00      0.00      0.00      0.00      0.00
06:59:09         4.80      0.00      1.20      1.20      1.20      0.00      0.00      0.00      0.00      0.00
06:59:14         3.20      0.00      0.80      0.80      0.80      0.00      0.00      0.00      0.00      0.00
06:59:19         4.00      0.00      1.00      1.00      1.00      0.00      0.00      0.00      0.00      0.00
06:59:24         4.00      0.00      1.00      1.00      1.00      0.00      0.00      0.00      0.00      0.00
06:59:29         3.20      0.00      0.80      0.80      0.80      0.00      0.00      0.00      0.00      0.00
06:59:34         4.00      0.00      1.00      1.00      1.00      0.00      0.00      0.00      0.00      0.00
06:59:39         2.40      0.00      0.60      0.60      0.60      0.00      0.00      0.00      0.00      0.00
06:59:44         4.00      0.00      1.00      1.00      1.00      0.00      0.00      0.00      0.00      0.00
06:59:49         3.20      0.00      0.80      0.80      0.80      0.00      0.00      0.00      0.00      0.00
06:59:54         4.00      0.00      1.00      1.00      1.00      0.00      0.00      0.00      0.00      0.00
06:59:59         3.20      0.00      0.80      0.80      0.80      0.00      0.00      0.00      0.00      0.00
07:00:04         4.00      0.00      1.00      1.00      1.00      0.00      0.00      0.00      0.00      0.00
07:00:09         2.40      0.00      0.60      0.60      0.60      0.00      0.00      0.00      0.00      0.00
07:00:14         4.00      0.00      1.00      1.00      1.00      0.00      0.00      0.00      0.00      0.00
07:00:19         3.20      0.00      0.80      0.80      0.80      0.00      0.00      0.00      0.00      0.00
07:00:24         4.00      0.00      1.00      1.00      1.00      0.00      0.00      0.00      0.00      0.00
07:00:29         4.00      0.00      1.00      1.00      1.00      0.00      0.00      0.00      0.00      0.00
07:00:34         1.60      0.00      0.40      0.40      0.40      0.00      0.00      0.00      0.00      0.00
07:00:39         3.20      0.00      0.80      0.80      0.80      0.00      0.00      0.00      0.00      0.00
07:00:44         0.80      0.00      0.20      0.20      0.20      0.00      0.00      0.00      0.00      0.00
07:00:49         3.20      0.00      0.80      0.80      0.80      0.00      0.00      0.00      0.00      0.00
07:00:54         3.20      0.00      0.80      0.80      0.80      0.00      0.00      0.00      0.00      0.00
07:00:59         1.60      0.00      0.40      0.40      0.40      0.00      0.00      0.00      0.00      0.00
07:01:04         4.00      0.00      1.00      1.00      1.00      0.00      0.00      0.00      0.00      0.00
07:01:09         1.60      0.00      0.40      0.40      0.40      0.00      0.00      0.00      0.00      0.00
07:01:14         4.00      0.00      1.00      1.00      1.00      0.00      0.00      0.00      0.00      0.00
07:01:19         4.80      0.00      1.20      1.20      1.20      0.00      0.00      0.00      0.00      0.00
07:01:24         2.40      0.00      0.60      0.60      0.60      0.00      0.00      0.00      0.00      0.00
07:01:29         2.40      0.00      0.60      0.60      0.60      0.00      0.00      0.00      0.00      0.00
07:01:34         2.40      0.00      0.60      0.60      0.60      0.00      0.00      0.00      0.00      0.00
07:01:39         4.00      0.00      1.00      1.00      1.00      0.00      0.00      0.00      0.00      0.00
07:01:44         2.40      0.00      0.60      0.60      0.60      0.00      0.00      0.00      0.00      0.00
07:01:49         4.00      0.00      1.00      1.00      1.00      0.00      0.00      0.00      0.00      0.00
07:01:54         0.80      0.00      0.20      0.20      0.20      0.00      0.00      0.00      0.00      0.00
07:01:59         2.40      0.00      0.60      0.60      0.60      0.00      0.00      0.00      0.00      0.00
07:02:04         1.60      0.00      0.40      0.40      0.40      0.00      0.00      0.00      0.00      0.00
07:02:09         3.20      0.00      0.80      0.80      0.80      0.00      0.00      0.00      0.00      0.00
07:02:14         3.20      0.00      0.80      0.80      0.80      0.00      0.00      0.00      0.00      0.00
07:02:19         2.40      0.00      0.60      0.60      0.60      0.00      0.00      0.00      0.00      0.00
07:02:24         3.20      0.00      1.00      0.80      0.80      0.00      0.00      0.00      0.00      0.00
07:02:29         2.40      0.00      0.60      0.60      0.60      0.00      0.00      0.00      0.00      0.00
07:02:34         3.20      0.00      0.80      0.80      0.80      0.00      0.00      0.00      0.00      0.00
07:02:39         3.20      0.00      0.80      0.80      0.80      0.00      0.00      0.00      0.00      0.00
07:02:44         3.20      0.00      0.80      0.80      0.80      0.00      0.00      0.00      0.00      0.00
07:02:49         1.60      0.00      0.40      0.40      0.40      0.00      0.00      0.00      0.00      0.00
07:02:54         1.60      0.00      0.40      0.40      0.40      0.00      0.00      0.00      0.00      0.00
07:02:59         0.80      0.00      0.20      0.20      0.20      0.00      0.00      0.00      0.00      0.00
07:03:04         3.20      0.00      0.80      0.80      0.80      0.00      0.00      0.00      0.00      0.00
07:03:09         2.40      0.00      0.60      0.60      0.60      0.00      0.00      0.00      0.00      0.00
07:03:14         0.80      0.00      0.20      0.20      0.20      0.00      0.00      0.00      0.00      0.00
07:03:19         3.20      0.00      0.80      0.80      0.80      0.00      0.00      0.00      0.00      0.00
07:03:24         4.00      0.00      1.00      1.00      1.00      0.00      0.00      0.00      0.00      0.00
07:03:29         1.60      0.00      0.40      0.40      0.40      0.00      0.00      0.00      0.00      0.00
07:03:34         1.60      0.00      0.40      0.40      0.40      0.00      0.00      0.00      0.00      0.00
07:03:39         4.00      0.00      1.00      1.00      1.00      0.00      0.00      0.00      0.00      0.00
07:03:44         1.60      0.00      0.40      0.40      0.40      0.00      0.00      0.00      0.00      0.00
07:03:49         3.20      0.00      0.80      0.80      0.80      0.00      0.00      0.00      0.00      0.00
07:03:54         4.00      0.00      1.00      1.00      1.00      0.00      0.00      0.00      0.00      0.00
07:03:59         2.40      0.00      0.60      0.60      0.60      0.00      0.00      0.00      0.00      0.00
07:04:04         4.80      0.00      1.20      1.20      1.20      0.00      0.00      0.00      0.00      0.00
07:04:09         0.80      0.00      0.20      0.20      0.20      0.00      0.00      0.00      0.00      0.00
07:04:14         0.80      0.00      0.20      0.20      0.20      0.00      0.00      0.00      0.00      0.00
07:04:19         2.40      0.00      0.60      0.60      0.60      0.00      0.00      0.00      0.00      0.00
07:04:24         2.40      0.00      0.60      0.60      0.60      0.00      0.00      0.00      0.00      0.00
07:04:29         4.00      0.00      1.00      1.00      1.00      0.00      0.00      0.00      0.00      0.00
07:04:34         3.20      0.00      0.80      0.80      0.80      0.00      0.00      0.00      0.00      0.00
07:04:39         1.60      0.00      0.40      0.40      0.40      0.00      0.00      0.00      0.00      0.00
07:04:44         4.00      0.00      1.00      1.00      1.00      0.00      0.00      0.00      0.00      0.00
07:04:49         1.60      0.00      0.40      0.40      0.40      0.00      0.00      0.00      0.00      0.00
07:04:54         2.40      0.00      0.60      0.60      0.60      0.00      0.00      0.00      0.00      0.00
07:04:59         4.00      0.00      1.00      1.00      1.00      0.00      0.00      0.00      0.00      0.00
07:05:04         3.20      0.00      0.80      0.80      0.80      0.00      0.00      0.00      0.00      0.00
07:05:09         2.40      0.00      0.60      0.60      0.60      0.00      0.00      0.00      0.00      0.00
07:05:14         2.40      0.00      0.60      0.60      0.60      0.00      0.00      0.00      0.00      0.00
07:05:19         4.00      0.00      1.00      1.00      1.00      0.00      0.00      0.00      0.00      0.00
07:05:24         3.20      0.00      0.80      0.80      0.80      0.00      0.00      0.00      0.00      0.00
07:05:29         2.40      0.00      0.60      0.60      0.60      0.00      0.00      0.00      0.00      0.00
07:05:34         3.20      0.00      0.80      0.80      0.80      0.00      0.00      0.00      0.00      0.00
07:05:39         2.40      0.00      0.60      0.60      0.60      0.00      0.00      0.00      0.00      0.00
07:05:44         1.60      0.00      0.40      0.40      0.40      0.00      0.00      0.00      0.00      0.00
07:05:49         4.00      0.00      1.00      1.00      1.00      0.00      0.00      0.00      0.00      0.00
07:05:54         2.40      0.00      0.60      0.60      0.60      0.00      0.00      0.00      0.00      0.00
07:05:59         3.20      0.00      0.80      0.80      0.80      0.00      0.00      0.00      0.00      0.00
07:06:04         4.80      0.00      1.20      1.20      1.20      0.00      0.00      0.00      0.00      0.00
07:06:09         2.40      0.00      0.60      0.60      0.60      0.00      0.00      0.00      0.00      0.00
07:06:14         3.20      0.00      0.80      0.80      0.80      0.00      0.00      0.00      0.00      0.00
07:06:19         3.20      0.00      0.80      0.80      0.80      0.00      0.00      0.00      0.00      0.00
07:06:24         4.00      0.00      1.00      1.00      1.00      0.00      0.00      0.00      0.00      0.00
07:06:29         0.80      0.00      0.20      0.20      0.20      0.00      0.00      0.00      0.00      0.00
07:06:34         1.60      0.00      0.40      0.40      0.40      0.00      0.00      0.00      0.00      0.00
07:06:39         0.00      0.00      0.00      0.00      0.00      0.00      0.00      0.00      0.00      0.00
07:06:44         0.00      0.00      0.00      0.00      0.00      0.00      0.00      0.00      0.00      0.00
07:06:49         2.40      0.00      0.60      0.60      0.60      0.00      0.00      0.00      0.00      0.00
07:06:54         2.40      0.00      0.60      0.60      0.60      0.00      0.00      0.00      0.00      0.00
07:06:59         1.60      0.00      0.40      0.40      0.40      0.00      0.00      0.00      0.00      0.00
07:07:04         1.60      0.00      0.40      0.40      0.40      0.00      0.00      0.00      0.00      0.00
07:07:09         1.60      0.00      0.40      0.40      0.40      0.00      0.00      0.00      0.00      0.00
07:07:14         3.20      0.00      0.80      0.80      0.80      0.00      0.00      0.00      0.00      0.00
Average:      3956.73   4099.66   2169.34    989.22   1029.72   1636.31    625.85   2055.42      0.00      0.00
