Linux 7.2.0-rc5-virtme (virtme-ng) 	08/02/26 	_x86_64_	(4 CPU)

06:07:14    kbmemfree   kbavail kbmemused  %memused kbbuffers  kbcached  kbcommit   %commit  kbactive   kbinact   kbdirty   kbshmem
06:07:19      4907632   4864368   3279128     40.27         4     34928   8412944     68.19   3044356     34640         0       292
06:07:24      3746076   3702812   4440684     54.53         4     34928   8412944     68.19   4208384     34640         0       292
06:07:29      3746076   3702812   4440684     54.53         4     34928   8412944     68.19   4208384     34640         0       292
06:07:34      3746076   3702812   4440684     54.53         4     34928   8412944     68.19   4208384     34640         0       292
06:07:39      3746076   3702812   4440684     54.53         4     34928   8412944     68.19   4208384     34640         0       292
06:07:44      3748996   3705732   4437764     54.49         4     34928   8412944     68.19   4208384     34640         0       292
06:07:49      3752556   3709292   4434204     54.45         4     34928   8412944     68.19   4208384     34640         0       292
06:07:54      3753320   3710056   4433440     54.44         4     34928   8412944     68.19   4208384     34640         0       292
06:07:59      3753320   3710056   4433440     54.44         4     34928   8412944     68.19   4208384     34640         0       292
06:08:04      3753320   3710056   4433440     54.44         4     34928   8412944     68.19   4208384     34640         0       292
06:08:09      3753320   3710056   4433440     54.44         4     34928   8412944     68.19   4208384     34640         0       292
06:08:14      3753320   3710056   4433440     54.44         4     34928   8412944     68.19   4208384     34640         0       292
06:08:19      3753320   3710056   4433440     54.44         4     34928   8412944     68.19   4208384     34640         0       292
06:08:24      3753320   3710056   4433440     54.44         4     34928   8412944     68.19   4208384     34640         0       292
06:08:29      3753320   3710056   4433440     54.44         4     34928   8412944     68.19   4208384     34640         0       292
06:08:34      3753320   3710056   4433440     54.44         4     34928   8412944     68.19   4208384     34640         0       292
06:08:39      3753320   3710056   4433440     54.44         4     34928   8412944     68.19   4208384     34640         0       292
06:08:44      3753320   3710056   4433440     54.44         4     34928   8412944     68.19   4208384     34640         0       292
06:08:49      1624676   1581412   6562084     80.58         4     34928   8412944     68.19   6305472     34640         0       292
06:08:54      1624676   1581412   6562084     80.58         4     34928   8412944     68.19   6305472     34640         0       292
06:08:59      1624756   1581492   6562004     80.58         4     34928   8412944     68.19   6305472     34640         0       292
06:09:04      1631868   1588604   6554892     80.49         4     34928   8412944     68.19   6305472     34640         0       292
06:09:09      1644012   1600748   6542748     80.34         4     34928   8412944     68.19   6305472     34640         0       292
06:09:14      1650292   1607028   6536468     80.27         4     34928   8412944     68.19   6305472     34640         0       292
06:09:19      1652072   1608808   6534688     80.24         4     34928   8412944     68.19   6305472     34640         0       292
06:09:24      1652072   1608808   6534688     80.24         4     34928   8412944     68.19   6305472     34640         0       292
06:09:29      1652072   1608808   6534688     80.24         4     34928   8412944     68.19   6305472     34640         0       292
06:09:34      1652072   1608808   6534688     80.24         4     34928   8412944     68.19   6305472     34640         0       292
06:09:39      1652072   1608808   6534688     80.24         4     34928   8412944     68.19   6305472     34640         0       292
06:09:44      1652072   1608808   6534688     80.24         4     34928   8412944     68.19   6305472     34640         0       292
06:09:49      1652072   1608808   6534688     80.24         4     34928   8412944     68.19   6305472     34640         0       292
06:09:54      1652072   1608808   6534688     80.24         4     34928   8412944     68.19   6305472     34640         0       292
06:09:59      1652072   1608808   6534688     80.24         4     34928   8412944     68.19   6305472     34640         0       292
06:10:04      1652072   1608808   6534688     80.24         4     34928   8412944     68.19   6305472     34640         0       292
06:10:09      1652072   1608808   6534688     80.24         4     34928   8412944     68.19   6305472     34640         0       292
06:10:14      1652072   1608808   6534688     80.24         4     34928   8412944     68.19   6305472     34640         0       292
06:10:19      1652072   1608808   6534688     80.24         4     34928   8412944     68.19   6305472     34640         0       292
06:10:24      1652072   1608808   6534688     80.24         4     34928   8412944     68.19   6305472     34640         0       292
06:10:29      1652072   1608808   6534688     80.24         4     34928   8412944     68.19   6305472     34640         0       292
06:10:34      1652072   1608808   6534688     80.24         4     34928   8412944     68.19   6305472     34640         0       292
06:10:39      1652072   1608808   6534688     80.24         4     34928   8412944     68.19   6305472     34640         0       292
06:10:44      1652072   1608808   6534688     80.24         4     34928   8412944     68.19   6305472     34640         0       292
06:10:49      1652072   1608808   6534688     80.24         4     34928   8412944     68.19   6305472     34640         0       292
06:10:54      1652072   1608808   6534688     80.24         4     34928   8412944     68.19   6305472     34640         0       292
06:10:59      1652072   1608808   6534688     80.24         4     34928   8412944     68.19   6305472     34640         0       292
06:11:04      1652072   1608808   6534688     80.24         4     34928   8412944     68.19   6305472     34640         0       292
06:11:09      1652072   1608808   6534688     80.24         4     34928   8412944     68.19   6305472     34640         0       292
06:11:14      1652072   1608808   6534688     80.24         4     34928   8412944     68.19   6305472     34640         0       292
06:11:19      1652072   1608808   6534688     80.24         4     34928   8412944     68.19   6305472     34640         0       292
06:11:24      1652072   1608808   6534688     80.24         4     34928   8412944     68.19   6305472     34640         0       292
06:11:29      1652072   1608808   6534688     80.24         4     34928   8412944     68.19   6305472     34640         0       292
06:11:34      1652072   1608808   6534688     80.24         4     34928   8412944     68.19   6305472     34640         0       292
06:11:39      1652072   1608808   6534688     80.24         4     34928   8412944     68.19   6305472     34640         0       292
06:11:44      1652072   1608808   6534688     80.24         4     34928   8412944     68.19   6305472     34640         0       292
06:11:49        58732     58732   8084764     99.28         0      2856   8412884     68.19    176292   7755040         0        12
06:11:54        75104     16068   8127428     99.80         0      3216   8412884     68.19    630280   7276500         0        12
06:11:59        75104     16068   8127428     99.80         0      3216   8412884     68.19    630404   7276500         0        12
06:12:04        75104     16068   8127428     99.80         0      3216   8412884     68.19    630404   7276500         0        12
06:12:09        75104     16068   8127428     99.80         0      3216   8412884     68.19    630404   7276500         0        12
06:12:14        75104     16068   8127428     99.80         0      3216   8412884     68.19    630404   7276500         0        12
06:12:19        75104     16068   8127428     99.80         0      3216   8412884     68.19    630404   7276500         0        12
06:12:24        75104     16068   8127428     99.80         0      3216   8412884     68.19    630528   7276500         0        12
06:12:29        75104     16068   8127428     99.80         0      3216   8412884     68.19    630528   7276500         0        12
06:12:34        75104     16068   8127428     99.80         0      3216   8412884     68.19    630528   7276500         0        12
06:12:39        75104     16068   8127428     99.80         0      3216   8412884     68.19    630528   7276500         0        12
06:12:44        75104     16068   8127428     99.80         0      3216   8412884     68.19    630528   7276500         0        12
06:12:49        75104     16068   8127428     99.80         0      3216   8412884     68.19    630652   7276500         0        12
06:12:54        75104     16068   8127428     99.80         0      3216   8412884     68.19    630652   7276500         0        12
06:12:59        75104     16068   8127428     99.80         0      3216   8412884     68.19    630652   7276500         0        12
06:13:04        75104     16068   8127428     99.80         0      3216   8412884     68.19    630652   7276500         0        12
06:13:09        75104     16068   8127428     99.80         0      3216   8412884     68.19    630652   7276500         0        12
06:13:14        75104     16068   8127428     99.80         0      3216   8412884     68.19    630652   7276500         0        12
06:13:19        75104     16068   8127428     99.80         0      3216   8412884     68.19    630776   7276500         0        12
06:13:24        75104     16068   8127428     99.80         0      3216   8412884     68.19    630776   7276500         0        12
06:13:29        75104     16068   8127428     99.80         0      3216   8412884     68.19    630776   7276500         0        12
06:13:34        75104     16068   8127428     99.80         0      3216   8412884     68.19    630776   7276500         0        12
06:13:39        75104     16068   8127428     99.80         0      3216   8412884     68.19    630776   7276500         0        12
06:13:44        75104     16068   8127428     99.80         0      3216   8412884     68.19    630900   7276500         0        12
06:13:49        75104     16068   8127428     99.80         0      3216   8412884     68.19    630900   7276500         0        12
06:13:54        75104     16068   8127428     99.80         0      3216   8412884     68.19    630900   7276500         0        12
06:13:59        75104     16068   8127428     99.80         0      3216   8412884     68.19    630900   7276500         0        12
06:14:04        75104     16068   8127428     99.80         0      3216   8412884     68.19    630900   7276500         0        12
06:14:09        75104     16068   8127428     99.80         0      3216   8412884     68.19    630900   7276500         0        12
06:14:14        75104     16068   8127428     99.80         0      3216   8412884     68.19    631024   7276500         0        12
06:14:19        75104     16068   8127428     99.80         0      3216   8412884     68.19    631024   7276500         0        12
06:14:24        75104     16068   8127428     99.80         0      3216   8412884     68.19    631024   7276500         0        12
06:14:29        75104     16068   8127428     99.80         0      3216   8412884     68.19    631024   7276500         0        12
06:14:34        75104     16068   8127428     99.80         0      3216   8412884     68.19    631024   7276500         0        12
06:14:39        75104     16068   8127428     99.80         0      3216   8412884     68.19    631024   7276500         0        12
06:14:44        75104     16068   8127428     99.80         0      3216   8412884     68.19    631148   7276500         0        12
06:14:49        75104     16068   8127428     99.80         0      3216   8412884     68.19    631148   7276500         0        12
06:14:54        75104     16068   8127428     99.80         0      3216   8412884     68.19    631148   7276500         0        12
06:14:59        75104     16068   8127428     99.80         0      3216   8412884     68.19    631148   7276500         0        12
06:15:04        75104     16068   8127428     99.80         0      3216   8412884     68.19    631148   7276500         0        12
06:15:09        75104     16068   8127428     99.80         0      3216   8412884     68.19    631148   7276500         0        12
06:15:14        75104     16068   8127428     99.80         0      3216   8412884     68.19    631148   7276500         0        12
06:15:19        75104     16068   8127428     99.80         0      3216   8412884     68.19    631148   7276500         0        12
06:15:24        75104     16068   8127428     99.80         0      3216   8412884     68.19    631272   7276500         0        12
06:15:29        75104     16068   8127428     99.80         0      3216   8412884     68.19    631272   7276500         0        12
06:15:34        75104     16068   8127428     99.80         0      3216   8412884     68.19    631272   7276500         0        12
06:15:39        75104     16068   8127428     99.80         0      3216   8412884     68.19    631272   7276500         0        12
06:15:44        75104     16068   8127428     99.80         0      3216   8412884     68.19    631272   7276500         0        12
06:15:49        75104     16068   8127428     99.80         0      3216   8412884     68.19    631396   7276500         0        12
06:15:54        75104     16068   8127428     99.80         0      3216   8412884     68.19    631396   7276500         0        12
06:15:59        75104     16068   8127428     99.80         0      3216   8412884     68.19    631396   7276500         0        12
06:16:04        75104     16068   8127428     99.80         0      3216   8412884     68.19    631396   7276500         0        12
06:16:09        75104     16068   8127428     99.80         0      3216   8412884     68.19    631396   7276500         0        12
06:16:14        75104     16068   8127428     99.80         0      3216   8412884     68.19    631396   7276500         0        12
06:16:19        75104     16068   8127428     99.80         0      3216   8412884     68.19    631520   7276500         0        12
06:16:24        75104     16068   8127428     99.80         0      3216   8412884     68.19    631520   7276500         0        12
06:16:29        75104     16068   8127428     99.80         0      3216   8412884     68.19    631520   7276500         0        12
06:16:34        75104     16068   8127428     99.80         0      3216   8412884     68.19    631520   7276500         0        12
06:16:39        75104     16068   8127428     99.80         0      3216   8412884     68.19    631520   7276500         0        12
06:16:44        75104     16068   8127428     99.80         0      3216   8412884     68.19    631520   7276500         0        12
06:16:49        75104     16068   8127428     99.80         0      3216   8412884     68.19    631644   7276500         0        12
06:16:54        75104     16068   8127428     99.80         0      3216   8412884     68.19    631644   7276500         0        12
06:16:59        75104     16068   8127428     99.80         0      3216   8412884     68.19    631644   7276500         0        12
06:17:04        75104     16068   8127428     99.80         0      3216   8412884     68.19    631644   7276500         0        12
06:17:09        75104     16068   8127428     99.80         0      3216   8412884     68.19    631644   7276500         0        12
06:17:14        75104     16068   8127428     99.80         0      3216   8412884     68.19    631644   7276500         0        12
06:17:19        75104     16068   8127428     99.80         0      3216   8412884     68.19    631644   7276500         0        12
06:17:24        75104     16068   8127428     99.80         0      3216   8412884     68.19    631768   7276500         0        12
06:17:29        75104     16068   8127428     99.80         0      3216   8412884     68.19    631768   7276500         0        12
06:17:34        75104     16068   8127428     99.80         0      3216   8412884     68.19    631768   7276500         0        12
06:17:39        75104     16068   8127428     99.80         0      3216   8412884     68.19    631768   7276500         0        12
06:17:44        75104     16068   8127428     99.80         0      3216   8412884     68.19    631768   7276500         0        12
06:17:49        75104     16068   8127428     99.80         0      3216   8412884     68.19    631768   7276500         0        12
06:17:54        75104     16068   8127428     99.80         0      3216   8412884     68.19    631768   7276500         0        12
06:17:59        75104     16068   8127428     99.80         0      3216   8412884     68.19    631892   7276500         0        12
06:18:04        75104     16068   8127428     99.80         0      3216   8412884     68.19    631892   7276500         0        12
06:18:09        75104     16068   8127428     99.80         0      3216   8412884     68.19    631892   7276500         0        12
06:18:14        75104     16068   8127428     99.80         0      3216   8412884     68.19    631892   7276500         0        12
06:18:19        75104     16068   8127428     99.80         0      3216   8412884     68.19    631892   7276500         0        12
06:18:24        75104     16068   8127428     99.80         0      3216   8412884     68.19    631892   7276500         0        12
06:18:29        75104     16068   8127428     99.80         0      3216   8412884     68.19    631892   7276500         0        12
06:18:34        75104     16068   8127428     99.80         0      3216   8412884     68.19    631892   7276500         0        12
06:18:39        75104     16068   8127428     99.80         0      3216   8412884     68.19    632016   7276500         0        12
06:18:44        75104     16068   8127428     99.80         0      3216   8412884     68.19    632016   7276500         0        12
06:18:49        75104     16068   8127428     99.80         0      3216   8412884     68.19    632016   7276500         0        12
06:18:54        75104     16068   8127428     99.80         0      3216   8412884     68.19    632016   7276500         0        12
06:18:59        75104     16068   8127428     99.80         0      3216   8412884     68.19    632016   7276500         0        12
06:19:04        75104     16068   8127428     99.80         0      3216   8412884     68.19    632016   7276500         0        12
06:19:09        75104     16068   8127428     99.80         0      3216   8412884     68.19    632140   7276500         0        12
06:19:14        75104     16068   8127428     99.80         0      3216   8412884     68.19    632140   7276500         0        12
06:19:19        75104     16068   8127428     99.80         0      3216   8412884     68.19    632140   7276500         0        12
06:19:24        75104     16068   8127428     99.80         0      3216   8412884     68.19    632140   7276500         0        12
06:19:29        75104     16068   8127428     99.80         0      3216   8412884     68.19    632140   7276500         0        12
06:19:34        75104     16068   8127428     99.80         0      3216   8412884     68.19    632140   7276500         0        12
06:19:39        75104     16068   8127428     99.80         0      3216   8412884     68.19    632140   7276500         0        12
06:19:44        75104     16068   8127428     99.80         0      3216   8412884     68.19    632264   7276500         0        12
06:19:49        75104     16068   8127428     99.80         0      3216   8412884     68.19    632264   7276500         0        12
06:19:54        75104     16068   8127428     99.80         0      3216   8412884     68.19    632264   7276500         0        12
06:19:59        75104     16068   8127428     99.80         0      3216   8412884     68.19    632264   7276500         0        12
06:20:04        75104     16068   8127428     99.80         0      3216   8412884     68.19    632264   7276500         0        12
06:20:09        75104     16068   8127428     99.80         0      3216   8412884     68.19    632264   7276500         0        12
06:20:14        75104     16068   8127428     99.80         0      3216   8412884     68.19    632264   7276500         0        12
06:20:19        75104     16068   8127428     99.80         0      3216   8412884     68.19    632264   7276500         0        12
06:20:24        75104     16068   8127428     99.80         0      3216   8412884     68.19    632388   7276500         0        12
06:20:29        75104     16068   8127428     99.80         0      3216   8412884     68.19    632388   7276500         0        12
06:20:34        75104     16068   8127428     99.80         0      3216   8412884     68.19    632388   7276500         0        12
06:20:39        75104     16068   8127428     99.80         0      3216   8412884     68.19    632388   7276500         0        12
06:20:44        75104     16068   8127428     99.80         0      3216   8412884     68.19    632388   7276500         0        12
06:20:49        75104     16068   8127428     99.80         0      3216   8412884     68.19    632388   7276500         0        12
06:20:54        75104     16068   8127428     99.80         0      3216   8412884     68.19    632388   7276500         0        12
06:20:59        75104     16068   8127428     99.80         0      3216   8412884     68.19    632512   7276500         0        12
06:21:04        75104     16068   8127428     99.80         0      3216   8412884     68.19    632512   7276500         0        12
06:21:09        75104     16068   8127428     99.80         0      3216   8412884     68.19    632512   7276500         0        12
06:21:14        75104     16068   8127428     99.80         0      3216   8412884     68.19    632512   7276500         0        12
06:21:19        75104     16068   8127428     99.80         0      3216   8412884     68.19    632512   7276500         0        12
06:21:24        75104     16068   8127428     99.80         0      3216   8412884     68.19    632512   7276500         0        12
06:21:29        75104     16068   8127428     99.80         0      3216   8412884     68.19    632512   7276500         0        12
06:21:34        75104     16068   8127428     99.80         0      3216   8412884     68.19    632512   7276500         0        12
06:21:39        75104     16068   8127428     99.80         0      3216   8412884     68.19    632512   7276500         0        12
06:21:44        75104     16068   8127428     99.80         0      3216   8412884     68.19    632636   7276500         0        12
06:21:49        75104     16068   8127428     99.80         0      3216   8412884     68.19    632636   7276500         0        12
06:21:54        75104     16068   8127428     99.80         0      3216   8412884     68.19    632636   7276500         0        12
06:21:59        75104     16068   8127428     99.80         0      3216   8412884     68.19    632636   7276500         0        12
06:22:04        75104     16068   8127428     99.80         0      3216   8412884     68.19    632636   7276500         0        12
06:22:09        75104     16068   8127428     99.80         0      3216   8412884     68.19    632636   7276500         0        12
06:22:14        75104     16068   8127428     99.80         0      3216   8412884     68.19    632636   7276500         0        12
06:22:19        58972     58972   8084524     99.28         0      2532   8412884     68.19    845720   7079788         0        12
06:22:24        75588     16072   8127424     99.80         0      2844   8412884     68.19   1884280   6027060         0        12
06:22:29        75588     16072   8127424     99.80         0      2844   8412884     68.19   1884280   6027060         0        12
06:22:34        75588     16072   8127424     99.80         0      2844   8412884     68.19   1884280   6027060         0        12
06:22:39        75588     16072   8127424     99.80         0      2844   8412884     68.19   1884280   6027060         0        12
06:22:44        75588     16072   8127424     99.80         0      2844   8412884     68.19   1884280   6027060         0        12
06:22:49        75588     16072   8127424     99.80         0      2844   8412884     68.19   1884280   6027060         0        12
06:22:54        75588     16072   8127424     99.80         0      2844   8412884     68.19   1884400   6027064         0        12
06:22:59        75588     16072   8127424     99.80         0      2844   8412884     68.19   1884400   6027064         0        12
06:23:04        75588     16072   8127424     99.80         0      2844   8412884     68.19   1884400   6027064         0        12
06:23:09        75588     16072   8127424     99.80         0      2844   8412884     68.19   1884400   6027064         0        12
06:23:14        75588     16072   8127424     99.80         0      2844   8412884     68.19   1884400   6027064         0        12
06:23:19        75588     16072   8127424     99.80         0      2844   8412884     68.19   1884400   6027064         0        12
06:23:24        75588     16072   8127424     99.80         0      2844   8412884     68.19   1884400   6027064         0        12
06:23:29        75588     16072   8127424     99.80         0      2844   8412884     68.19   1884400   6027064         0        12
06:23:34        75588     16072   8127424     99.80         0      2844   8412884     68.19   1884400   6027064         0        12
06:23:39        75588     16072   8127424     99.80         0      2844   8412884     68.19   1884520   6027068         0        12
06:23:44        75588     16072   8127424     99.80         0      2844   8412884     68.19   1884520   6027068         0        12
06:23:49        53916     53916   8089580     99.34         0      2844   8412884     68.19   2061056   5871024         0        12
06:23:54        60800       432   8143064     99.99         0      1116   8412884     68.19   4756032   3166552         0         0
06:23:59        60296     60296   8083200     99.26         0      1140   8412884     68.19   4756032   3166552         0         0
06:24:04        60296     60296   8083200     99.26         0      1140   8412884     68.19   4756032   3166552         0         0
06:24:09        60296     60296   8083200     99.26         0      1140   8412884     68.19   4756152   3166556         0         0
06:24:14        60296     60296   8083200     99.26         0      1140   8412884     68.19   4756152   3166556         0         0
06:24:19        60296     60296   8083200     99.26         0      1140   8412884     68.19   4756152   3166556         0         0
06:24:24        60056     60056   8083440     99.26         0      1140   8412884     68.19   4756152   3166556         0         0
06:24:29        60056     60056   8083440     99.26         0      1140   8412884     68.19   4756152   3166556         0         0
06:24:34        60056     60056   8083440     99.26         0      1140   8412884     68.19   4756152   3166556         0         0
06:24:39        60056     60056   8083440     99.26         0      1140   8412884     68.19   4756152   3166556         0         0
06:24:44        60056     60056   8083440     99.26         0      1140   8412884     68.19   4756272   3166560         0         0
06:24:49        60056     60056   8083440     99.26         0      1140   8412884     68.19   4756272   3166560         0         0
06:24:54        60056     60056   8083440     99.26         0      1140   8412884     68.19   4756272   3166560         0         0
06:24:59        60056     60056   8083440     99.26         0      1140   8412884     68.19   4756272   3166560         0         0
06:25:04        60056     60056   8083440     99.26         0      1140   8412884     68.19   4756272   3166560         0         0
06:25:09        60056     60056   8083440     99.26         0      1140   8412884     68.19   4756272   3166560         0         0
06:25:14        60056     60056   8083440     99.26         0      1140   8412884     68.19   4756272   3166560         0         0
06:25:19        60056     60056   8083440     99.26         0      1140   8412884     68.19   4756272   3166560         0         0
06:25:24        60056     60056   8083440     99.26         0      1140   8412884     68.19   4756272   3166560         0         0
06:25:29        60312     60312   8083184     99.26         0      1140   8412884     68.19   4756272   3166560         0         0
06:25:34        60312     60312   8083184     99.26         0      1140   8412884     68.19   4756272   3166560         0         0
06:25:39        60312     60312   8083184     99.26         0      1140   8412884     68.19   4756392   3166564         0         0
06:25:44        60312     60312   8083184     99.26         0      1140   8412884     68.19   4756392   3166564         0         0
06:25:49        60312     60312   8083184     99.26         0      1140   8412884     68.19   4756392   3166564         0         0
06:25:54        60312     60312   8083184     99.26         0      1140   8412884     68.19   4756392   3166564         0         0
06:25:59        60312     60312   8083184     99.26         0      1140   8412884     68.19   4756392   3166564         0         0
06:26:04        60312     60312   8083184     99.26         0      1140   8412884     68.19   4756392   3166564         0         0
06:26:09        60312     60312   8083184     99.26         0      1140   8412884     68.19   4756392   3166564         0         0
06:26:14        60312     60312   8083184     99.26         0      1140   8412884     68.19   4756392   3166564         0         0
06:26:19        60312     60312   8083184     99.26         0      1140   8412884     68.19   4756392   3166564         0         0
06:26:24        60312     60312   8083184     99.26         0      1140   8412884     68.19   4756512   3166568         0         0
06:26:29        60312     60312   8083184     99.26         0      1140   8412884     68.19   4756512   3166568         0         0
06:26:34        60312     60312   8083184     99.26         0      1140   8412884     68.19   4756512   3166568         0         0
06:26:39        60312     60312   8083184     99.26         0      1140   8412884     68.19   4756512   3166568         0         0
06:26:44        60312     60312   8083184     99.26         0      1140   8412884     68.19   4756512   3166568         0         0
06:26:49        60312     60312   8083184     99.26         0      1140   8412884     68.19   4756512   3166568         0         0
06:26:54        55060     55060   8088436     99.32         0      1148   8412884     68.19   1737168   6190892         0         0
06:26:59        54980     54980   8088516     99.32         0      1300   8412884     68.19   1737332   6190976         0         0
06:27:04        54980     54980   8088516     99.32         0      1300   8412884     68.19   1737332   6190976         0         0
06:27:09        54980     54980   8088516     99.32         0      1300   8412884     68.19   1737332   6190976         0         0
06:27:14        54980     54980   8088516     99.32         0      1300   8412884     68.19   1737332   6190976         0         0
06:27:19        54980     54980   8088516     99.32         0      1300   8412884     68.19   1737332   6190976         0         0
06:27:24        54980     54980   8088516     99.32         0      1300   8412884     68.19   1737332   6190976         0         0
06:27:29        54980     54980   8088516     99.32         0      1300   8412884     68.19   1737332   6190976         0         0
06:27:34        54980     54980   8088516     99.32         0      1300   8412884     68.19   1737332   6190976         0         0
06:27:39        54980     54980   8088516     99.32         0      1300   8412884     68.19   1737332   6190976         0         0
06:27:44        54980     54980   8088516     99.32         0      1300   8412884     68.19   1737452   6190980         0         0
06:27:49        54980     54980   8088516     99.32         0      1300   8412884     68.19   1737452   6190980         0         0
06:27:54        54980     54980   8088516     99.32         0      1300   8412884     68.19   1737452   6190980         0         0
06:27:59        54980     54980   8088516     99.32         0      1300   8412884     68.19   1737452   6190980         0         0
06:28:04        54980     54980   8088516     99.32         0      1300   8412884     68.19   1737452   6190980         0         0
06:28:09        54980     54980   8088516     99.32         0      1300   8412884     68.19   1737452   6190980         0         0
06:28:14        54980     54980   8088516     99.32         0      1300   8412884     68.19   1737452   6190980         0         0
06:28:19        54980     54980   8088516     99.32         0      1300   8412884     68.19   1737452   6190980         0         0
06:28:24        54980     54980   8088516     99.32         0      1300   8412884     68.19   1737572   6190984         0         0
06:28:29        54980     54980   8088516     99.32         0      1300   8412884     68.19   1737572   6190984         0         0
06:28:34        54980     54980   8088516     99.32         0      1300   8412884     68.19   1737572   6190984         0         0
06:28:39        54980     54980   8088516     99.32         0      1300   8412884     68.19   1737572   6190984         0         0
06:28:44        54980     54980   8088516     99.32         0      1300   8412884     68.19   1737572   6190984         0         0
06:28:49        54980     54980   8088516     99.32         0      1300   8412884     68.19   1737572   6190984         0         0
06:28:54        54980     54980   8088516     99.32         0      1300   8412884     68.19   1737572   6190984         0         0
06:28:59        54980     54980   8088516     99.32         0      1300   8412884     68.19   1737572   6190984         0         0
06:29:04        54980     54980   8088516     99.32         0      1300   8412884     68.19   1737572   6190984         0         0
06:29:09        54980     54980   8088516     99.32         0      1300   8412884     68.19   1737572   6190984         0         0
06:29:14        54980     54980   8088516     99.32         0      1300   8412884     68.19   1737572   6190984         0         0
06:29:19        54980     54980   8088516     99.32         0      1300   8412884     68.19   1737572   6190984         0         0
06:29:24        54980     54980   8088516     99.32         0      1300   8412884     68.19   1737692   6190988         0         0
06:29:29        54980     54980   8088516     99.32         0      1300   8412884     68.19   1737692   6190988         0         0
06:29:34        54980     54980   8088516     99.32         0      1300   8412884     68.19   1737692   6190988         0         0
06:29:39        54980     54980   8088516     99.32         0      1300   8412884     68.19   1737692   6190988         0         0
06:29:44        54980     54980   8088516     99.32         0      1300   8412884     68.19   1737692   6190988         0         0
06:29:49        54980     54980   8088516     99.32         0      1300   8412884     68.19   1737692   6190988         0         0
06:29:54        54980     54980   8088516     99.32         0      1300   8412884     68.19   1737692   6190988         0         0
06:29:59        54980     54980   8088516     99.32         0      1300   8412884     68.19   1737692   6190988         0         0
06:30:04        54980     54980   8088516     99.32         0      1300   8412884     68.19   1737692   6190988         0         0
06:30:09        54980     54980   8088516     99.32         0      1300   8412884     68.19   1737812   6190992         0         0
06:30:14        54980     54980   8088516     99.32         0      1300   8412884     68.19   1737812   6190992         0         0
06:30:19        54980     54980   8088516     99.32         0      1300   8412884     68.19   1737812   6190992         0         0
06:30:24        54980     54980   8088516     99.32         0      1300   8412884     68.19   1737812   6190992         0         0
06:30:29        54980     54980   8088516     99.32         0      1300   8412884     68.19   1737812   6190992         0         0
06:30:34        54980     54980   8088516     99.32         0      1300   8412884     68.19   1737812   6190992         0         0
06:30:39        54980     54980   8088516     99.32         0      1300   8412884     68.19   1737812   6190992         0         0
06:30:44        54980     54980   8088516     99.32         0      1300   8412884     68.19   1737812   6190992         0         0
06:30:49        54980     54980   8088516     99.32         0      1300   8412884     68.19   1737812   6190992         0         0
06:30:54        54980     54980   8088516     99.32         0      1300   8412884     68.19   1737812   6190992         0         0
06:30:59        54980     54980   8088516     99.32         0      1300   8412884     68.19   1737812   6190992         0         0
06:31:04        54980     54980   8088516     99.32         0      1300   8412884     68.19   1737812   6190992         0         0
06:31:09        54980     54980   8088516     99.32         0      1300   8412884     68.19   1737812   6190992         0         0
06:31:14        54980     54980   8088516     99.32         0      1300   8412884     68.19   1737812   6190992         0         0
06:31:19        54980     54980   8088516     99.32         0      1300   8412884     68.19   1737932   6190996         0         0
06:31:24        54980     54980   8088516     99.32         0      1300   8412884     68.19   1737932   6190996         0         0
06:31:29        54980     54980   8088516     99.32         0      1300   8412884     68.19   1737932   6190996         0         0
06:31:34        54980     54980   8088516     99.32         0      1300   8412884     68.19   1737932   6190996         0         0
06:31:39        54980     54980   8088516     99.32         0      1300   8412884     68.19   1737932   6190996         0         0
06:31:44        54980     54980   8088516     99.32         0      1300   8412884     68.19   1737932   6190996         0         0
06:31:49        54980     54980   8088516     99.32         0      1300   8412884     68.19   1737932   6190996         0         0
06:31:54        54980     54980   8088516     99.32         0      1300   8412884     68.19   1737932   6190996         0         0
06:31:59        54980     54980   8088516     99.32         0      1300   8412884     68.19   1737932   6190996         0         0
06:32:04        54980     54980   8088516     99.32         0      1300   8412884     68.19   1737932   6190996         0         0
06:32:09        54980     54980   8088516     99.32         0      1300   8412884     68.19   1737932   6190996         0         0
06:32:14        54980     54980   8088516     99.32         0      1300   8412884     68.19   1738052   6191000         0         0
06:32:19        54980     54980   8088516     99.32         0      1300   8412884     68.19   1738052   6191000         0         0
06:32:24        54980     54980   8088516     99.32         0      1300   8412884     68.19   1738052   6191000         0         0
06:32:29        54980     54980   8088516     99.32         0      1300   8412884     68.19   1738052   6191000         0         0
06:32:34        54980     54980   8088516     99.32         0      1300   8412884     68.19   1738052   6191000         0         0
06:32:39        54980     54980   8088516     99.32         0      1300   8412884     68.19   1738052   6191000         0         0
06:32:44        54980     54980   8088516     99.32         0      1300   8412884     68.19   1738052   6191000         0         0
06:32:49        54980     54980   8088516     99.32         0      1300   8412884     68.19   1738052   6191000         0         0
06:32:54        54980     54980   8088516     99.32         0      1300   8412884     68.19   1738052   6191000         0         0
06:32:59        54980     54980   8088516     99.32         0      1300   8412884     68.19   1738052   6191000         0         0
06:33:04        54980     54980   8088516     99.32         0      1300   8412884     68.19   1738052   6191000         0         0
06:33:09        54980     54980   8088516     99.32         0      1300   8412884     68.19   1738052   6191000         0         0
06:33:14        54980     54980   8088516     99.32         0      1300   8412884     68.19   1738052   6191000         0         0
06:33:19        54980     54980   8088516     99.32         0      1300   8412884     68.19   1738172   6191004         0         0
06:33:24        54980     54980   8088516     99.32         0      1300   8412884     68.19   1738172   6191004         0         0
06:33:29        54980     54980   8088516     99.32         0      1300   8412884     68.19   1738172   6191004         0         0
06:33:34        54980     54980   8088516     99.32         0      1300   8412884     68.19   1738172   6191004         0         0
06:33:39        54980     54980   8088516     99.32         0      1300   8412884     68.19   1738172   6191004         0         0
06:33:44        54980     54980   8088516     99.32         0      1300   8412884     68.19   1738172   6191004         0         0
06:33:49        54980     54980   8088516     99.32         0      1300   8412884     68.19   1738172   6191004         0         0
06:33:54        54980     54980   8088516     99.32         0      1300   8412884     68.19   1738172   6191004         0         0
06:33:59        54980     54980   8088516     99.32         0      1300   8412884     68.19   1738172   6191004         0         0
06:34:04        54980     54980   8088516     99.32         0      1300   8412884     68.19   1738172   6191004         0         0
06:34:09        54980     54980   8088516     99.32         0      1300   8412884     68.19   1738172   6191004         0         0
06:34:14        54980     54980   8088516     99.32         0      1300   8412884     68.19   1738292   6191008         0         0
06:34:19        54980     54980   8088516     99.32         0      1300   8412884     68.19   1738292   6191008         0         0
06:34:24        54980     54980   8088516     99.32         0      1300   8412884     68.19   1738292   6191008         0         0
06:34:29        54980     54980   8088516     99.32         0      1300   8412884     68.19   1738292   6191008         0         0
06:34:34        54980     54980   8088516     99.32         0      1300   8412884     68.19   1738292   6191008         0         0
06:34:39        54980     54980   8088516     99.32         0      1300   8412884     68.19   1738292   6191008         0         0
06:34:44        54980     54980   8088516     99.32         0      1300   8412884     68.19   1738292   6191008         0         0
06:34:49        54980     54980   8088516     99.32         0      1300   8412884     68.19   1738292   6191008         0         0
06:34:54        54980     54980   8088516     99.32         0      1300   8412884     68.19   1738292   6191008         0         0
06:34:59        54980     54980   8088516     99.32         0      1300   8412884     68.19   1738292   6191008         0         0
06:35:04        54980     54980   8088516     99.32         0      1300   8412884     68.19   1738292   6191008         0         0
06:35:09        54980     54980   8088516     99.32         0      1300   8412884     68.19   1738292   6191008         0         0
06:35:14        54980     54980   8088516     99.32         0      1300   8412884     68.19   1738292   6191008         0         0
06:35:19        54980     54980   8088516     99.32         0      1300   8412884     68.19   1738292   6191008         0         0
06:35:24        54980     54980   8088516     99.32         0      1300   8412884     68.19   1738292   6191008         0         0
06:35:29        54980     54980   8088516     99.32         0      1300   8412884     68.19   1738292   6191008         0         0
06:35:34        54980     54980   8088516     99.32         0      1300   8412884     68.19   1738292   6191008         0         0
06:35:39        54980     54980   8088516     99.32         0      1300   8412884     68.19   1738412   6191012         0         0
06:35:44        54980     54980   8088516     99.32         0      1300   8412884     68.19   1738412   6191012         0         0
06:35:49        54980     54980   8088516     99.32         0      1300   8412884     68.19   1738412   6191012         0         0
06:35:54        54980     54980   8088516     99.32         0      1300   8412884     68.19   1738412   6191012         0         0
06:35:59        54980     54980   8088516     99.32         0      1300   8412884     68.19   1738412   6191012         0         0
06:36:04        54980     54980   8088516     99.32         0      1300   8412884     68.19   1738412   6191012         0         0
06:36:09        54980     54980   8088516     99.32         0      1300   8412884     68.19   1738412   6191012         0         0
06:36:14        54980     54980   8088516     99.32         0      1300   8412884     68.19   1738412   6191012         0         0
06:36:19        54980     54980   8088516     99.32         0      1300   8412884     68.19   1738412   6191012         0         0
06:36:24        54980     54980   8088516     99.32         0      1300   8412884     68.19   1738412   6191012         0         0
06:36:29        54980     54980   8088516     99.32         0      1300   8412884     68.19   1738412   6191012         0         0
06:36:34        54980     54980   8088516     99.32         0      1300   8412884     68.19   1738532   6191016         0         0
06:36:39        54980     54980   8088516     99.32         0      1300   8412884     68.19   1738532   6191016         0         0
06:36:44        54980     54980   8088516     99.32         0      1300   8412884     68.19   1738532   6191016         0         0
06:36:49        54980     54980   8088516     99.32         0      1300   8412884     68.19   1738532   6191016         0         0
06:36:54        54980     54980   8088516     99.32         0      1300   8412884     68.19   1738532   6191016         0         0
06:36:59        54980     54980   8088516     99.32         0      1300   8412884     68.19   1738532   6191016         0         0
06:37:04        54980     54980   8088516     99.32         0      1300   8412884     68.19   1738532   6191016         0         0
06:37:09        54980     54980   8088516     99.32         0      1300   8412884     68.19   1738532   6191016         0         0
06:37:14        54980     54980   8088516     99.32         0      1300   8412884     68.19   1738532   6191016         0         0
06:37:19        54980     54980   8088516     99.32         0      1300   8412884     68.19   1738532   6191016         0         0
06:37:24        48216     48216   8095280     99.41         0      1060   8412884     68.19   2603456   5335040         0         0
06:37:29        73664     13092   8130404     99.84         0       844   8412884     68.19   5589744   2318608         0         0
06:37:34        73664     13092   8130404     99.84         0       844   8412884     68.19   5589744   2318608         0         0
06:37:39        73664     13092   8130404     99.84         0       844   8412884     68.19   5589744   2318608         0         0
06:37:44        73664     13092   8130404     99.84         0       844   8412884     68.19   5589744   2318608         0         0
06:37:49        73664     13092   8130404     99.84         0       844   8412884     68.19   5589744   2318608         0         0
06:37:54        73664     13092   8130404     99.84         0       844   8412884     68.19   5589744   2318608         0         0
06:37:59        73664     13092   8130404     99.84         0       844   8412884     68.19   5589744   2318608         0         0
06:38:04        73664     13092   8130404     99.84         0       844   8412884     68.19   5589744   2318608         0         0
06:38:09        73664     13092   8130404     99.84         0       844   8412884     68.19   5589744   2318608         0         0
06:38:14        73664     13092   8130404     99.84         0       844   8412884     68.19   5589864   2318612         0         0
06:38:19        73664     13092   8130404     99.84         0       844   8412884     68.19   5589864   2318612         0         0
06:38:24        73664     13092   8130404     99.84         0       844   8412884     68.19   5589864   2318612         0         0
06:38:29        73664     13092   8130404     99.84         0       844   8412884     68.19   5589864   2318612         0         0
06:38:34        73664     13092   8130404     99.84         0       844   8412884     68.19   5589864   2318612         0         0
06:38:39        73664     13092   8130404     99.84         0       844   8412884     68.19   5589864   2318612         0         0
06:38:44        73664     13092   8130404     99.84         0       844   8412884     68.19   5589864   2318612         0         0
06:38:49        73664     13092   8130404     99.84         0       844   8412884     68.19   5589864   2318612         0         0
06:38:54        47220     47220   8096276     99.42         0       844   8412884     68.19   6383344   1554464         0         0
06:38:59        59408     59408   8084088     99.27         0       744   8412884     68.19   4477360   3442084         0         0
06:39:04        58400     58400   8085096     99.28         0       820   8412884     68.19   4477412   3442156         0         0
06:39:09        59368     59368   8084128     99.27         0       820   8412884     68.19   4477412   3442156         0         0
06:39:14        59368     59368   8084128     99.27         0       820   8412884     68.19   4477412   3442156         0         0
06:39:19        59368     59368   8084128     99.27         0       820   8412884     68.19   4477532   3442160         0         0
06:39:24        59368     59368   8084128     99.27         0       820   8412884     68.19   4477532   3442160         0         0
06:39:29        59368     59368   8084128     99.27         0       820   8412884     68.19   4477532   3442160         0         0
06:39:34        59368     59368   8084128     99.27         0       820   8412884     68.19   4477532   3442160         0         0
06:39:39        59368     59368   8084128     99.27         0       820   8412884     68.19   4477532   3442160         0         0
06:39:44        59368     59368   8084128     99.27         0       820   8412884     68.19   4477532   3442160         0         0
06:39:49        59368     59368   8084128     99.27         0       820   8412884     68.19   4477532   3442160         0         0
06:39:54        59368     59368   8084128     99.27         0       820   8412884     68.19   4477532   3442160         0         0
06:39:59        59368     59368   8084128     99.27         0       820   8412884     68.19   4477656   3442160         0         0
06:40:04        59368     59368   8084128     99.27         0       820   8412884     68.19   4477656   3442160         0         0
06:40:09        59368     59368   8084128     99.27         0       820   8412884     68.19   4477656   3442160         0         0
06:40:14        59368     59368   8084128     99.27         0       820   8412884     68.19   4477656   3442160         0         0
06:40:19        59368     59368   8084128     99.27         0       820   8412884     68.19   4477656   3442160         0         0
06:40:24        59368     59368   8084128     99.27         0       820   8412884     68.19   4477656   3442160         0         0
06:40:29        59368     59368   8084128     99.27         0       820   8412884     68.19   4477656   3442160         0         0
06:40:34        59368     59368   8084128     99.27         0       820   8412884     68.19   4477656   3442160         0         0
06:40:39        59368     59368   8084128     99.27         0       820   8412884     68.19   4477780   3442160         0         0
06:40:44        59368     59368   8084128     99.27         0       820   8412884     68.19   4477780   3442160         0         0
06:40:49        59368     59368   8084128     99.27         0       820   8412884     68.19   4477780   3442160         0         0
06:40:54        59368     59368   8084128     99.27         0       820   8412884     68.19   4477780   3442160         0         0
06:40:59        59368     59368   8084128     99.27         0       820   8412884     68.19   4477780   3442160         0         0
06:41:04        59368     59368   8084128     99.27         0       820   8412884     68.19   4477780   3442160         0         0
06:41:09        59368     59368   8084128     99.27         0       820   8412884     68.19   4477780   3442160         0         0
06:41:14        59368     59368   8084128     99.27         0       820   8412884     68.19   4477900   3442164         0         0
06:41:19        59368     59368   8084128     99.27         0       820   8412884     68.19   4477900   3442164         0         0
06:41:24        59368     59368   8084128     99.27         0       820   8412884     68.19   4477900   3442164         0         0
06:41:29        59368     59368   8084128     99.27         0       820   8412884     68.19   4477900   3442164         0         0
06:41:34        59368     59368   8084128     99.27         0       820   8412884     68.19   4477900   3442164         0         0
06:41:39        59368     59368   8084128     99.27         0       820   8412884     68.19   4477900   3442164         0         0
06:41:44        59368     59368   8084128     99.27         0       820   8412884     68.19   4477900   3442164         0         0
06:41:49        59368     59368   8084128     99.27         0       820   8412884     68.19   4478020   3442168         0         0
06:41:54        44704     44704   8098792     99.45         0       820   8412884     68.19   5422408   2516444         0         0
06:41:59        73008     12312   8131184     99.85         0       632   8412884     68.19   2941928   4961084         0         0
06:42:04        73192     13180   8130316     99.84         0      2008   8412884     68.19   2942144   4962232         0         0
06:42:09        75648     15636   8127860     99.81         0      2008   8412884     68.19   2942144   4962232         0         0
06:42:14        75732     15720   8127776     99.81         0      2008   8412884     68.19   2942144   4962232         0         0
06:42:19        75732     15720   8127776     99.81         0      2008   8412884     68.19   2942144   4962232         0         0
06:42:24        75732     15720   8127776     99.81         0      2008   8412884     68.19   2942264   4962236         0         0
06:42:29        75732     15720   8127776     99.81         0      2008   8412884     68.19   2942264   4962236         0         0
06:42:34        75732     15720   8127776     99.81         0      2008   8412884     68.19   2942264   4962236         0         0
06:42:39        75732     15720   8127776     99.81         0      2008   8412884     68.19   2942264   4962236         0         0
06:42:44        75732     15720   8127776     99.81         0      2008   8412884     68.19   2942264   4962236         0         0
06:42:49        75732     15720   8127776     99.81         0      2008   8412884     68.19   2942264   4962236         0         0
06:42:54        75732     15720   8127776     99.81         0      2008   8412884     68.19   2942264   4962236         0         0
06:42:59        75732     15720   8127776     99.81         0      2008   8412884     68.19   2942384   4962240         0         0
06:43:04        75732     15720   8127776     99.81         0      2008   8412884     68.19   2942384   4962240         0         0
06:43:09        75732     15720   8127776     99.81         0      2008   8412884     68.19   2942384   4962240         0         0
06:43:14        75732     15720   8127776     99.81         0      2008   8412884     68.19   2942384   4962240         0         0
06:43:19        75732     15720   8127776     99.81         0      2008   8412884     68.19   2942384   4962240         0         0
06:43:24        75732     15720   8127776     99.81         0      2008   8412884     68.19   2942384   4962240         0         0
06:43:29        75732     15720   8127776     99.81         0      2008   8412884     68.19   2942384   4962240         0         0
06:43:34        75732     15720   8127776     99.81         0      2008   8412884     68.19   2942504   4962244         0         0
06:43:39        75732     15720   8127776     99.81         0      2008   8412884     68.19   2942504   4962244         0         0
06:43:44        75732     15720   8127776     99.81         0      2008   8412884     68.19   2942504   4962244         0         0
06:43:49        75732     15720   8127776     99.81         0      2008   8412884     68.19   2942504   4962244         0         0
06:43:54        75732     15720   8127776     99.81         0      2008   8412884     68.19   2942504   4962244         0         0
06:43:59        75732     15720   8127776     99.81         0      2008   8412884     68.19   2942504   4962244         0         0
06:44:04        75732     15720   8127776     99.81         0      2008   8412884     68.19   2942504   4962244         0         0
06:44:09        75732     15720   8127776     99.81         0      2008   8412884     68.19   2942504   4962244         0         0
06:44:14        75732     15720   8127776     99.81         0      2008   8412884     68.19   2942504   4962244         0         0
06:44:19        75732     15720   8127776     99.81         0      2008   8412884     68.19   2942624   4962248         0         0
06:44:24        75732     15720   8127776     99.81         0      2008   8412884     68.19   2942624   4962248         0         0
06:44:29        75732     15720   8127776     99.81         0      2008   8412884     68.19   2942624   4962248         0         0
06:44:34        75732     15720   8127776     99.81         0      2008   8412884     68.19   2942624   4962248         0         0
06:44:39        75732     15720   8127776     99.81         0      2008   8412884     68.19   2942624   4962248         0         0
06:44:44        75732     15720   8127776     99.81         0      2008   8412884     68.19   2942624   4962248         0         0
06:44:49        75732     15720   8127776     99.81         0      2008   8412884     68.19   2942624   4962248         0         0
06:44:54        75732     15720   8127776     99.81         0      2008   8412884     68.19   2942624   4962248         0         0
06:44:59        75732     15720   8127776     99.81         0      2008   8412884     68.19   2942624   4962248         0         0
06:45:04        75732     15720   8127776     99.81         0      2008   8412884     68.19   2942744   4962252         0         0
06:45:09        75732     15720   8127776     99.81         0      2008   8412884     68.19   2942744   4962252         0         0
06:45:14        75732     15720   8127776     99.81         0      2008   8412884     68.19   2942744   4962252         0         0
06:45:19        75732     15720   8127776     99.81         0      2008   8412884     68.19   2942744   4962252         0         0
06:45:24        75732     15720   8127776     99.81         0      2008   8412884     68.19   2942744   4962252         0         0
06:45:29        75732     15720   8127776     99.81         0      2008   8412884     68.19   2942744   4962252         0         0
06:45:34        75732     15720   8127776     99.81         0      2008   8412884     68.19   2942864   4962256         0         0
06:45:39        75732     15720   8127776     99.81         0      2008   8412884     68.19   2942864   4962256         0         0
06:45:44        75732     15720   8127776     99.81         0      2008   8412884     68.19   2942864   4962256         0         0
06:45:49        75732     15720   8127776     99.81         0      2008   8412884     68.19   2942864   4962256         0         0
06:45:54        75732     15720   8127776     99.81         0      2008   8412884     68.19   2942864   4962256         0         0
06:45:59        75732     15720   8127776     99.81         0      2008   8412884     68.19   2942864   4962256         0         0
06:46:04        75732     15720   8127776     99.81         0      2008   8412884     68.19   2942864   4962256         0         0
06:46:09        75732     15720   8127776     99.81         0      2008   8412884     68.19   2942864   4962256         0         0
06:46:14        75732     15720   8127776     99.81         0      2008   8412884     68.19   2942864   4962256         0         0
06:46:19        75732     15720   8127776     99.81         0      2008   8412884     68.19   2942984   4962260         0         0
06:46:24        75732     15720   8127776     99.81         0      2008   8412884     68.19   2942984   4962260         0         0
06:46:29        75732     15720   8127776     99.81         0      2008   8412884     68.19   2942984   4962260         0         0
06:46:34        75732     15720   8127776     99.81         0      2008   8412884     68.19   2942984   4962260         0         0
06:46:39        75732     15720   8127776     99.81         0      2008   8412884     68.19   2942984   4962260         0         0
06:46:44        75732     15720   8127776     99.81         0      2008   8412884     68.19   2942984   4962260         0         0
06:46:49        75732     15720   8127776     99.81         0      2008   8412884     68.19   2942984   4962260         0         0
06:46:54        75732     15720   8127776     99.81         0      2008   8412884     68.19   2942984   4962260         0         0
06:46:59        75732     15720   8127776     99.81         0      2008   8412884     68.19   2943104   4962264         0         0
06:47:04        75732     15720   8127776     99.81         0      2008   8412884     68.19   2943104   4962264         0         0
06:47:09        75732     15720   8127776     99.81         0      2008   8412884     68.19   2943104   4962264         0         0
06:47:14        75732     15720   8127776     99.81         0      2008   8412884     68.19   2943104   4962264         0         0
06:47:19        75732     15720   8127776     99.81         0      2008   8412884     68.19   2943104   4962264         0         0
06:47:24        75732     15720   8127776     99.81         0      2008   8412884     68.19   2943104   4962264         0         0
06:47:29        75732     15720   8127776     99.81         0      2008   8412884     68.19   2943104   4962264         0         0
06:47:34        75732     15720   8127776     99.81         0      2008   8412884     68.19   2943104   4962264         0         0
06:47:39        75732     15720   8127776     99.81         0      2008   8412884     68.19   2943224   4962268         0         0
06:47:44        75732     15720   8127776     99.81         0      2008   8412884     68.19   2943224   4962268         0         0
06:47:49        75732     15720   8127776     99.81         0      2008   8412884     68.19   2943224   4962268         0         0
06:47:54        75732     15720   8127776     99.81         0      2008   8412884     68.19   2943224   4962268         0         0
06:47:59        75732     15720   8127776     99.81         0      2008   8412884     68.19   2943224   4962268         0         0
06:48:04        75732     15720   8127776     99.81         0      2008   8412884     68.19   2943224   4962268         0         0
06:48:09        75732     15720   8127776     99.81         0      2008   8412884     68.19   2943224   4962268         0         0
06:48:14        75732     15720   8127776     99.81         0      2008   8412884     68.19   2943344   4962272         0         0
06:48:19        75732     15720   8127776     99.81         0      2008   8412884     68.19   2943344   4962272         0         0
06:48:24        75732     15720   8127776     99.81         0      2008   8412884     68.19   2943344   4962272         0         0
06:48:29        75732     15720   8127776     99.81         0      2008   8412884     68.19   2943344   4962272         0         0
06:48:34        75732     15720   8127776     99.81         0      2008   8412884     68.19   2943344   4962272         0         0
06:48:39        75732     15720   8127776     99.81         0      2008   8412884     68.19   2943344   4962272         0         0
06:48:44        75732     15720   8127776     99.81         0      2008   8412884     68.19   2943344   4962272         0         0
06:48:49        75732     15720   8127776     99.81         0      2008   8412884     68.19   2943344   4962272         0         0
06:48:54        75732     15720   8127776     99.81         0      2008   8412884     68.19   2943344   4962272         0         0
06:48:59        75732     15720   8127776     99.81         0      2008   8412884     68.19   2943464   4962276         0         0
06:49:04        75732     15720   8127776     99.81         0      2008   8412884     68.19   2943464   4962276         0         0
06:49:09        75732     15720   8127776     99.81         0      2008   8412884     68.19   2943464   4962276         0         0
06:49:14        75732     15720   8127776     99.81         0      2008   8412884     68.19   2943464   4962276         0         0
06:49:19        75732     15720   8127776     99.81         0      2008   8412884     68.19   2943464   4962276         0         0
06:49:24        75732     15720   8127776     99.81         0      2008   8412884     68.19   2943464   4962276         0         0
06:49:29        75732     15720   8127776     99.81         0      2008   8412884     68.19   2943464   4962276         0         0
06:49:34        75732     15720   8127776     99.81         0      2008   8412884     68.19   2943464   4962276         0         0
06:49:39        75732     15720   8127776     99.81         0      2008   8412884     68.19   2943464   4962276         0         0
06:49:44        75732     15720   8127776     99.81         0      2008   8412884     68.19   2943464   4962276         0         0
06:49:49        75732     15720   8127776     99.81         0      2008   8412884     68.19   2943464   4962276         0         0
06:49:54        75732     15720   8127776     99.81         0      2008   8412884     68.19   2943464   4962276         0         0
06:49:59        75732     15720   8127776     99.81         0      2008   8412884     68.19   2943584   4962280         0         0
06:50:04        75732     15720   8127776     99.81         0      2008   8412884     68.19   2943584   4962280         0         0
06:50:09        75732     15720   8127776     99.81         0      2008   8412884     68.19   2943584   4962280         0         0
06:50:14        75732     15720   8127776     99.81         0      2008   8412884     68.19   2943584   4962280         0         0
06:50:19        75732     15720   8127776     99.81         0      2008   8412884     68.19   2943584   4962280         0         0
06:50:24        75732     15720   8127776     99.81         0      2008   8412884     68.19   2943584   4962280         0         0
06:50:29        75732     15720   8127776     99.81         0      2008   8412884     68.19   2943584   4962280         0         0
06:50:34        75732     15720   8127776     99.81         0      2008   8412884     68.19   2943584   4962280         0         0
06:50:39        75732     15720   8127776     99.81         0      2008   8412884     68.19   2943584   4962280         0         0
06:50:44        75732     15720   8127776     99.81         0      2008   8412884     68.19   2943704   4962284         0         0
06:50:49        75732     15720   8127776     99.81         0      2008   8412884     68.19   2943704   4962284         0         0
06:50:54        75732     15720   8127776     99.81         0      2008   8412884     68.19   2943704   4962284         0         0
06:50:59        75732     15720   8127776     99.81         0      2008   8412884     68.19   2943704   4962284         0         0
06:51:04        75732     15720   8127776     99.81         0      2008   8412884     68.19   2943704   4962284         0         0
06:51:09        75732     15720   8127776     99.81         0      2008   8412884     68.19   2943704   4962284         0         0
06:51:14        75732     15720   8127776     99.81         0      2008   8412884     68.19   2943704   4962284         0         0
06:51:19        75732     15720   8127776     99.81         0      2008   8412884     68.19   2943704   4962284         0         0
06:51:24        75732     15720   8127776     99.81         0      2008   8412884     68.19   2943704   4962284         0         0
06:51:29        75732     15720   8127776     99.81         0      2008   8412884     68.19   2943824   4962288         0         0
06:51:34        75732     15720   8127776     99.81         0      2008   8412884     68.19   2943824   4962288         0         0
06:51:39        75732     15720   8127776     99.81         0      2008   8412884     68.19   2943824   4962288         0         0
06:51:44        75732     15720   8127776     99.81         0      2008   8412884     68.19   2943824   4962288         0         0
06:51:49        75732     15720   8127776     99.81         0      2008   8412884     68.19   2943824   4962288         0         0
06:51:54        75732     15720   8127776     99.81         0      2008   8412884     68.19   2943824   4962288         0         0
06:51:59        75732     15720   8127776     99.81         0      2008   8412884     68.19   2943824   4962288         0         0
06:52:04        75732     15720   8127776     99.81         0      2008   8412884     68.19   2943824   4962288         0         0
06:52:09        75732     15720   8127776     99.81         0      2008   8412884     68.19   2943824   4962288         0         0
06:52:14        75732     15720   8127776     99.81         0      2008   8412884     68.19   2943824   4962288         0         0
06:52:19        75732     15720   8127776     99.81         0      2008   8412884     68.19   2943824   4962288         0         0
06:52:24        75732     15720   8127776     99.81         0      2008   8412884     68.19   2943944   4962292         0         0
06:52:29        44004     44004   8099492     99.46         0       960   8412884     68.19   3405932   4530900         0         0
06:52:34        63916      3380   8140116     99.96         0       960   8412884     68.19   5377696   2542956         0         0
06:52:39        63916      3380   8140116     99.96         0       960   8412884     68.19   5377696   2542956         0         0
06:52:44        63916      3380   8140116     99.96         0       960   8412884     68.19   5377696   2542956         0         0
06:52:49        64248      3712   8139784     99.95         0       960   8412884     68.19   5377696   2542956         0         0
06:52:54        64248      3712   8139784     99.95         0       960   8412884     68.19   5377696   2542956         0         0
06:52:59        64248      3712   8139784     99.95         0       960   8412884     68.19   5377696   2542956         0         0
06:53:04        64248      3712   8139784     99.95         0       960   8412884     68.19   5377816   2542960         0         0
06:53:09        64248      3712   8139784     99.95         0       960   8412884     68.19   5377816   2542960         0         0
06:53:14        64248      3712   8139784     99.95         0       960   8412884     68.19   5377816   2542960         0         0
06:53:19        64248      3712   8139784     99.95         0       960   8412884     68.19   5377816   2542960         0         0
06:53:24        64248      3712   8139784     99.95         0       960   8412884     68.19   5377816   2542960         0         0
06:53:29        64248      3712   8139784     99.95         0       960   8412884     68.19   5377816   2542960         0         0
06:53:34        64248      3712   8139784     99.95         0       960   8412884     68.19   5377816   2542960         0         0
06:53:39        64248      3712   8139784     99.95         0       960   8412884     68.19   5377816   2542960         0         0
06:53:44        64248      3712   8139784     99.95         0       960   8412884     68.19   5377816   2542960         0         0
06:53:49        64248      3712   8139784     99.95         0       960   8412884     68.19   5377816   2542960         0         0
06:53:54        64248      3712   8139784     99.95         0       960   8412884     68.19   5377816   2542960         0         0
06:53:59        44204     44204   8099292     99.46         0       652   8412884     68.19   3734524   4202556         0         0
06:54:04        74432     14072   8129424     99.83         0      1264   8412884     68.19   4332512   3573672         0         0
06:54:09        74432     14072   8129424     99.83         0      1264   8412884     68.19   4332512   3573672         0         0
06:54:14        74432     14072   8129424     99.83         0      1264   8412884     68.19   4332632   3573676         0         0
06:54:19        74432     14072   8129424     99.83         0      1264   8412884     68.19   4332632   3573676         0         0
06:54:24        74432     14072   8129424     99.83         0      1264   8412884     68.19   4332632   3573676         0         0
06:54:29        74432     14072   8129424     99.83         0      1264   8412884     68.19   4332632   3573676         0         0
06:54:34        74432     14072   8129424     99.83         0      1264   8412884     68.19   4332632   3573676         0         0
06:54:39        74432     14072   8129424     99.83         0      1264   8412884     68.19   4332632   3573676         0         0
06:54:44        74432     14072   8129424     99.83         0      1264   8412884     68.19   4332632   3573676         0         0
06:54:49        74432     14072   8129424     99.83         0      1264   8412884     68.19   4332752   3573680         0         0
06:54:54        74432     14072   8129424     99.83         0      1264   8412884     68.19   4332752   3573680         0         0
06:54:59        74432     14072   8129424     99.83         0      1264   8412884     68.19   4332752   3573680         0         0
06:55:04        74432     14072   8129424     99.83         0      1264   8412884     68.19   4332752   3573680         0         0
06:55:09        74432     14072   8129424     99.83         0      1264   8412884     68.19   4332752   3573680         0         0
06:55:14        74432     14072   8129424     99.83         0      1264   8412884     68.19   4332752   3573680         0         0
06:55:19        74432     14072   8129424     99.83         0      1264   8412884     68.19   4332752   3573680         0         0
06:55:24        74432     14072   8129424     99.83         0      1264   8412884     68.19   4332752   3573680         0         0
06:55:29        74432     14072   8129424     99.83         0      1264   8412884     68.19   4332872   3573684         0         0
06:55:34        74432     14072   8129424     99.83         0      1264   8412884     68.19   4332872   3573684         0         0
06:55:39        74432     14072   8129424     99.83         0      1264   8412884     68.19   4332872   3573684         0         0
06:55:44        74432     14072   8129424     99.83         0      1264   8412884     68.19   4332872   3573684         0         0
06:55:49        74432     14072   8129424     99.83         0      1264   8412884     68.19   4332872   3573684         0         0
06:55:54        74432     14072   8129424     99.83         0      1264   8412884     68.19   4332872   3573684         0         0
06:55:59        74432     14072   8129424     99.83         0      1264   8412884     68.19   4332872   3573684         0         0
06:56:04        74432     14072   8129424     99.83         0      1264   8412884     68.19   4332992   3573688         0         0
06:56:09        74432     14072   8129424     99.83         0      1264   8412884     68.19   4332992   3573688         0         0
06:56:14        74432     14072   8129424     99.83         0      1264   8412884     68.19   4332992   3573688         0         0
06:56:19        74432     14072   8129424     99.83         0      1264   8412884     68.19   4332992   3573688         0         0
06:56:24        74432     14072   8129424     99.83         0      1264   8412884     68.19   4332992   3573688         0         0
06:56:29        74432     14072   8129424     99.83         0      1264   8412884     68.19   4332992   3573688         0         0
06:56:34        74432     14072   8129424     99.83         0      1264   8412884     68.19   4332992   3573688         0         0
06:56:39        74432     14072   8129424     99.83         0      1264   8412884     68.19   4332992   3573688         0         0
06:56:44        74432     14072   8129424     99.83         0      1264   8412884     68.19   4333116   3573688         0         0
06:56:49        74432     14072   8129424     99.83         0      1264   8412884     68.19   4333116   3573688         0         0
06:56:54        74432     14072   8129424     99.83         0      1264   8412884     68.19   4333116   3573688         0         0
06:56:59        54700     54700   8088796     99.33         0       948   8412884     68.19   5478292   2449384         0         0
06:57:04        93968     33460   8110036     99.59         0       884   8412884     68.19   2294940   5591764         0         0
06:57:09        93968     33460   8110036     99.59         0       884   8412884     68.19   2294940   5591764         0         0
06:57:14        94352     33844   8109652     99.58         0       884   8412884     68.19   2294940   5591764         0         0
06:57:19        94352     33844   8109652     99.58         0       884   8412884     68.19   2294940   5591764         0         0
06:57:24        94352     33844   8109652     99.58         0       884   8412884     68.19   2294940   5591764         0         0
06:57:29        94352     33844   8109652     99.58         0       884   8412884     68.19   2294940   5591764         0         0
06:57:34        94352     33844   8109652     99.58         0       884   8412884     68.19   2295060   5591768         0         0
06:57:39        94352     33844   8109652     99.58         0       884   8412884     68.19   2295060   5591768         0         0
06:57:44        94352     33844   8109652     99.58         0       884   8412884     68.19   2295060   5591768         0         0
06:57:49        94352     33844   8109652     99.58         0       884   8412884     68.19   2295060   5591768         0         0
06:57:54        94352     33844   8109652     99.58         0       884   8412884     68.19   2295060   5591768         0         0
06:57:59        94352     33844   8109652     99.58         0       884   8412884     68.19   2295060   5591768         0         0
06:58:04        94352     33844   8109652     99.58         0       884   8412884     68.19   2295060   5591768         0         0
06:58:09        94352     33844   8109652     99.58         0       884   8412884     68.19   2295180   5591772         0         0
06:58:14        94352     33844   8109652     99.58         0       884   8412884     68.19   2295180   5591772         0         0
06:58:19        94352     33844   8109652     99.58         0       884   8412884     68.19   2295180   5591772         0         0
06:58:24        94352     33844   8109652     99.58         0       884   8412884     68.19   2295180   5591772         0         0
06:58:29        94352     33844   8109652     99.58         0       884   8412884     68.19   2295180   5591772         0         0
06:58:34        94352     33844   8109652     99.58         0       884   8412884     68.19   2295180   5591772         0         0
06:58:39        94352     33844   8109652     99.58         0       884   8412884     68.19   2295180   5591772         0         0
06:58:44        94352     33844   8109652     99.58         0       884   8412884     68.19   2295300   5591776         0         0
06:58:49        94352     33844   8109652     99.58         0       884   8412884     68.19   2295300   5591776         0         0
06:58:54        94352     33844   8109652     99.58         0       884   8412884     68.19   2295300   5591776         0         0
06:58:59        94352     33844   8109652     99.58         0       884   8412884     68.19   2295300   5591776         0         0
06:59:04        94352     33844   8109652     99.58         0       884   8412884     68.19   2295300   5591776         0         0
06:59:09        94352     33844   8109652     99.58         0       884   8412884     68.19   2295300   5591776         0         0
06:59:14        94352     33844   8109652     99.58         0       884   8412884     68.19   2295300   5591776         0         0
06:59:19        94352     33844   8109652     99.58         0       884   8412884     68.19   2295420   5591780         0         0
06:59:24        94352     33844   8109652     99.58         0       884   8412884     68.19   2295420   5591780         0         0
06:59:29        94352     33844   8109652     99.58         0       884   8412884     68.19   2295420   5591780         0         0
06:59:34        94352     33844   8109652     99.58         0       884   8412884     68.19   2295420   5591780         0         0
06:59:39        94352     33844   8109652     99.58         0       884   8412884     68.19   2295420   5591780         0         0
06:59:44        94352     33844   8109652     99.58         0       884   8412884     68.19   2295420   5591780         0         0
06:59:49        94352     33844   8109652     99.58         0       884   8412884     68.19   2295420   5591780         0         0
06:59:54        94352     33844   8109652     99.58         0       884   8412884     68.19   2295540   5591784         0         0
06:59:59        94352     33844   8109652     99.58         0       884   8412884     68.19   2295540   5591784         0         0
07:00:04        94352     33844   8109652     99.58         0       884   8412884     68.19   2295540   5591784         0         0
07:00:09        94352     33844   8109652     99.58         0       884   8412884     68.19   2295540   5591784         0         0
07:00:14        94352     33844   8109652     99.58         0       884   8412884     68.19   2295540   5591784         0         0
07:00:19        94352     33844   8109652     99.58         0       884   8412884     68.19   2295540   5591784         0         0
07:00:24        94352     33844   8109652     99.58         0       884   8412884     68.19   2295540   5591784         0         0
07:00:29        94352     33844   8109652     99.58         0       884   8412884     68.19   2295660   5591788         0         0
07:00:34        94352     33844   8109652     99.58         0       884   8412884     68.19   2295660   5591788         0         0
07:00:39        94352     33844   8109652     99.58         0       884   8412884     68.19   2295660   5591788         0         0
07:00:44        94352     33844   8109652     99.58         0       884   8412884     68.19   2295660   5591788         0         0
07:00:49        94352     33844   8109652     99.58         0       884   8412884     68.19   2295660   5591788         0         0
07:00:54        94352     33844   8109652     99.58         0       884   8412884     68.19   2295660   5591788         0         0
07:00:59        94352     33844   8109652     99.58         0       884   8412884     68.19   2295660   5591788         0         0
07:01:04        94352     33844   8109652     99.58         0       884   8412884     68.19   2295660   5591788         0         0
07:01:09        94352     33844   8109652     99.58         0       884   8412884     68.19   2295660   5591788         0         0
07:01:14        94352     33844   8109652     99.58         0       884   8412884     68.19   2295780   5591792         0         0
07:01:19        94352     33844   8109652     99.58         0       884   8412884     68.19   2295780   5591792         0         0
07:01:24        94352     33844   8109652     99.58         0       884   8412884     68.19   2295780   5591792         0         0
07:01:29        94352     33844   8109652     99.58         0       884   8412884     68.19   2295780   5591792         0         0
07:01:34        94352     33844   8109652     99.58         0       884   8412884     68.19   2295780   5591792         0         0
07:01:39        94352     33844   8109652     99.58         0       884   8412884     68.19   2295780   5591792         0         0
07:01:44        94352     33844   8109652     99.58         0       884   8412884     68.19   2295780   5591792         0         0
07:01:49        94352     33844   8109652     99.58         0       884   8412884     68.19   2295780   5591792         0         0
07:01:54        94352     33844   8109652     99.58         0       884   8412884     68.19   2295780   5591792         0         0
07:01:59        94352     33844   8109652     99.58         0       884   8412884     68.19   2295900   5591796         0         0
07:02:04        94352     33844   8109652     99.58         0       884   8412884     68.19   2295900   5591796         0         0
07:02:09        94352     33844   8109652     99.58         0       884   8412884     68.19   2295900   5591796         0         0
07:02:14        94352     33844   8109652     99.58         0       884   8412884     68.19   2295900   5591796         0         0
07:02:19        94352     33844   8109652     99.58         0       884   8412884     68.19   2295900   5591796         0         0
07:02:24        94352     33844   8109652     99.58         0       884   8412884     68.19   2295900   5591796         0         0
07:02:29        94352     33844   8109652     99.58         0       884   8412884     68.19   2295900   5591796         0         0
07:02:34        94352     33844   8109652     99.58         0       884   8412884     68.19   2295900   5591796         0         0
07:02:39        94352     33844   8109652     99.58         0       884   8412884     68.19   2295900   5591796         0         0
07:02:44        94352     33844   8109652     99.58         0       884   8412884     68.19   2296020   5591800         0         0
07:02:49        94352     33844   8109652     99.58         0       884   8412884     68.19   2296020   5591800         0         0
07:02:54        94352     33844   8109652     99.58         0       884   8412884     68.19   2296020   5591800         0         0
07:02:59        94352     33844   8109652     99.58         0       884   8412884     68.19   2296020   5591800         0         0
07:03:04        94352     33844   8109652     99.58         0       884   8412884     68.19   2296020   5591800         0         0
07:03:09        94352     33844   8109652     99.58         0       884   8412884     68.19   2296020   5591800         0         0
07:03:14        94352     33844   8109652     99.58         0       884   8412884     68.19   2296020   5591800         0         0
07:03:19        94352     33844   8109652     99.58         0       884   8412884     68.19   2296020   5591800         0         0
07:03:24        94352     33844   8109652     99.58         0       884   8412884     68.19   2296020   5591800         0         0
07:03:29        94352     33844   8109652     99.58         0       884   8412884     68.19   2296020   5591800         0         0
07:03:34        94352     33844   8109652     99.58         0       884   8412884     68.19   2296020   5591800         0         0
07:03:39        94352     33844   8109652     99.58         0       884   8412884     68.19   2296140   5591804         0         0
07:03:44        94352     33844   8109652     99.58         0       884   8412884     68.19   2296140   5591804         0         0
07:03:49        94352     33844   8109652     99.58         0       884   8412884     68.19   2296140   5591804         0         0
07:03:54        94352     33844   8109652     99.58         0       884   8412884     68.19   2296140   5591804         0         0
07:03:59        94352     33844   8109652     99.58         0       884   8412884     68.19   2296140   5591804         0         0
07:04:04        94352     33844   8109652     99.58         0       884   8412884     68.19   2296140   5591804         0         0
07:04:09        94352     33844   8109652     99.58         0       884   8412884     68.19   2296140   5591804         0         0
07:04:14        94352     33844   8109652     99.58         0       884   8412884     68.19   2296140   5591804         0         0
07:04:19        94352     33844   8109652     99.58         0       884   8412884     68.19   2296140   5591804         0         0
07:04:24        94352     33844   8109652     99.58         0       884   8412884     68.19   2296140   5591804         0         0
07:04:29        94352     33844   8109652     99.58         0       884   8412884     68.19   2296260   5591808         0         0
07:04:34        94352     33844   8109652     99.58         0       884   8412884     68.19   2296260   5591808         0         0
07:04:39        94352     33844   8109652     99.58         0       884   8412884     68.19   2296260   5591808         0         0
07:04:44        94352     33844   8109652     99.58         0       884   8412884     68.19   2296260   5591808         0         0
07:04:49        94352     33844   8109652     99.58         0       884   8412884     68.19   2296260   5591808         0         0
07:04:54        94352     33844   8109652     99.58         0       884   8412884     68.19   2296260   5591808         0         0
07:04:59        94352     33844   8109652     99.58         0       884   8412884     68.19   2296260   5591808         0         0
07:05:04        94352     33844   8109652     99.58         0       884   8412884     68.19   2296260   5591808         0         0
07:05:09        94352     33844   8109652     99.58         0       884   8412884     68.19   2296380   5591812         0         0
07:05:14        94352     33844   8109652     99.58         0       884   8412884     68.19   2296380   5591812         0         0
07:05:19        94352     33844   8109652     99.58         0       884   8412884     68.19   2296380   5591812         0         0
07:05:24        94352     33844   8109652     99.58         0       884   8412884     68.19   2296380   5591812         0         0
07:05:29        94352     33844   8109652     99.58         0       884   8412884     68.19   2296380   5591812         0         0
07:05:34        94352     33844   8109652     99.58         0       884   8412884     68.19   2296380   5591812         0         0
07:05:39        94352     33844   8109652     99.58         0       884   8412884     68.19   2296380   5591812         0         0
07:05:44        94352     33844   8109652     99.58         0       884   8412884     68.19   2296380   5591812         0         0
07:05:49        94352     33844   8109652     99.58         0       884   8412884     68.19   2296500   5591816         0         0
07:05:54        94352     33844   8109652     99.58         0       884   8412884     68.19   2296500   5591816         0         0
07:05:59        94352     33844   8109652     99.58         0       884   8412884     68.19   2296500   5591816         0         0
07:06:04        94352     33844   8109652     99.58         0       884   8412884     68.19   2296500   5591816         0         0
07:06:09        94352     33844   8109652     99.58         0       884   8412884     68.19   2296500   5591816         0         0
07:06:14        94352     33844   8109652     99.58         0       884   8412884     68.19   2296500   5591816         0         0
07:06:19        94352     33844   8109652     99.58         0       884   8412884     68.19   2296500   5591816         0         0
07:06:24        94352     33844   8109652     99.58         0       884   8412884     68.19   2296500   5591816         0         0
07:06:29        94352     33844   8109652     99.58         0       884   8412884     68.19   2296500   5591816         0         0
07:06:34        94352     33844   8109652     99.58         0       884   8412884     68.19   2296620   5591820         0         0
07:06:39        94352     33844   8109652     99.58         0       884   8412884     68.19   2296620   5591820         0         0
07:06:44        94352     33844   8109652     99.58         0       884   8412884     68.19   2296620   5591820         0         0
07:06:49        94352     33844   8109652     99.58         0       884   8412884     68.19   2296620   5591820         0         0
07:06:54        94352     33844   8109652     99.58         0       884   8412884     68.19   2296620   5591820         0         0
07:06:59        94352     33844   8109652     99.58         0       884   8412884     68.19   2296620   5591820         0         0
07:07:04        94352     33844   8109652     99.58         0       884   8412884     68.19   2296620   5591820         0         0
07:07:09        94352     33844   8109652     99.58         0       884   8412884     68.19   2296620   5591820         0         0
07:07:14        93836     33328   8110168     99.59         0       884   8412884     68.19   2296620   5591820         0         0
Average:       245045    203428   7940068     97.50         0      4192   8412888     68.19   2751276   4986785         0        24
