Linux 7.2.0-rc5-virtme (virtme-ng) 	08/02/26 	_x86_64_	(4 CPU)

07:07:36     pgpgin/s pgpgout/s   fault/s  majflt/s  pgfree/s pgscank/s pgscand/s pgsteal/s  pgprom/s   pgdem/s
07:07:41         0.00      0.00 300784.20      0.00    549.20      0.00      0.00      0.00      0.00      0.00
07:07:46         0.00      0.00 119025.40      0.00      0.20      0.00      0.00      0.00      0.00      0.00
07:07:51         0.00      0.00      0.00      0.00      1.40      0.00      0.00      0.00      0.00      0.00
07:07:56         0.00      0.00      0.00      0.00      0.00      0.00      0.00      0.00      0.00      0.00
07:08:01         0.00      0.00      0.00      0.00      1.60      0.00      0.00      0.00      0.00      0.00
07:08:06         0.00      0.00      0.00      0.00      0.00      0.00      0.00      0.00      0.00      0.00
07:08:11         0.00      0.00      0.00      0.00      0.00      0.00      0.00      0.00      0.00      0.00
07:08:16         0.00      0.00      0.00      0.00      0.00      0.00      0.00      0.00      0.00      0.00
07:08:21         0.00      0.00      0.00      0.00      0.00      0.00      0.00      0.00      0.00      0.00
07:08:26         0.00      0.00      0.00      0.00      0.00      0.00      0.00      0.00      0.00      0.00
07:08:31         0.00      0.00      0.00      0.00      0.00      0.00      0.00      0.00      0.00      0.00
07:08:36         0.00      0.00      0.00      0.00      0.00      0.00      0.00      0.00      0.00      0.00
07:08:41         0.00      0.00      0.00      0.00      0.00      0.00      0.00      0.00      0.00      0.00
07:08:46         0.00      0.00      0.00      0.00      0.00      0.00      0.00      0.00      0.00      0.00
07:08:51         0.00      0.00      0.00      0.00      0.00      0.00      0.00      0.00      0.00      0.00
07:08:56         0.00      0.00      0.00      0.00      0.00      0.00      0.00      0.00      0.00      0.00
07:09:01         0.00      0.00      0.00      0.00      0.00      0.00      0.00      0.00      0.00      0.00
07:09:06         0.00      0.00      0.00      0.00      0.00      0.00      0.00      0.00      0.00      0.00
07:09:11         0.00      0.00 209714.80      0.00      0.00      0.00      0.00      0.00      0.00      0.00
07:09:16         0.00      0.00      0.00      0.00      0.00      0.00      0.00      0.00      0.00      0.00
07:09:21         0.00      0.00      0.00      0.00      0.00      0.00      0.00      0.00      0.00      0.00
07:09:26         0.00      0.00      0.00      0.00      0.00      0.00      0.00      0.00      0.00      0.00
07:09:31         0.00      0.00      0.00      0.00      0.00      0.00      0.00      0.00      0.00      0.00
07:09:36         0.00      0.00      0.00      0.00      0.00      0.00      0.00      0.00      0.00      0.00
07:09:41         0.00      0.00      0.00      0.00      0.00      0.00      0.00      0.00      0.00      0.00
07:09:46         0.00      0.00      0.00      0.00      0.00      0.00      0.00      0.00      0.00      0.00
07:09:51         0.00      0.00      0.00      0.00      0.00      0.00      0.00      0.00      0.00      0.00
07:09:56         0.00      0.00      0.00      0.00      0.00      0.00      0.00      0.00      0.00      0.00
07:10:01         0.00      0.00      0.00      0.00      0.00      0.00      0.00      0.00      0.00      0.00
07:10:06         0.00      0.00      0.00      0.00      0.00      0.00      0.00      0.00      0.00      0.00
07:10:11         0.00      0.00      0.00      0.00      0.00      0.00      0.00      0.00      0.00      0.00
07:10:16         0.00      0.00      0.00      0.00      0.00      0.00      0.00      0.00      0.00      0.00
07:10:21         0.00      0.00      0.00      0.00      0.00      0.00      0.00      0.00      0.00      0.00
07:10:26         0.00      0.00      0.00      0.00      0.00      0.00      0.00      0.00      0.00      0.00
07:10:31         0.00      0.00      0.00      0.00      0.00      0.00      0.00      0.00      0.00      0.00
07:10:36         0.00      0.00      0.00      0.00      0.00      0.00      0.00      0.00      0.00      0.00
07:10:41         0.00      0.00      0.00      0.00      0.00      0.00      0.00      0.00      0.00      0.00
07:10:46         0.00      0.00      0.00      0.00      0.00      0.00      0.00      0.00      0.00      0.00
07:10:51         0.00      0.00      0.00      0.00      0.00      0.00      0.00      0.00      0.00      0.00
07:10:56         0.00      0.00      0.00      0.00      0.00      0.00      0.00      0.00      0.00      0.00
07:11:01         0.00      0.00      0.00      0.00      0.00      0.00      0.00      0.00      0.00      0.00
07:11:06         0.00      0.00      0.00      0.00      0.00      0.00      0.00      0.00      0.00      0.00
07:11:11         0.00      0.00      0.00      0.00      0.00      0.00      0.00      0.00      0.00      0.00
07:11:16         0.00      0.00      0.00      0.00      0.00      0.00      0.00      0.00      0.00      0.00
07:11:21         0.00      0.00      0.00      0.00      0.00      0.00      0.00      0.00      0.00      0.00
07:11:26         0.00      0.00      0.00      0.00      0.00      0.00      0.00      0.00      0.00      0.00
07:11:31         0.00      0.00      0.00      0.00      0.00      0.00      0.00      0.00      0.00      0.00
07:11:36         0.00      0.00      0.00      0.00      0.00      0.00      0.00      0.00      0.00      0.00
07:11:41         0.00      0.00      0.00      0.00      0.00      0.00      0.00      0.00      0.00      0.00
07:11:46         0.00      0.00      0.00      0.00      0.00      0.00      0.00      0.00      0.00      0.00
07:11:51         0.00      0.00      0.00      0.00      0.00      0.00      0.00      0.00      0.00      0.00
07:11:56         0.00      0.00      0.00      0.00      0.00      0.00      0.00      0.00      0.00      0.00
07:12:01         0.00      0.00      0.00      0.00      0.00      0.00      0.00      0.00      0.00      0.00
07:12:06         0.00      0.00      0.00      0.00      0.00      0.00      0.00      0.00      0.00      0.00
07:12:11         0.00   2571.32 161696.07      9.43   2359.92  70239.88  98418.47   4651.67      0.00      0.00
07:12:16      1223.20 103844.00  47586.40    306.00  26014.40  21000.80   4987.60  51946.60      0.00      0.00
07:12:21         4.80      0.00      1.40      1.20      1.20      0.00      0.00      0.00      0.00      0.00
07:12:26         4.80      0.00      1.20      1.20      1.20      0.00      0.00      0.00      0.00      0.00
07:12:31         4.00      0.00      1.00      1.00      1.00      0.00      0.00      0.00      0.00      0.00
07:12:36         5.60      0.00      1.40      1.40      1.40      0.00      0.00      0.00      0.00      0.00
07:12:41         4.00      0.00      1.00      1.00      1.00      0.00      0.00      0.00      0.00      0.00
07:12:46         4.80      0.00      1.20      1.20      1.20      0.00      0.00      0.00      0.00      0.00
07:12:51         4.00      0.00      1.00      1.00      1.00      0.00      0.00      0.00      0.00      0.00
07:12:56         4.80      0.00      1.20      1.20      1.20      0.00      0.00      0.00      0.00      0.00
07:13:01         4.00      0.00      1.00      1.00      1.00      0.00      0.00      0.00      0.00      0.00
07:13:06         4.00      0.00      1.00      1.00      1.00      0.00      0.00      0.00      0.00      0.00
07:13:11         3.20      0.00      0.80      0.80      1.60      0.00      0.00      0.00      0.00      0.00
07:13:16         4.80      0.00      1.20      1.20      1.20      0.00      0.00      0.00      0.00      0.00
07:13:21         4.80      0.00      1.20      1.20      1.20      0.00      0.00      0.00      0.00      0.00
07:13:26         4.80      0.00      1.20      1.20      1.20      0.00      0.00      0.00      0.00      0.00
07:13:31         4.00      0.00      1.00      1.00      1.00      0.00      0.00      0.00      0.00      0.00
07:13:36         4.00      0.00      1.00      1.00      1.00      0.00      0.00      0.00      0.00      0.00
07:13:41         5.60      0.00      1.40      1.40      1.40      0.00      0.00      0.00      0.00      0.00
07:13:46         3.20      0.00      0.80      0.80      0.80      0.00      0.00      0.00      0.00      0.00
07:13:51         4.00      0.00      1.00      1.00      1.00      0.00      0.00      0.00      0.00      0.00
07:13:56         4.80      0.00      1.20      1.20      1.20      0.00      0.00      0.00      0.00      0.00
07:14:01         4.80      0.00      1.20      1.20      1.20      0.00      0.00      0.00      0.00      0.00
07:14:06         4.80      0.00      1.20      1.20      1.20      0.00      0.00      0.00      0.00      0.00
07:14:11         4.00      0.00      1.00      1.00      1.00      0.00      0.00      0.00      0.00      0.00
07:14:16         4.80      0.00      1.20      1.20      1.20      0.00      0.00      0.00      0.00      0.00
07:14:21         4.00      0.00      1.00      1.00      1.00      0.00      0.00      0.00      0.00      0.00
07:14:26         4.00      0.00      1.00      1.00      1.00      0.00      0.00      0.00      0.00      0.00
07:14:31         4.80      0.00      1.20      1.20      1.20      0.00      0.00      0.00      0.00      0.00
07:14:36         4.00      0.00      1.00      1.00      1.00      0.00      0.00      0.00      0.00      0.00
07:14:41         4.00      0.00      1.00      1.00      1.00      0.00      0.00      0.00      0.00      0.00
07:14:46         3.20      0.00      0.80      0.80      0.80      0.00      0.00      0.00      0.00      0.00
07:14:51         4.80      0.00      1.20      1.20      1.20      0.00      0.00      0.00      0.00      0.00
07:14:56         4.00      0.00      1.00      1.00      1.00      0.00      0.00      0.00      0.00      0.00
07:15:01         4.00      0.00      1.00      1.00      1.00      0.00      0.00      0.00      0.00      0.00
07:15:06         4.80      0.00      1.20      1.20      1.20      0.00      0.00      0.00      0.00      0.00
07:15:11         4.80      0.00      1.20      1.20      1.20      0.00      0.00      0.00      0.00      0.00
07:15:16         4.80      0.00      1.20      1.20      1.20      0.00      0.00      0.00      0.00      0.00
07:15:21         4.00      0.00      1.00      1.00      1.00      0.00      0.00      0.00      0.00      0.00
07:15:26         4.80      0.00      1.20      1.20      1.20      0.00      0.00      0.00      0.00      0.00
07:15:31         2.40      0.00      0.60      0.60      0.60      0.00      0.00      0.00      0.00      0.00
07:15:36         0.80      0.00      0.20      0.20      0.20      0.00      0.00      0.00      0.00      0.00
07:15:41         1.60      0.00      0.40      0.40      0.40      0.00      0.00      0.00      0.00      0.00
07:15:46         1.60      0.00      0.40      0.40      0.40      0.00      0.00      0.00      0.00      0.00
07:15:51         4.80      0.00      1.20      1.20      1.20      0.00      0.00      0.00      0.00      0.00
07:15:56         4.80      0.00      1.20      1.20      1.20      0.00      0.00      0.00      0.00      0.00
07:16:01         4.80      0.00      1.20      1.20      1.20      0.00      0.00      0.00      0.00      0.00
07:16:06         4.80      0.00      1.20      1.20      1.20      0.00      0.00      0.00      0.00      0.00
07:16:11         4.00      0.00      1.00      1.00      1.00      0.00      0.00      0.00      0.00      0.00
07:16:16         4.80      0.00      1.20      1.20      1.20      0.00      0.00      0.00      0.00      0.00
07:16:21         4.00      0.00      1.00      1.00      1.00      0.00      0.00      0.00      0.00      0.00
07:16:26         4.80      0.00      1.20      1.20      1.20      0.00      0.00      0.00      0.00      0.00
07:16:31         4.80      0.00      1.20      1.20      1.20      0.00      0.00      0.00      0.00      0.00
07:16:36         4.00      0.00      1.00      1.00      1.00      0.00      0.00      0.00      0.00      0.00
07:16:41         4.00      0.00      1.00      1.00      1.00      0.00      0.00      0.00      0.00      0.00
07:16:46         4.80      0.00      1.20      1.20      1.20      0.00      0.00      0.00      0.00      0.00
07:16:51         3.20      0.00      0.80      0.80      0.80      0.00      0.00      0.00      0.00      0.00
07:16:56         4.80      0.00      1.20      1.20      1.20      0.00      0.00      0.00      0.00      0.00
07:17:01         4.80      0.00      1.20      1.20      1.20      0.00      0.00      0.00      0.00      0.00
07:17:06         2.40      0.00      0.60      0.60      0.60      0.00      0.00      0.00      0.00      0.00
07:17:11         4.80      0.00      1.20      1.20      1.20      0.00      0.00      0.00      0.00      0.00
07:17:16         4.00      0.00      1.00      1.00      1.00      0.00      0.00      0.00      0.00      0.00
07:17:21         3.20      0.00      0.80      0.80      0.80      0.00      0.00      0.00      0.00      0.00
07:17:26         2.40      0.00      0.60      0.60      0.60      0.00      0.00      0.00      0.00      0.00
07:17:31         4.00      0.00      1.00      1.00      1.00      0.00      0.00      0.00      0.00      0.00
07:17:36         4.80      0.00      1.20      1.20      1.20      0.00      0.00      0.00      0.00      0.00
07:17:41         4.80      0.00      1.20      1.20      1.20      0.00      0.00      0.00      0.00      0.00
07:17:46         2.40      0.00      0.60      0.60      0.60      0.00      0.00      0.00      0.00      0.00
07:17:51         1.60      0.00      0.40      0.40      0.40      0.00      0.00      0.00      0.00      0.00
07:17:56         3.20      0.00      0.80      0.80      0.80      0.00      0.00      0.00      0.00      0.00
07:18:01         4.80      0.00      1.20      1.20      1.20      0.00      0.00      0.00      0.00      0.00
07:18:06         4.00      0.00      1.00      1.00      1.00      0.00      0.00      0.00      0.00      0.00
07:18:11         4.00      0.00      1.00      1.00      1.00      0.00      0.00      0.00      0.00      0.00
07:18:16         0.00      0.00      0.00      0.00      0.00      0.00      0.00      0.00      0.00      0.00
07:18:21         4.80      0.00      1.20      1.20      1.20      0.00      0.00      0.00      0.00      0.00
07:18:26         4.00      0.00      1.00      1.00      1.00      0.00      0.00      0.00      0.00      0.00
07:18:31         2.40      0.00      0.60      0.60      0.60      0.00      0.00      0.00      0.00      0.00
07:18:36         4.00      0.00      1.00      1.00      1.00      0.00      0.00      0.00      0.00      0.00
07:18:41         2.40      0.00      0.60      0.60      0.60      0.00      0.00      0.00      0.00      0.00
07:18:46         4.00      0.00      1.00      1.00      1.00      0.00      0.00      0.00      0.00      0.00
07:18:51         3.20      0.00      0.80      0.80      0.80      0.00      0.00      0.00      0.00      0.00
07:18:56         2.40      0.00      0.60      0.60      0.60      0.00      0.00      0.00      0.00      0.00
07:19:01         1.60      0.00      0.40      0.40      0.40      0.00      0.00      0.00      0.00      0.00
07:19:06         4.00      0.00      1.00      1.00      1.00      0.00      0.00      0.00      0.00      0.00
07:19:11         4.80      0.00      1.20      1.20      1.20      0.00      0.00      0.00      0.00      0.00
07:19:16         4.80      0.00      1.20      1.20      1.20      0.00      0.00      0.00      0.00      0.00
07:19:21         4.00      0.00      1.00      1.00      1.00      0.00      0.00      0.00      0.00      0.00
07:19:26         4.00      0.00      1.00      1.00      1.00      0.00      0.00      0.00      0.00      0.00
07:19:31         1.60      0.00      0.40      0.40      0.40      0.00      0.00      0.00      0.00      0.00
07:19:36         5.60      0.00      1.40      1.40      1.40      0.00      0.00      0.00      0.00      0.00
07:19:41         3.20      0.00      0.80      0.80      0.80      0.00      0.00      0.00      0.00      0.00
07:19:46         0.00      0.00      0.00      0.00      0.00      0.00      0.00      0.00      0.00      0.00
07:19:51         5.60      0.00      1.40      1.40      1.40      0.00      0.00      0.00      0.00      0.00
07:19:56         4.00      0.00      1.00      1.00      1.00      0.00      0.00      0.00      0.00      0.00
07:20:01         5.60      0.00      1.40      1.40      1.40      0.00      0.00      0.00      0.00      0.00
07:20:06         3.20      0.00      0.80      0.80      0.80      0.00      0.00      0.00      0.00      0.00
07:20:11         2.40      0.00      0.60      0.60      0.60      0.00      0.00      0.00      0.00      0.00
07:20:16         3.20      0.00      0.80      0.80      0.80      0.00      0.00      0.00      0.00      0.00
07:20:21         1.60      0.00      0.40      0.40      0.40      0.00      0.00      0.00      0.00      0.00
07:20:26         2.40      0.00      0.60      0.60      0.60      0.00      0.00      0.00      0.00      0.00
07:20:31         3.20      0.00      0.80      0.80      0.80      0.00      0.00      0.00      0.00      0.00
07:20:36         4.80      0.00      1.20      1.20      1.20      0.00      0.00      0.00      0.00      0.00
07:20:41         0.80      0.00      0.20      0.20      0.20      0.00      0.00      0.00      0.00      0.00
07:20:46         3.20      0.00      0.80      0.80      0.80      0.00      0.00      0.00      0.00      0.00
07:20:51         4.80      0.00      1.20      1.20      1.20      0.00      0.00      0.00      0.00      0.00
07:20:56         4.80      0.00      1.20      1.20      1.20      0.00      0.00      0.00      0.00      0.00
07:21:01         4.00      0.00      1.00      1.00      1.00      0.00      0.00      0.00      0.00      0.00
07:21:06         4.80      0.00      1.20      1.20      1.20      0.00      0.00      0.00      0.00      0.00
07:21:11         2.40      0.00      0.60      0.60      0.60      0.00      0.00      0.00      0.00      0.00
07:21:16         3.20      0.00      0.80      0.80      0.80      0.00      0.00      0.00      0.00      0.00
07:21:21         4.00      0.00      1.00      1.00      1.00      0.00      0.00      0.00      0.00      0.00
07:21:26         4.80      0.00      1.20      1.20      1.20      0.00      0.00      0.00      0.00      0.00
07:21:31         3.20      0.00      0.80      0.80      0.80      0.00      0.00      0.00      0.00      0.00
07:21:36         4.00      0.00      1.00      1.00      1.00      0.00      0.00      0.00      0.00      0.00
07:21:41         1.60      0.00      0.40      0.40      0.40      0.00      0.00      0.00      0.00      0.00
07:21:46         2.40      0.00      0.60      0.60      0.60      0.00      0.00      0.00      0.00      0.00
07:21:51         1.60      0.00      0.40      0.40      0.40      0.00      0.00      0.00      0.00      0.00
07:21:56         4.00      0.00      1.00      1.00      1.00      0.00      0.00      0.00      0.00      0.00
07:22:01         2.40      0.00      0.60      0.60      0.60      0.00      0.00      0.00      0.00      0.00
07:22:06         2.40      0.00      0.60      0.60      0.60      0.00      0.00      0.00      0.00      0.00
07:22:11         1.60      0.00      0.40      0.40      0.40      0.00      0.00      0.00      0.00      0.00
07:22:16         3.20      0.00      0.80      0.80      0.80      0.00      0.00      0.00      0.00      0.00
07:22:21         2.40      0.00      0.60      0.60      0.60      0.00      0.00      0.00      0.00      0.00
07:22:26         3.20      0.00      0.80      0.80      0.80      0.00      0.00      0.00      0.00      0.00
07:22:31         4.80      0.00      1.20      1.20      1.20      0.00      0.00      0.00      0.00      0.00
07:22:36         3.20      0.00      0.80      0.80      0.80      0.00      0.00      0.00      0.00      0.00
07:22:41         3.20      0.00      0.80      0.80      0.80      0.00      0.00      0.00      0.00      0.00
07:22:46    101871.20  92488.00  25468.00  25468.00  23171.40  22582.20   1709.60  46284.80      0.00      0.00
07:22:51         0.80      0.00      0.20      0.20      0.20      0.00      0.00      0.00      0.00      0.00
07:22:56         1.60      0.00      0.40      0.40      0.40      0.00      0.00      0.00      0.00      0.00
07:23:01         2.40      0.00      0.60      0.60      0.60      0.00      0.00      0.00      0.00      0.00
07:23:06         2.40      0.00      0.60      0.60      0.60      0.00      0.00      0.00      0.00      0.00
07:23:11         3.20      0.00      0.80      0.80      0.80      0.00      0.00      0.00      0.00      0.00
07:23:16         4.00      0.00      1.00      1.00      1.00      0.00      0.00      0.00      0.00      0.00
07:23:21         3.20      0.00      0.80      0.80      0.80      0.00      0.00      0.00      0.00      0.00
07:23:26         5.60      0.00      1.40      1.40      1.40      0.00      0.00      0.00      0.00      0.00
07:23:31         2.40      0.00      0.60      0.60      0.60      0.00      0.00      0.00      0.00      0.00
07:23:36         3.20      0.00      0.80      0.80      0.80      0.00      0.00      0.00      0.00      0.00
07:23:41         0.80      0.00      0.20      0.20      0.20      0.00      0.00      0.00      0.00      0.00
07:23:46         2.40      0.00      0.60      0.60      0.60      0.00      0.00      0.00      0.00      0.00
07:23:51         2.40      0.00      0.60      0.60      0.60      0.00      0.00      0.00      0.00      0.00
07:23:56         3.20      0.00      0.80      0.80      0.80      0.00      0.00      0.00      0.00      0.00
07:24:01         1.60      0.00      0.40      0.40      0.40      0.00      0.00      0.00      0.00      0.00
07:24:06         2.40      0.00      0.60      0.60      0.60      0.00      0.00      0.00      0.00      0.00
07:24:11         4.80      0.00      1.20      1.20      1.20      0.00      0.00      0.00      0.00      0.00
07:24:16    382616.00 384288.00  95787.00  95654.00  96121.00 134521.80  41268.00 192161.60      0.00      0.00
07:24:21         4.00      0.00      1.00      1.00      1.00      0.00      0.00      0.00      0.00      0.00
07:24:26         2.40      0.00      0.60      0.60      0.60      0.00      0.00      0.00      0.00      0.00
07:24:31         4.00      0.00      1.00      1.00      1.00      0.00      0.00      0.00      0.00      0.00
07:24:36         4.80      0.00      1.20      1.20      1.20      0.00      0.00      0.00      0.00      0.00
07:24:41         2.40      0.00      0.60      0.60      0.60      0.00      0.00      0.00      0.00      0.00
07:24:46         4.80      0.00      1.20      1.20      1.20      0.00      0.00      0.00      0.00      0.00
07:24:51         4.00      0.00      1.00      1.00      1.00      0.00      0.00      0.00      0.00      0.00
07:24:56         3.20      0.00      0.80      0.80      0.80      0.00      0.00      0.00      0.00      0.00
07:25:01         1.60      0.00      0.40      0.40      0.40      0.00      0.00      0.00      0.00      0.00
07:25:06         2.40      0.00      0.60      0.60      0.60      0.00      0.00      0.00      0.00      0.00
07:25:11         1.60      0.00      0.40      0.40      0.40      0.00      0.00      0.00      0.00      0.00
07:25:16         0.00      0.00      0.00      0.00      0.00      0.00      0.00      0.00      0.00      0.00
07:25:21         0.00      0.00      0.00      0.00      0.00      0.00      0.00      0.00      0.00      0.00
07:25:26         3.20      0.00      0.80      0.80      0.80      0.00      0.00      0.00      0.00      0.00
07:25:31         1.60      0.00      0.40      0.40      0.40      0.00      0.00      0.00      0.00      0.00
07:25:36         4.00      0.00      1.00      1.00      1.00      0.00      0.00      0.00      0.00      0.00
07:25:41         4.00      0.00      1.00      1.00      1.00      0.00      0.00      0.00      0.00      0.00
07:25:46         3.20      0.00      0.80      0.80      0.80      0.00      0.00      0.00      0.00      0.00
07:25:51         1.60      0.00      0.40      0.40      0.40      0.00      0.00      0.00      0.00      0.00
07:25:56         3.20      0.00      0.80      0.80      0.80      0.00      0.00      0.00      0.00      0.00
07:26:01         0.80      0.00      0.20      0.20      0.20      0.00      0.00      0.00      0.00      0.00
07:26:06         2.40      0.00      0.60      0.60      0.60      0.00      0.00      0.00      0.00      0.00
07:26:11         2.40      0.00      0.60      0.60      0.60      0.00      0.00      0.00      0.00      0.00
07:26:16         5.60      0.00      1.40      1.40      1.40      0.00      0.00      0.00      0.00      0.00
07:26:21         1.60      0.00      0.40      0.40      0.40      0.00      0.00      0.00      0.00      0.00
07:26:26         1.60      0.00      0.40      0.40      0.40      0.00      0.00      0.00      0.00      0.00
07:26:31         3.20      0.00      0.80      0.80      0.80      0.00      0.00      0.00      0.00      0.00
07:26:36         0.80      0.00      0.20      0.20      0.20      0.00      0.00      0.00      0.00      0.00
07:26:41         3.20      0.00      0.80      0.80      0.80      0.00      0.00      0.00      0.00      0.00
07:26:46         4.80      0.00      1.20      1.20      1.20      0.00      0.00      0.00      0.00      0.00
07:26:51         3.20      0.00      0.80      0.80      0.80      0.00      0.00      0.00      0.00      0.00
07:26:56         1.60      0.00      0.40      0.40      0.40      0.00      0.00      0.00      0.00      0.00
07:27:01         2.40      0.00      0.60      0.60      0.60      0.00      0.00      0.00      0.00      0.00
07:27:06         2.40      0.00      0.60      0.60      0.60      0.00      0.00      0.00      0.00      0.00
07:27:11         1.60      0.00      0.40      0.40      0.40      0.00      0.00      0.00      0.00      0.00
07:27:16    209261.60 208276.80  53943.60  52320.40  52316.60 153729.00  99753.80 104418.00      0.00      0.00
07:27:21         2.40      0.00      1.20      0.60      0.40      0.00      0.00      0.00      0.00      0.00
07:27:26         4.00      0.00      1.00      1.00      1.00      0.00      0.00      0.00      0.00      0.00
07:27:31         1.60      0.00      0.40      0.40      0.40      0.00      0.00      0.00      0.00      0.00
07:27:36         4.00      0.00      1.00      1.00      1.00      0.00      0.00      0.00      0.00      0.00
07:27:41         3.20      0.00      0.80      0.80      0.80      0.00      0.00      0.00      0.00      0.00
07:27:46         2.40      0.00      0.60      0.60      0.60      0.00      0.00      0.00      0.00      0.00
07:27:51         0.00      0.00      0.00      0.00      0.00      0.00      0.00      0.00      0.00      0.00
07:27:56         2.40      0.00      0.60      0.60      0.60      0.00      0.00      0.00      0.00      0.00
07:28:01         1.60      0.00      0.40      0.40      0.40      0.00      0.00      0.00      0.00      0.00
07:28:06         3.20      0.00      0.80      0.80      0.80      0.00      0.00      0.00      0.00      0.00
07:28:11         4.00      0.00      1.00      1.00      1.00      0.00      0.00      0.00      0.00      0.00
07:28:16         4.00      0.00      1.00      1.00      1.00      0.00      0.00      0.00      0.00      0.00
07:28:21         3.20      0.00      0.80      0.80      0.80      0.00      0.00      0.00      0.00      0.00
07:28:26         1.60      0.00      0.40      0.40      0.40      0.00      0.00      0.00      0.00      0.00
07:28:31         0.00      0.00      0.00      0.00      0.00      0.00      0.00      0.00      0.00      0.00
07:28:36         4.00      0.00      1.00      1.00      1.00      0.00      0.00      0.00      0.00      0.00
07:28:41         2.40      0.00      0.60      0.60      0.60      0.00      0.00      0.00      0.00      0.00
07:28:46         0.80      0.00      0.20      0.20      0.20      0.00      0.00      0.00      0.00      0.00
07:28:51         4.00      0.00      1.00      1.00      1.00      0.00      0.00      0.00      0.00      0.00
07:28:56         3.20      0.00      0.80      0.80      0.80      0.00      0.00      0.00      0.00      0.00
07:29:01         2.40      0.00      0.60      0.60      0.60      0.00      0.00      0.00      0.00      0.00
07:29:06         1.60      0.00      0.40      0.40      0.40      0.00      0.00      0.00      0.00      0.00
07:29:11         0.80      0.00      0.20      0.20      0.20      0.00      0.00      0.00      0.00      0.00
07:29:16         2.40      0.00      0.60      0.60      0.60      0.00      0.00      0.00      0.00      0.00
07:29:21         0.80      0.00      0.20      0.20      0.20      0.00      0.00      0.00      0.00      0.00
07:29:26         1.60      0.00      0.40      0.40      0.40      0.00      0.00      0.00      0.00      0.00
07:29:31         2.40      0.00      0.60      0.60      0.60      0.00      0.00      0.00      0.00      0.00
07:29:36         2.40      0.00      0.60      0.60      0.60      0.00      0.00      0.00      0.00      0.00
07:29:41         4.00      0.00      1.00      1.00      1.00      0.00      0.00      0.00      0.00      0.00
07:29:46         0.00      0.00      0.00      0.00      0.00      0.00      0.00      0.00      0.00      0.00
07:29:51         4.00      0.00      1.00      1.00      1.00      0.00      0.00      0.00      0.00      0.00
07:29:56         0.00      0.00      0.00      0.00      0.00      0.00      0.00      0.00      0.00      0.00
07:30:01         0.80      0.00      0.20      0.20      0.20      0.00      0.00      0.00      0.00      0.00
07:30:06         4.00      0.00      1.00      1.00      1.00      0.00      0.00      0.00      0.00      0.00
07:30:11         2.40      0.00      0.60      0.60      0.60      0.00      0.00      0.00      0.00      0.00
07:30:16         3.20      0.00      0.80      0.80      0.80      0.00      0.00      0.00      0.00      0.00
07:30:21         1.60      0.00      0.40      0.40      0.40      0.00      0.00      0.00      0.00      0.00
07:30:26         0.00      0.00      0.00      0.00      0.00      0.00      0.00      0.00      0.00      0.00
07:30:31         4.00      0.00      1.00      1.00      1.00      0.00      0.00      0.00      0.00      0.00
07:30:36         2.40      0.00      0.60      0.60      0.60      0.00      0.00      0.00      0.00      0.00
07:30:41         1.60      0.00      0.40      0.40      0.40      0.00      0.00      0.00      0.00      0.00
07:30:46         3.20      0.00      0.80      0.80      0.80      0.00      0.00      0.00      0.00      0.00
07:30:51         4.00      0.00      1.00      1.00      1.00      0.00      0.00      0.00      0.00      0.00
07:30:56         3.20      0.00      0.80      0.80      0.80      0.00      0.00      0.00      0.00      0.00
07:31:01         4.00      0.00      1.00      1.00      1.00      0.00      0.00      0.00      0.00      0.00
07:31:06         0.80      0.00      0.20      0.20      0.20      0.00      0.00      0.00      0.00      0.00
07:31:11         2.40      0.00      0.60      0.60      0.60      0.00      0.00      0.00      0.00      0.00
07:31:16         2.40      0.00      0.60      0.60      0.60      0.00      0.00      0.00      0.00      0.00
07:31:21         4.00      0.00      1.00      1.00      1.00      0.00      0.00      0.00      0.00      0.00
07:31:26         1.60      0.00      0.40      0.40      0.40      0.00      0.00      0.00      0.00      0.00
07:31:31         0.80      0.00      0.20      0.20      0.20      0.00      0.00      0.00      0.00      0.00
07:31:36         4.00      0.00      1.00      1.00      1.00      0.00      0.00      0.00      0.00      0.00
07:31:41         1.60      0.00      0.40      0.40      0.40      0.00      0.00      0.00      0.00      0.00
07:31:46         1.60      0.00      0.40      0.40      0.40      0.00      0.00      0.00      0.00      0.00
07:31:51         3.20      0.00      0.80      0.80      0.80      0.00      0.00      0.00      0.00      0.00
07:31:56         1.60      0.00      0.40      0.40      0.40      0.00      0.00      0.00      0.00      0.00
07:32:01         0.00      0.00      0.00      0.00      0.00      0.00      0.00      0.00      0.00      0.00
07:32:06         3.20      0.00      0.80      0.80      0.80      0.00      0.00      0.00      0.00      0.00
07:32:11         1.60      0.00      0.40      0.40      0.40      0.00      0.00      0.00      0.00      0.00
07:32:16         3.20      0.00      0.80      0.80      0.80      0.00      0.00      0.00      0.00      0.00
07:32:21         0.00      0.00      0.00      0.00      0.00      0.00      0.00      0.00      0.00      0.00
07:32:26         1.60      0.00      0.40      0.40      0.40      0.00      0.00      0.00      0.00      0.00
07:32:31         2.40      0.00      0.60      0.60      0.60      0.00      0.00      0.00      0.00      0.00
07:32:36         3.20      0.00      0.80      0.80      0.80      0.00      0.00      0.00      0.00      0.00
07:32:41         2.40      0.00      0.60      0.60      0.60      0.00      0.00      0.00      0.00      0.00
07:32:46         1.60      0.00      0.40      0.40      0.40      0.00      0.00      0.00      0.00      0.00
07:32:51         2.40      0.00      0.60      0.60      0.60      0.00      0.00      0.00      0.00      0.00
07:32:56         0.00      0.00      0.00      0.00      0.00      0.00      0.00      0.00      0.00      0.00
07:33:01         2.40      0.00      0.60      0.60      0.60      0.00      0.00      0.00      0.00      0.00
07:33:06         2.40      0.00      0.60      0.60      0.60      0.00      0.00      0.00      0.00      0.00
07:33:11         3.20      0.00      0.80      0.80      0.80      0.00      0.00      0.00      0.00      0.00
07:33:16         0.80      0.00      0.20      0.20      0.20      0.00      0.00      0.00      0.00      0.00
07:33:21         1.60      0.00      0.40      0.40      0.40      0.00      0.00      0.00      0.00      0.00
07:33:26         0.00      0.00      0.00      0.00      0.00      0.00      0.00      0.00      0.00      0.00
07:33:31         0.80      0.00      0.20      0.20      0.20      0.00      0.00      0.00      0.00      0.00
07:33:36         0.00      0.00      0.00      0.00      0.00      0.00      0.00      0.00      0.00      0.00
07:33:41         0.00      0.00      0.00      0.00      0.00      0.00      0.00      0.00      0.00      0.00
07:33:46         2.40      0.00      0.60      0.60      0.60      0.00      0.00      0.00      0.00      0.00
07:33:51         2.40      0.00      0.60      0.60      0.60      0.00      0.00      0.00      0.00      0.00
07:33:56         4.00      0.00      1.00      1.00      1.00      0.00      0.00      0.00      0.00      0.00
07:34:01         1.60      0.00      0.40      0.40      0.40      0.00      0.00      0.00      0.00      0.00
07:34:06         1.60      0.00      0.40      0.40      0.40      0.00      0.00      0.00      0.00      0.00
07:34:11         0.80      0.00      0.20      0.20      0.20      0.00      0.00      0.00      0.00      0.00
07:34:16         1.60      0.00      0.40      0.40      0.40      0.00      0.00      0.00      0.00      0.00
07:34:21         2.40      0.00      0.60      0.60      0.60      0.00      0.00      0.00      0.00      0.00
07:34:26         1.60      0.00      0.40      0.40      0.40      0.00      0.00      0.00      0.00      0.00
07:34:31         4.00      0.00      1.00      1.00      1.00      0.00      0.00      0.00      0.00      0.00
07:34:36         2.40      0.00      0.60      0.60      0.60      0.00      0.00      0.00      0.00      0.00
07:34:41         2.40      0.00      0.60      0.60      0.60      0.00      0.00      0.00      0.00      0.00
07:34:46         4.00      0.00      1.00      1.00      1.00      0.00      0.00      0.00      0.00      0.00
07:34:51         0.00      0.00      0.00      0.00      0.00      0.00      0.00      0.00      0.00      0.00
07:34:56         1.60      0.00      0.40      0.40      0.40      0.00      0.00      0.00      0.00      0.00
07:35:01         0.80      0.00      0.20      0.20      0.20      0.00      0.00      0.00      0.00      0.00
07:35:06         4.00      0.00      1.00      1.00      1.00      0.00      0.00      0.00      0.00      0.00
07:35:11         2.40      0.00      0.60      0.60      0.60      0.00      0.00      0.00      0.00      0.00
07:35:16         0.00      0.00      0.00      0.00      0.00      0.00      0.00      0.00      0.00      0.00
07:35:21         2.40      0.00      0.60      0.60      0.60      0.00      0.00      0.00      0.00      0.00
07:35:26         3.20      0.00      0.80      0.80      0.80      0.00      0.00      0.00      0.00      0.00
07:35:31         4.00      0.00      1.00      1.00      1.00      0.00      0.00      0.00      0.00      0.00
07:35:36         3.20      0.00      0.80      0.80      0.80      0.00      0.00      0.00      0.00      0.00
07:35:41         2.40      0.00      0.60      0.60      0.60      0.00      0.00      0.00      0.00      0.00
07:35:46         0.00      0.00      0.00      0.00      0.00      0.00      0.00      0.00      0.00      0.00
07:35:51         0.00      0.00      0.00      0.00      0.00      0.00      0.00      0.00      0.00      0.00
07:35:56         1.60      0.00      0.40      0.40      0.40      0.00      0.00      0.00      0.00      0.00
07:36:01         1.60      0.00      0.40      0.40      0.40      0.00      0.00      0.00      0.00      0.00
07:36:06         3.20      0.00      0.80      0.80      0.80      0.00      0.00      0.00      0.00      0.00
07:36:11         1.60      0.00      0.40      0.40      0.40      0.00      0.00      0.00      0.00      0.00
07:36:16         0.80      0.00      0.20      0.20      0.20      0.00      0.00      0.00      0.00      0.00
07:36:21         0.80      0.00      0.20      0.20      0.20      0.00      0.00      0.00      0.00      0.00
07:36:26         2.40      0.00      0.60      0.60      0.60      0.00      0.00      0.00      0.00      0.00
07:36:31         1.60      0.00      0.40      0.40      0.40      0.00      0.00      0.00      0.00      0.00
07:36:36         2.40      0.00      0.60      0.60      0.60      0.00      0.00      0.00      0.00      0.00
07:36:41         0.00      0.00      0.00      0.00      0.00      0.00      0.00      0.00      0.00      0.00
07:36:46         2.40      0.00      0.60      0.60      0.60      0.00      0.00      0.00      0.00      0.00
07:36:51         0.00      0.00      0.00      0.00      0.00      0.00      0.00      0.00      0.00      0.00
07:36:56         1.60      0.00      0.40      0.40      0.40      0.00      0.00      0.00      0.00      0.00
07:37:01         3.20      0.00      0.80      0.80      0.80      0.00      0.00      0.00      0.00      0.00
07:37:06         2.40      0.00      0.60      0.60      0.60      0.00      0.00      0.00      0.00      0.00
07:37:11         2.40      0.00      0.60      0.60      0.60      0.00      0.00      0.00      0.00      0.00
07:37:16         1.60      0.00      0.40      0.40      0.40      0.00      0.00      0.00      0.00      0.00
07:37:21         0.00      0.00      0.00      0.00      0.00      0.00      0.00      0.00      0.00      0.00
07:37:26         2.40      0.00      0.60      0.60      0.60      0.00      0.00      0.00      0.00      0.00
07:37:31         2.40      0.00      0.60      0.60      0.60      0.00      0.00      0.00      0.00      0.00
07:37:36         1.60      0.00      0.40      0.40      0.40      0.00      0.00      0.00      0.00      0.00
07:37:41         3.20      0.00      0.80      0.80      0.80      0.00      0.00      0.00      0.00      0.00
07:37:46      2576.00    284.00    692.40    644.60     65.40    681.80    430.20    100.40      0.00      0.00
07:37:51    137495.20 139808.00  36193.80  34373.40  34970.80  35636.60   3007.20  69956.00      0.00      0.00
07:37:56         3.20      0.00      0.80      0.80      0.80      0.00      0.00      0.00      0.00      0.00
07:38:01         3.20      0.00      0.80      0.80      0.80      0.00      0.00      0.00      0.00      0.00
07:38:06         4.00      0.00      1.00      1.00      1.00      0.00      0.00      0.00      0.00      0.00
07:38:11         0.80      0.00      0.20      0.20      0.20      0.00      0.00      0.00      0.00      0.00
07:38:16         1.60      0.00      0.40      0.40      0.40      0.00      0.00      0.00      0.00      0.00
07:38:21         2.40      0.00      0.60      0.60      0.60      0.00      0.00      0.00      0.00      0.00
07:38:26         4.00      0.00      1.00      1.00      1.00      0.00      0.00      0.00      0.00      0.00
07:38:31         2.40      0.00      0.60      0.60      0.60      0.00      0.00      0.00      0.00      0.00
07:38:36         4.00      0.00      1.00      1.00      1.00      0.00      0.00      0.00      0.00      0.00
07:38:41         3.20      0.00      0.80      0.80      0.80      0.00      0.00      0.00      0.00      0.00
07:38:46         0.00      0.00      0.00      0.00      0.00      0.00      0.00      0.00      0.00      0.00
07:38:51         3.20      0.00      0.80      0.80      0.80      0.00      0.00      0.00      0.00      0.00
07:38:56         1.60      0.00      0.40      0.40      0.40      0.00      0.00      0.00      0.00      0.00
07:39:01         3.20      0.00      0.80      0.80      0.80      0.00      0.00      0.00      0.00      0.00
07:39:06         0.80      0.00      0.20      0.20      0.20      0.00      0.00      0.00      0.00      0.00
07:39:11         0.80      0.00      0.20      0.20      0.20      0.00      0.00      0.00      0.00      0.00
07:39:16         4.00      0.00      1.00      1.00      1.00      0.00      0.00      0.00      0.00      0.00
07:39:21    286665.60 291910.40  72425.20  71667.20  73011.20 164963.20  90884.80 146004.40      0.00      0.00
07:39:26        16.00      0.00      4.20      4.00      1.00      0.00      0.00      0.00      0.00      0.00
07:39:31         4.00      0.00      1.00      1.00      1.00      0.00      0.00      0.00      0.00      0.00
07:39:36         0.80      0.00      0.20      0.20      0.20      0.00      0.00      0.00      0.00      0.00
07:39:41         4.00      0.00      1.00      1.00      1.00      0.00      0.00      0.00      0.00      0.00
07:39:46         4.80      0.00      1.20      1.20      1.20      0.00      0.00      0.00      0.00      0.00
07:39:51         2.40      0.00      0.60      0.60      0.60      0.00      0.00      0.00      0.00      0.00
07:39:56         4.00      0.00      1.00      1.00      1.00      0.00      0.00      0.00      0.00      0.00
07:40:01         1.60      0.00      0.40      0.40      0.40      0.00      0.00      0.00      0.00      0.00
07:40:06         2.40      0.00      0.60      0.60      0.60      0.00      0.00      0.00      0.00      0.00
07:40:11         1.60      0.00      0.40      0.40      0.40      0.00      0.00      0.00      0.00      0.00
07:40:16         3.20      0.00      0.80      0.80      0.80      0.00      0.00      0.00      0.00      0.00
07:40:21         4.00      0.00      1.00      1.00      1.00      0.00      0.00      0.00      0.00      0.00
07:40:26         3.20      0.00      0.80      0.80      0.80      0.00      0.00      0.00      0.00      0.00
07:40:31         1.60      0.00      0.40      0.40      0.40      0.00      0.00      0.00      0.00      0.00
07:40:36         4.00      0.00      1.00      1.00      1.00      0.00      0.00      0.00      0.00      0.00
07:40:41         3.20      0.00      0.80      0.80      0.80      0.00      0.00      0.00      0.00      0.00
07:40:46         4.80      0.00      1.20      1.20      1.20      0.00      0.00      0.00      0.00      0.00
07:40:51         1.60      0.00      0.40      0.40      0.40      0.00      0.00      0.00      0.00      0.00
07:40:56         1.60      0.00      0.40      0.40      0.40      0.00      0.00      0.00      0.00      0.00
07:41:01         1.60      0.00      0.40      0.40      0.40      0.00      0.00      0.00      0.00      0.00
07:41:06         3.20      0.00      0.80      0.80      0.80      0.00      0.00      0.00      0.00      0.00
07:41:11         2.40      0.00      0.60      0.60      0.60      0.00      0.00      0.00      0.00      0.00
07:41:16         4.00      0.00      1.00      1.00      1.00      0.00      0.00      0.00      0.00      0.00
07:41:21         2.40      0.00      0.60      0.60      0.60      0.00      0.00      0.00      0.00      0.00
07:41:26         0.80      0.00      0.20      0.20      0.20      0.00      0.00      0.00      0.00      0.00
07:41:31         2.40      0.00      0.60      0.60      0.60      0.00      0.00      0.00      0.00      0.00
07:41:36         2.40      0.00      0.60      0.60      0.60      0.00      0.00      0.00      0.00      0.00
07:41:41         1.60      0.00      0.40      0.40      0.40      0.00      0.00      0.00      0.00      0.00
07:41:46         2.40      0.00      0.60      0.60      0.60      0.00      0.00      0.00      0.00      0.00
07:41:51         3.20      0.00      0.80      0.80      0.80      0.00      0.00      0.00      0.00      0.00
07:41:56         3.20      0.00      0.80      0.80      0.80      0.00      0.00      0.00      0.00      0.00
07:42:01         4.00      0.00      1.00      1.00      1.00      0.00      0.00      0.00      0.00      0.00
07:42:06         4.00      0.00      1.00      1.00      1.00      0.00      0.00      0.00      0.00      0.00
07:42:11         2.40      0.00      0.60      0.60      0.60      0.00      0.00      0.00      0.00      0.00
07:42:16         4.00      0.00      1.00      1.00      1.00      0.00      0.00      0.00      0.00      0.00
07:42:21     68567.20  69298.40  17843.20  17142.00  17356.00  25250.20   5917.20  34704.40      0.00      0.00
07:42:26         4.80      0.00      1.20      1.20      1.20      0.00      0.00      0.00      0.00      0.00
07:42:31         3.20      0.00      0.80      0.80      0.80      0.00      0.00      0.00      0.00      0.00
07:42:36         4.00      0.00      1.00      1.00      1.00      0.00      0.00      0.00      0.00      0.00
07:42:41         1.60      0.00      0.40      0.40      0.40      0.00      0.00      0.00      0.00      0.00
07:42:46         3.99      0.00      1.00      1.00      1.00      0.00      0.00      0.00      0.00      0.00
07:42:51         4.00      0.00      1.00      1.00      1.00      0.00      0.00      0.00      0.00      0.00
07:42:56         3.20      0.00      0.80      0.80      0.80      0.00      0.00      0.00      0.00      0.00
07:43:01         4.00      0.00      1.00      1.00      1.00      0.00      0.00      0.00      0.00      0.00
07:43:06         3.20      0.00      0.80      0.80      0.80      0.00      0.00      0.00      0.00      0.00
07:43:11         2.40      0.00      0.60      0.60      0.60      0.00      0.00      0.00      0.00      0.00
07:43:16         4.00      0.00      1.00      1.00      1.00      0.00      0.00      0.00      0.00      0.00
07:43:21         4.00      0.00      1.00      1.00      1.00      0.00      0.00      0.00      0.00      0.00
07:43:26         1.60      0.00      0.40      0.40      0.40      0.00      0.00      0.00      0.00      0.00
07:43:31         4.00      0.00      1.00      1.00      1.00      0.00      0.00      0.00      0.00      0.00
07:43:36         4.80      0.00      1.20      1.20      1.20      0.00      0.00      0.00      0.00      0.00
07:43:41         3.20      0.00      0.80      0.80      0.80      0.00      0.00      0.00      0.00      0.00
07:43:46         4.00      0.00      1.00      1.00      1.00      0.00      0.00      0.00      0.00      0.00
07:43:51         4.00      0.00      1.00      1.00      1.00      0.00      0.00      0.00      0.00      0.00
07:43:56         3.20      0.00      0.80      0.80      0.80      0.00      0.00      0.00      0.00      0.00
07:44:01         3.20      0.00      0.80      0.80      0.80      0.00      0.00      0.00      0.00      0.00
07:44:06         4.80      0.00      1.20      1.20      1.20      0.00      0.00      0.00      0.00      0.00
07:44:11         1.60      0.00      0.40      0.40      0.40      0.00      0.00      0.00      0.00      0.00
07:44:16         3.20      0.00      0.80      0.80      0.80      0.00      0.00      0.00      0.00      0.00
07:44:21         4.00      0.00      1.00      1.00      1.00      0.00      0.00      0.00      0.00      0.00
07:44:26         3.20      0.00      0.80      0.80      0.80      0.00      0.00      0.00      0.00      0.00
07:44:31         4.00      0.00      1.00      1.00      1.00      0.00      0.00      0.00      0.00      0.00
07:44:36         4.00      0.00      1.00      1.00      1.00      0.00      0.00      0.00      0.00      0.00
07:44:41         2.40      0.00      0.60      0.60      0.60      0.00      0.00      0.00      0.00      0.00
07:44:46         4.00      0.00      1.00      1.00      1.00      0.00      0.00      0.00      0.00      0.00
07:44:51         4.00      0.00      1.00      1.00      1.00      0.00      0.00      0.00      0.00      0.00
07:44:56         3.20      0.00      0.80      0.80      0.80      0.00      0.00      0.00      0.00      0.00
07:45:01         1.60      0.00      0.40      0.40      0.40      0.00      0.00      0.00      0.00      0.00
07:45:06         2.40      0.00      0.60      0.60      0.60      0.00      0.00      0.00      0.00      0.00
07:45:11         1.60      0.00      0.40      0.40      0.40      0.00      0.00      0.00      0.00      0.00
07:45:16         3.20      0.00      0.80      0.80      0.80      0.00      0.00      0.00      0.00      0.00
07:45:21         4.00      0.00      1.00      1.00      1.00      0.00      0.00      0.00      0.00      0.00
07:45:26         2.40      0.00      0.60      0.60      0.60      0.00      0.00      0.00      0.00      0.00
07:45:31         4.00      0.00      1.00      1.00      1.00      0.00      0.00      0.00      0.00      0.00
07:45:36         3.20      0.00      0.80      0.80      0.80      0.00      0.00      0.00      0.00      0.00
07:45:41         2.40      0.00      0.60      0.60      0.60      0.00      0.00      0.00      0.00      0.00
07:45:46         2.40      0.00      0.60      0.60      0.60      0.00      0.00      0.00      0.00      0.00
07:45:51         4.00      0.00      1.00      1.00      1.00      0.00      0.00      0.00      0.00      0.00
07:45:56         4.00      0.00      1.00      1.00      1.00      0.00      0.00      0.00      0.00      0.00
07:46:01         2.40      0.00      0.60      0.60      0.60      0.00      0.00      0.00      0.00      0.00
07:46:06         1.60      0.00      0.40      0.40      0.40      0.00      0.00      0.00      0.00      0.00
07:46:11         4.00      0.00      1.00      1.00      1.00      0.00      0.00      0.00      0.00      0.00
07:46:16         0.80      0.00      0.20      0.20      0.20      0.00      0.00      0.00      0.00      0.00
07:46:21         4.00      0.00      1.00      1.00      1.00      0.00      0.00      0.00      0.00      0.00
07:46:26         4.00      0.00      1.00      1.00      1.00      0.00      0.00      0.00      0.00      0.00
07:46:31         4.80      0.00      1.20      1.20      1.20      0.00      0.00      0.00      0.00      0.00
07:46:36         3.20      0.00      0.80      0.80      0.80      0.00      0.00      0.00      0.00      0.00
07:46:41         3.20      0.00      0.80      0.80      0.80      0.00      0.00      0.00      0.00      0.00
07:46:46         4.80      0.00      1.20      1.20      1.20      0.00      0.00      0.00      0.00      0.00
07:46:51         4.00      0.00      1.00      1.00      1.00      0.00      0.00      0.00      0.00      0.00
07:46:56         1.60      0.00      0.40      0.40      0.40      0.00      0.00      0.00      0.00      0.00
07:47:01         4.00      0.00      1.00      1.00      1.00      0.00      0.00      0.00      0.00      0.00
07:47:06         0.80      0.00      0.20      0.20      0.20      0.00      0.00      0.00      0.00      0.00
07:47:11         2.40      0.00      0.60      0.60      0.60      0.00      0.00      0.00      0.00      0.00
07:47:16         4.00      0.00      1.00      1.00      1.00      0.00      0.00      0.00      0.00      0.00
07:47:21         4.00      0.00      1.00      1.00      1.00      0.00      0.00      0.00      0.00      0.00
07:47:26         4.00      0.00      1.00      1.00      1.00      0.00      0.00      0.00      0.00      0.00
07:47:31         1.60      0.00      0.40      0.40      0.40      0.00      0.00      0.00      0.00      0.00
07:47:36         0.80      0.00      0.20      0.20      0.20      0.00      0.00      0.00      0.00      0.00
07:47:41         4.00      0.00      1.00      1.00      1.00      0.00      0.00      0.00      0.00      0.00
07:47:46         2.40      0.00      0.60      0.60      0.60      0.00      0.00      0.00      0.00      0.00
07:47:51         4.00      0.00      1.00      1.00      1.00      0.00      0.00      0.00      0.00      0.00
07:47:56         0.80      0.00      0.20      0.20      0.20      0.00      0.00      0.00      0.00      0.00
07:48:01         3.20      0.00      0.80      0.80      0.80      0.00      0.00      0.00      0.00      0.00
07:48:06         3.20      0.00      0.80      0.80      0.80      0.00      0.00      0.00      0.00      0.00
07:48:11         3.20      0.00      0.80      0.80      0.80      0.00      0.00      0.00      0.00      0.00
07:48:16         4.00      0.00      1.00      1.00      1.00      0.00      0.00      0.00      0.00      0.00
07:48:21         4.00      0.00      1.00      1.00      1.00      0.00      0.00      0.00      0.00      0.00
07:48:26         2.40      0.00      0.60      0.60      0.60      0.00      0.00      0.00      0.00      0.00
07:48:31         3.20      0.00      0.80      0.80      0.80      0.00      0.00      0.00      0.00      0.00
07:48:36         4.80      0.00      1.20      1.20      1.20      0.00      0.00      0.00      0.00      0.00
07:48:41         4.80      0.00      1.20      1.20      1.20      0.00      0.00      0.00      0.00      0.00
07:48:46         2.40      0.00      0.60      0.60      0.60      0.00      0.00      0.00      0.00      0.00
07:48:51         4.00      0.00      1.00      1.00      1.00      0.00      0.00      0.00      0.00      0.00
07:48:56         2.40      0.00      0.60      0.60      0.60      0.00      0.00      0.00      0.00      0.00
07:49:01         4.00      0.00      1.00      1.00      1.00      0.00      0.00      0.00      0.00      0.00
07:49:06         3.20      0.00      0.80      0.80      0.80      0.00      0.00      0.00      0.00      0.00
07:49:11         3.20      0.00      0.80      0.80      0.80      0.00      0.00      0.00      0.00      0.00
07:49:16         4.00      0.00      1.00      1.00      1.00      0.00      0.00      0.00      0.00      0.00
07:49:21         3.20      0.00      0.80      0.80      0.80      0.00      0.00      0.00      0.00      0.00
07:49:26         4.80      0.00      1.20      1.20      1.20      0.00      0.00      0.00      0.00      0.00
07:49:31         3.20      0.00      0.80      0.80      0.80      0.00      0.00      0.00      0.00      0.00
07:49:36         3.20      0.00      0.80      0.80      0.80      0.00      0.00      0.00      0.00      0.00
07:49:41         4.00      0.00      1.00      1.00      1.00      0.00      0.00      0.00      0.00      0.00
07:49:46         0.00      0.00      0.00      0.00      0.00      0.00      0.00      0.00      0.00      0.00
07:49:51         1.60      0.00      0.40      0.40      0.40      0.00      0.00      0.00      0.00      0.00
07:49:56         1.60      0.00      0.40      0.40      0.40      0.00      0.00      0.00      0.00      0.00
07:50:01         3.20      0.00      0.80      0.80      0.80      0.00      0.00      0.00      0.00      0.00
07:50:06         4.00      0.00      1.00      1.00      1.00      0.00      0.00      0.00      0.00      0.00
07:50:11         4.00      0.00      1.00      1.00      1.00      0.00      0.00      0.00      0.00      0.00
07:50:16         1.60      0.00      0.40      0.40      0.40      0.00      0.00      0.00      0.00      0.00
07:50:21         2.40      0.00      0.60      0.60      0.60      0.00      0.00      0.00      0.00      0.00
07:50:26         0.00      0.00      0.00      0.00      0.00      0.00      0.00      0.00      0.00      0.00
07:50:31         4.00      0.00      1.00      1.00      1.00      0.00      0.00      0.00      0.00      0.00
07:50:36         4.00      0.00      1.00      1.00      1.00      0.00      0.00      0.00      0.00      0.00
07:50:41         3.20      0.00      0.80      0.80      0.80      0.00      0.00      0.00      0.00      0.00
07:50:46         4.00      0.00      1.00      1.00      1.00      0.00      0.00      0.00      0.00      0.00
07:50:51         4.00      0.00      1.00      1.00      1.00      0.00      0.00      0.00      0.00      0.00
07:50:56         1.60      0.00      0.40      0.40      0.40      0.00      0.00      0.00      0.00      0.00
07:51:01         0.80      0.00      0.20      0.20      0.20      0.00      0.00      0.00      0.00      0.00
07:51:06         0.00      0.00      0.00      0.00      0.00      0.00      0.00      0.00      0.00      0.00
07:51:11         1.60      0.00      0.40      0.40      0.40      0.00      0.00      0.00      0.00      0.00
07:51:16         3.20      0.00      0.80      0.80      0.80      0.00      0.00      0.00      0.00      0.00
07:51:21         2.40      0.00      0.60      0.60      0.60      0.00      0.00      0.00      0.00      0.00
07:51:26         4.00      0.00      1.00      1.00      1.00      0.00      0.00      0.00      0.00      0.00
07:51:31         4.00      0.00      1.00      1.00      1.00      0.00      0.00      0.00      0.00      0.00
07:51:36         3.20      0.00      0.80      0.80      0.80      0.00      0.00      0.00      0.00      0.00
07:51:41         3.20      0.00      0.80      0.80      0.80      0.00      0.00      0.00      0.00      0.00
07:51:46         1.60      0.00      0.40      0.40      0.40      0.00      0.00      0.00      0.00      0.00
07:51:51         1.60      0.00      0.40      0.40      0.40      0.00      0.00      0.00      0.00      0.00
07:51:56         1.60      0.00      0.40      0.40      0.40      0.00      0.00      0.00      0.00      0.00
07:52:01         4.00      0.00      1.00      1.00      1.00      0.00      0.00      0.00      0.00      0.00
07:52:06         0.80      0.00      0.20      0.20      0.20      0.00      0.00      0.00      0.00      0.00
07:52:11         4.00      0.00      1.00      1.00      1.00      0.00      0.00      0.00      0.00      0.00
07:52:16         4.00      0.00      1.00      1.00      1.00      0.00      0.00      0.00      0.00      0.00
07:52:21         2.40      0.00      0.60      0.60      0.60      0.00      0.00      0.00      0.00      0.00
07:52:26         3.20      0.00      0.80      0.80      0.80      0.00      0.00      0.00      0.00      0.00
07:52:31         2.40      0.00      0.60      0.60      0.60      0.00      0.00      0.00      0.00      0.00
07:52:36         0.80      0.00      0.20      0.20      0.20      0.00      0.00      0.00      0.00      0.00
07:52:41         4.80      0.00      1.20      1.20      1.20      0.00      0.00      0.00      0.00      0.00
07:52:46         2.40      0.00      0.60      0.60      0.60      0.00      0.00      0.00      0.00      0.00
07:52:51      7773.60   1155.20   1943.60   1943.60    282.20    294.40      0.00    563.20      0.00      0.00
07:52:56    572024.00 570572.00 143019.80 143006.00 142649.80 140339.20   2304.00 285283.20      0.00      0.00
07:53:01    135590.40 141315.20  34031.00  33898.20  35343.40  54199.00  20304.80  70678.80      0.00      0.00
07:53:06         2.40      0.00      1.00      0.60      0.60      0.00      0.00      0.00      0.00      0.00
07:53:11         3.20      0.00      0.80      0.80      0.80      0.00      0.00      0.00      0.00      0.00
07:53:16         0.00      0.00      0.00      0.00      0.00      0.00      0.00      0.00      0.00      0.00
07:53:21         4.00      0.00      1.00      1.00      1.00      0.00      0.00      0.00      0.00      0.00
07:53:26         1.60      0.00      0.40      0.40      0.40      0.00      0.00      0.00      0.00      0.00
07:53:31         0.00      0.00      0.00      0.00      0.00      0.00      0.00      0.00      0.00      0.00
07:53:36         0.00      0.00      0.00      0.00      0.00      0.00      0.00      0.00      0.00      0.00
07:53:41         4.00      0.00      1.00      1.00      1.00      0.00      0.00      0.00      0.00      0.00
07:53:46         4.00      0.00      1.00      1.00      1.00      0.00      0.00      0.00      0.00      0.00
07:53:51         3.20      0.00      0.80      0.80      0.80      0.00      0.00      0.00      0.00      0.00
07:53:56         2.40      0.00      0.60      0.60      0.60      0.00      0.00      0.00      0.00      0.00
07:54:01         3.20      0.00      0.80      0.80      0.80      0.00      0.00      0.00      0.00      0.00
07:54:06         2.40      0.00      0.60      0.60      0.60      0.00      0.00      0.00      0.00      0.00
07:54:11         3.20      0.00      0.80      0.80      0.80      0.00      0.00      0.00      0.00      0.00
07:54:16         3.20      0.00      0.80      0.80      0.80      0.00      0.00      0.00      0.00      0.00
07:54:21         2.40      0.00      0.60      0.60      0.60      0.00      0.00      0.00      0.00      0.00
07:54:26    248806.40 252960.80  63042.80  62201.80  63350.20 120769.20  54798.20 126486.40      0.00      0.00
07:54:31         3.20      0.00      0.80      0.80      0.80      0.00      0.00      0.00      0.00      0.00
07:54:36         4.00      0.00      1.00      1.00      1.00      0.00      0.00      0.00      0.00      0.00
07:54:41         4.00      0.00      1.00      1.00      1.00      0.00      0.00      0.00      0.00      0.00
07:54:46         3.20      0.00      0.80      0.80      0.80      0.00      0.00      0.00      0.00      0.00
07:54:51         2.40      0.00      0.60      0.60      0.60      0.00      0.00      0.00      0.00      0.00
07:54:56         0.00      0.00      0.00      0.00      0.00      0.00      0.00      0.00      0.00      0.00
07:55:01         2.40      0.00      0.60      0.60      0.60      0.00      0.00      0.00      0.00      0.00
07:55:06         2.40      0.00      0.60      0.60      0.60      0.00      0.00      0.00      0.00      0.00
07:55:11         1.60      0.00      0.40      0.40      0.40      0.00      0.00      0.00      0.00      0.00
07:55:16         2.40      0.00      0.60      0.60      0.60      0.00      0.00      0.00      0.00      0.00
07:55:21         1.60      0.00      0.40      0.40      0.40      0.00      0.00      0.00      0.00      0.00
07:55:26         1.60      0.00      0.40      0.40      0.40      0.00      0.00      0.00      0.00      0.00
07:55:31         2.40      0.00      0.60      0.60      0.60      0.00      0.00      0.00      0.00      0.00
07:55:36         3.20      0.00      0.80      0.80      0.80      0.00      0.00      0.00      0.00      0.00
07:55:41         2.40      0.00      0.60      0.60      0.60      0.00      0.00      0.00      0.00      0.00
07:55:46         3.20      0.00      0.80      0.80      0.80      0.00      0.00      0.00      0.00      0.00
07:55:51         4.00      0.00      1.00      1.00      1.00      0.00      0.00      0.00      0.00      0.00
07:55:56         3.20      0.00      0.80      0.80      0.80      0.00      0.00      0.00      0.00      0.00
07:56:01         3.20      0.00      0.80      0.80      0.80      0.00      0.00      0.00      0.00      0.00
07:56:06         4.80      0.00      1.20      1.20      1.20      0.00      0.00      0.00      0.00      0.00
07:56:11         2.40      0.00      0.60      0.60      0.60      0.00      0.00      0.00      0.00      0.00
07:56:16         4.80      0.00      1.20      1.20      1.20      0.00      0.00      0.00      0.00      0.00
07:56:21         3.20      0.00      0.80      0.80      0.80      0.00      0.00      0.00      0.00      0.00
07:56:26         2.40      0.00      0.60      0.60      0.60      0.00      0.00      0.00      0.00      0.00
07:56:31         2.40      0.00      0.60      0.60      0.60      0.00      0.00      0.00      0.00      0.00
07:56:36         3.20      0.00      0.80      0.80      0.80      0.00      0.00      0.00      0.00      0.00
07:56:41         3.20      0.00      0.80      0.80      0.80      0.00      0.00      0.00      0.00      0.00
07:56:46         1.60      0.00      0.40      0.40      0.40      0.00      0.00      0.00      0.00      0.00
07:56:51         0.80      0.00      0.20      0.20      0.20      0.00      0.00      0.00      0.00      0.00
07:56:56         2.40      0.00      0.60      0.60      0.60      0.00      0.00      0.00      0.00      0.00
07:57:01         2.40      0.00      0.60      0.60      0.60      0.00      0.00      0.00      0.00      0.00
07:57:06         1.60      0.00      0.40      0.40      0.40      0.00      0.00      0.00      0.00      0.00
07:57:11         2.40      0.00      0.60      0.60      0.60      0.00      0.00      0.00      0.00      0.00
07:57:16         1.60      0.00      0.40      0.40      0.40      0.00      0.00      0.00      0.00      0.00
07:57:21         3.20      0.00      0.80      0.80      0.80      0.00      0.00      0.00      0.00      0.00
07:57:26    159568.80 158176.80  41055.00  39893.80  39554.20  57628.20  14657.20  79098.00      0.00      0.00
07:57:31         0.80      0.00      1.00      0.20      0.20      0.00      0.00      0.00      0.00      0.00
07:57:36         4.00      0.00      1.00      1.00      1.00      0.00      0.00      0.00      0.00      0.00
07:57:41         2.40      0.00      0.60      0.60      0.60      0.00      0.00      0.00      0.00      0.00
07:57:46         3.20      0.00      0.80      0.80      0.80      0.00      0.00      0.00      0.00      0.00
07:57:51         3.20      0.00      0.80      0.80      0.80      0.00      0.00      0.00      0.00      0.00
07:57:56         3.20      0.00      0.80      0.80      0.80      0.00      0.00      0.00      0.00      0.00
07:58:01         2.40      0.00      0.60      0.60      0.60      0.00      0.00      0.00      0.00      0.00
07:58:06         1.60      0.00      0.40      0.40      0.40      0.00      0.00      0.00      0.00      0.00
07:58:11         3.20      0.00      0.80      0.80      0.80      0.00      0.00      0.00      0.00      0.00
07:58:16         4.00      0.00      1.00      1.00      1.00      0.00      0.00      0.00      0.00      0.00
07:58:21         3.20      0.00      0.80      0.80      0.80      0.00      0.00      0.00      0.00      0.00
07:58:26         2.40      0.00      0.60      0.60      0.60      0.00      0.00      0.00      0.00      0.00
07:58:31         3.20      0.00      0.80      0.80      0.80      0.00      0.00      0.00      0.00      0.00
07:58:36         3.20      0.00      0.80      0.80      0.80      0.00      0.00      0.00      0.00      0.00
07:58:41         3.20      0.00      0.80      0.80      0.80      0.00      0.00      0.00      0.00      0.00
07:58:46         4.00      0.00      1.00      1.00      1.00      0.00      0.00      0.00      0.00      0.00
07:58:51         3.20      0.00      0.80      0.80      0.80      0.00      0.00      0.00      0.00      0.00
07:58:56         3.20      0.00      0.80      0.80      0.80      0.00      0.00      0.00      0.00      0.00
07:59:01         4.80      0.00      1.20      1.20      1.20      0.00      0.00      0.00      0.00      0.00
07:59:06         3.20      0.00      0.80      0.80      0.80      0.00      0.00      0.00      0.00      0.00
07:59:11         3.20      0.00      0.80      0.80      0.80      0.00      0.00      0.00      0.00      0.00
07:59:16         4.00      0.00      1.00      1.00      1.00      0.00      0.00      0.00      0.00      0.00
07:59:21         3.20      0.00      0.80      0.80      0.80      0.00      0.00      0.00      0.00      0.00
07:59:26         4.00      0.00      1.00      1.00      1.00      0.00      0.00      0.00      0.00      0.00
07:59:31         4.00      0.00      1.00      1.00      1.00      0.00      0.00      0.00      0.00      0.00
07:59:36         0.00      0.00      0.00      0.00      0.00      0.00      0.00      0.00      0.00      0.00
07:59:41         1.60      0.00      0.40      0.40      0.40      0.00      0.00      0.00      0.00      0.00
07:59:46         4.00      0.00      1.00      1.00      1.00      0.00      0.00      0.00      0.00      0.00
07:59:51         3.20      0.00      0.80      0.80      0.80      0.00      0.00      0.00      0.00      0.00
07:59:56         3.20      0.00      0.80      0.80      0.80      0.00      0.00      0.00      0.00      0.00
08:00:01         1.60      0.00      0.40      0.40      0.40      0.00      0.00      0.00      0.00      0.00
08:00:06         2.40      0.00      0.60      0.60      0.60      0.00      0.00      0.00      0.00      0.00
08:00:11         3.20      0.00      0.80      0.80      0.80      0.00      0.00      0.00      0.00      0.00
08:00:16         4.00      0.00      1.00      1.00      1.00      0.00      0.00      0.00      0.00      0.00
08:00:21         3.20      0.00      0.80      0.80      0.80      0.00      0.00      0.00      0.00      0.00
08:00:26         3.20      0.00      0.80      0.80      0.80      0.00      0.00      0.00      0.00      0.00
08:00:31         4.00      0.00      1.20      1.00      1.00      0.00      0.00      0.00      0.00      0.00
08:00:36         3.20      0.00      0.80      0.80      0.80      0.00      0.00      0.00      0.00      0.00
08:00:41         4.00      0.00      1.00      1.00      1.00      0.00      0.00      0.00      0.00      0.00
08:00:46         3.20      0.00      0.80      0.80      0.80      0.00      0.00      0.00      0.00      0.00
08:00:51         4.80      0.00      1.20      1.20      1.20      0.00      0.00      0.00      0.00      0.00
08:00:56         3.20      0.00      0.80      0.80      0.80      0.00      0.00      0.00      0.00      0.00
08:01:01         3.20      0.00      0.80      0.80      0.80      0.00      0.00      0.00      0.00      0.00
08:01:06         3.20      0.00      0.80      0.80      0.80      0.00      0.00      0.00      0.00      0.00
08:01:11         4.00      0.00      1.00      1.00      1.00      0.00      0.00      0.00      0.00      0.00
08:01:16         4.00      0.00      1.00      1.00      1.00      0.00      0.00      0.00      0.00      0.00
08:01:21         1.60      0.00      0.40      0.40      0.40      0.00      0.00      0.00      0.00      0.00
08:01:26         3.20      0.00      0.80      0.80      0.80      0.00      0.00      0.00      0.00      0.00
08:01:31         2.40      0.00      0.60      0.60      0.60      0.00      0.00      0.00      0.00      0.00
08:01:36         4.80      0.00      1.20      1.20      1.20      0.00      0.00      0.00      0.00      0.00
08:01:41         2.40      0.00      0.60      0.60      0.60      0.00      0.00      0.00      0.00      0.00
08:01:46         4.00      0.00      1.00      1.00      1.00      0.00      0.00      0.00      0.00      0.00
08:01:51         2.40      0.00      0.60      0.60      0.60      0.00      0.00      0.00      0.00      0.00
08:01:56         2.40      0.00      0.60      0.60      0.60      0.00      0.00      0.00      0.00      0.00
08:02:01         3.20      0.00      0.80      0.80      0.80      0.00      0.00      0.00      0.00      0.00
08:02:06         2.40      0.00      0.60      0.60      0.60      0.00      0.00      0.00      0.00      0.00
08:02:11         2.40      0.00      0.60      0.60      0.60      0.00      0.00      0.00      0.00      0.00
08:02:16         2.40      0.00      0.60      0.60      0.60      0.00      0.00      0.00      0.00      0.00
08:02:21         3.20      0.00      0.80      0.80      0.80      0.00      0.00      0.00      0.00      0.00
08:02:26         0.80      0.00      0.20      0.20      0.20      0.00      0.00      0.00      0.00      0.00
08:02:31         3.20      0.00      0.80      0.80      0.80      0.00      0.00      0.00      0.00      0.00
08:02:36         2.40      0.00      0.60      0.60      0.60      0.00      0.00      0.00      0.00      0.00
08:02:41         1.60      0.00      0.40      0.40      0.40      0.00      0.00      0.00      0.00      0.00
08:02:46         4.00      0.00      1.00      1.00      1.00      0.00      0.00      0.00      0.00      0.00
08:02:51         2.40      0.00      0.60      0.60      0.60      0.00      0.00      0.00      0.00      0.00
08:02:56         3.20      0.00      0.80      0.80      0.80      0.00      0.00      0.00      0.00      0.00
08:03:01         3.20      0.00      0.80      0.80      0.80      0.00      0.00      0.00      0.00      0.00
08:03:06         4.00      0.00      1.00      1.00      1.00      0.00      0.00      0.00      0.00      0.00
08:03:11         2.40      0.00      0.60      0.60      0.60      0.00      0.00      0.00      0.00      0.00
08:03:16         1.60      0.00      0.40      0.40      0.40      0.00      0.00      0.00      0.00      0.00
08:03:21         3.20      0.00      0.80      0.80      0.80      0.00      0.00      0.00      0.00      0.00
08:03:26         4.00      0.00      1.00      1.00      1.00      0.00      0.00      0.00      0.00      0.00
08:03:31         0.80      0.00      0.20      0.20      0.20      0.00      0.00      0.00      0.00      0.00
08:03:36         2.40      0.00      0.60      0.60      0.60      0.00      0.00      0.00      0.00      0.00
08:03:41         1.60      0.00      0.40      0.40      0.40      0.00      0.00      0.00      0.00      0.00
08:03:46         1.60      0.00      0.40      0.40      0.40      0.00      0.00      0.00      0.00      0.00
08:03:51         1.60      0.00      0.40      0.40      0.40      0.00      0.00      0.00      0.00      0.00
08:03:56         1.60      0.00      0.40      0.40      0.40      0.00      0.00      0.00      0.00      0.00
08:04:01         3.20      0.00      0.80      0.80      0.80      0.00      0.00      0.00      0.00      0.00
08:04:06         1.60      0.00      0.40      0.40      0.40      0.00      0.00      0.00      0.00      0.00
08:04:11         3.20      0.00      0.80      0.80      0.80      0.00      0.00      0.00      0.00      0.00
08:04:16         2.40      0.00      0.60      0.60      0.60      0.00      0.00      0.00      0.00      0.00
08:04:21         3.20      0.00      0.80      0.80      0.80      0.00      0.00      0.00      0.00      0.00
08:04:26         4.00      0.00      1.00      1.00      1.00      0.00      0.00      0.00      0.00      0.00
08:04:31         2.40      0.00      0.60      0.60      0.60      0.00      0.00      0.00      0.00      0.00
08:04:36         1.60      0.00      0.40      0.40      0.40      0.00      0.00      0.00      0.00      0.00
08:04:41         1.60      0.00      0.40      0.40      0.40      0.00      0.00      0.00      0.00      0.00
08:04:46         0.80      0.00      0.20      0.20      0.20      0.00      0.00      0.00      0.00      0.00
08:04:51         3.20      0.00      0.80      0.80      0.80      0.00      0.00      0.00      0.00      0.00
08:04:56         0.00      0.00      0.00      0.00      0.00      0.00      0.00      0.00      0.00      0.00
08:05:01         0.80      0.00      0.20      0.20      0.20      0.00      0.00      0.00      0.00      0.00
08:05:06         3.20      0.00      0.80      0.80      0.80      0.00      0.00      0.00      0.00      0.00
08:05:11         3.20      0.00      0.80      0.80      0.80      0.00      0.00      0.00      0.00      0.00
08:05:16         2.40      0.00      0.60      0.60      0.60      0.00      0.00      0.00      0.00      0.00
08:05:21         0.80      0.00      0.20      0.20      0.20      0.00      0.00      0.00      0.00      0.00
08:05:26         3.20      0.00      0.80      0.80      0.80      0.00      0.00      0.00      0.00      0.00
08:05:31         3.20      0.00      0.80      0.80      0.80      0.00      0.00      0.00      0.00      0.00
08:05:36         0.80      0.00      0.20      0.20      0.20      0.00      0.00      0.00      0.00      0.00
08:05:41         3.20      0.00      0.80      0.80      0.80      0.00      0.00      0.00      0.00      0.00
08:05:46         4.00      0.00      1.00      1.00      1.00      0.00      0.00      0.00      0.00      0.00
08:05:51         1.60      0.00      0.40      0.40      0.40      0.00      0.00      0.00      0.00      0.00
08:05:56         4.80      0.00      1.20      1.20      1.20      0.00      0.00      0.00      0.00      0.00
08:06:01         0.80      0.00      0.20      0.20      0.20      0.00      0.00      0.00      0.00      0.00
08:06:06         0.80      0.00      0.20      0.20      0.20      0.00      0.00      0.00      0.00      0.00
08:06:11         2.40      0.00      0.60      0.60      0.60      0.00      0.00      0.00      0.00      0.00
08:06:16         1.60      0.00      0.40      0.40      0.40      0.00      0.00      0.00      0.00      0.00
08:06:21         2.40      0.00      0.60      0.60      0.60      0.00      0.00      0.00      0.00      0.00
08:06:26         4.80      0.00      1.20      1.20      1.20      0.00      0.00      0.00      0.00      0.00
08:06:31         2.40      0.00      0.60      0.60      0.60      0.00      0.00      0.00      0.00      0.00
08:06:36         0.00      0.00      0.00      0.00      0.00      0.00      0.00      0.00      0.00      0.00
08:06:41         1.60      0.00      0.40      0.40      0.40      0.00      0.00      0.00      0.00      0.00
08:06:46         2.40      0.00      0.60      0.60      0.60      0.00      0.00      0.00      0.00      0.00
08:06:51         0.00      0.00      0.00      0.00      0.00      0.00      0.00      0.00      0.00      0.00
08:06:56         2.40      0.00      0.60      0.60      0.60      0.00      0.00      0.00      0.00      0.00
08:07:01         3.20      0.00      1.00      0.80      0.80      0.00      0.00      0.00      0.00      0.00
08:07:06         3.20      0.00      0.80      0.80      0.80      0.00      0.00      0.00      0.00      0.00
08:07:11         0.80      0.00      0.20      0.20      0.20      0.00      0.00      0.00      0.00      0.00
08:07:16         3.20      0.00      0.80      0.80      0.80      0.00      0.00      0.00      0.00      0.00
08:07:21         1.60      0.00      0.40      0.40      0.40      0.00      0.00      0.00      0.00      0.00
08:07:26         2.40      0.00      0.60      0.60      0.60      0.00      0.00      0.00      0.00      0.00
08:07:31         2.40      0.00      0.60      0.60      0.60      0.00      0.00      0.00      0.00      0.00
08:07:36       100.80      0.00     40.80     30.80     49.60      0.00      0.00      0.00      0.00      0.00
Average:      3216.56   3356.82   1982.81    804.17    843.96   1393.14    611.38   1683.86      0.00      0.00
