Linux 7.2.0-rc5-virtme (virtme-ng) 	08/02/26 	_x86_64_	(4 CPU)

07:07:36     %smem-10  %smem-60 %smem-300     %smem  %fmem-10  %fmem-60 %fmem-300     %fmem
07:07:41         0.00      0.00      0.00      0.00      0.00      0.00      0.00      0.00
07:07:46         0.00      0.00      0.00      0.00      0.00      0.00      0.00      0.00
07:07:51         0.00      0.00      0.00      0.00      0.00      0.00      0.00      0.00
07:07:56         0.00      0.00      0.00      0.00      0.00      0.00      0.00      0.00
07:08:01         0.00      0.00      0.00      0.00      0.00      0.00      0.00      0.00
07:08:06         0.00      0.00      0.00      0.00      0.00      0.00      0.00      0.00
07:08:11         0.00      0.00      0.00      0.00      0.00      0.00      0.00      0.00
07:08:16         0.00      0.00      0.00      0.00      0.00      0.00      0.00      0.00
07:08:21         0.00      0.00      0.00      0.00      0.00      0.00      0.00      0.00
07:08:26         0.00      0.00      0.00      0.00      0.00      0.00      0.00      0.00
07:08:31         0.00      0.00      0.00      0.00      0.00      0.00      0.00      0.00
07:08:36         0.00      0.00      0.00      0.00      0.00      0.00      0.00      0.00
07:08:41         0.00      0.00      0.00      0.00      0.00      0.00      0.00      0.00
07:08:46         0.00      0.00      0.00      0.00      0.00      0.00      0.00      0.00
07:08:51         0.00      0.00      0.00      0.00      0.00      0.00      0.00      0.00
07:08:56         0.00      0.00      0.00      0.00      0.00      0.00      0.00      0.00
07:09:01         0.00      0.00      0.00      0.00      0.00      0.00      0.00      0.00
07:09:06         0.00      0.00      0.00      0.00      0.00      0.00      0.00      0.00
07:09:11         0.00      0.00      0.00      0.00      0.00      0.00      0.00      0.00
07:09:16         0.00      0.00      0.00      0.00      0.00      0.00      0.00      0.00
07:09:21         0.00      0.00      0.00      0.00      0.00      0.00      0.00      0.00
07:09:26         0.00      0.00      0.00      0.00      0.00      0.00      0.00      0.00
07:09:31         0.00      0.00      0.00      0.00      0.00      0.00      0.00      0.00
07:09:36         0.00      0.00      0.00      0.00      0.00      0.00      0.00      0.00
07:09:41         0.00      0.00      0.00      0.00      0.00      0.00      0.00      0.00
07:09:46         0.00      0.00      0.00      0.00      0.00      0.00      0.00      0.00
07:09:51         0.00      0.00      0.00      0.00      0.00      0.00      0.00      0.00
07:09:56         0.00      0.00      0.00      0.00      0.00      0.00      0.00      0.00
07:10:01         0.00      0.00      0.00      0.00      0.00      0.00      0.00      0.00
07:10:06         0.00      0.00      0.00      0.00      0.00      0.00      0.00      0.00
07:10:11         0.00      0.00      0.00      0.00      0.00      0.00      0.00      0.00
07:10:16         0.00      0.00      0.00      0.00      0.00      0.00      0.00      0.00
07:10:21         0.00      0.00      0.00      0.00      0.00      0.00      0.00      0.00
07:10:26         0.00      0.00      0.00      0.00      0.00      0.00      0.00      0.00
07:10:31         0.00      0.00      0.00      0.00      0.00      0.00      0.00      0.00
07:10:36         0.00      0.00      0.00      0.00      0.00      0.00      0.00      0.00
07:10:41         0.00      0.00      0.00      0.00      0.00      0.00      0.00      0.00
07:10:46         0.00      0.00      0.00      0.00      0.00      0.00      0.00      0.00
07:10:51         0.00      0.00      0.00      0.00      0.00      0.00      0.00      0.00
07:10:56         0.00      0.00      0.00      0.00      0.00      0.00      0.00      0.00
07:11:01         0.00      0.00      0.00      0.00      0.00      0.00      0.00      0.00
07:11:06         0.00      0.00      0.00      0.00      0.00      0.00      0.00      0.00
07:11:11         0.00      0.00      0.00      0.00      0.00      0.00      0.00      0.00
07:11:16         0.00      0.00      0.00      0.00      0.00      0.00      0.00      0.00
07:11:21         0.00      0.00      0.00      0.00      0.00      0.00      0.00      0.00
07:11:26         0.00      0.00      0.00      0.00      0.00      0.00      0.00      0.00
07:11:31         0.00      0.00      0.00      0.00      0.00      0.00      0.00      0.00
07:11:36         0.00      0.00      0.00      0.00      0.00      0.00      0.00      0.00
07:11:41         0.00      0.00      0.00      0.00      0.00      0.00      0.00      0.00
07:11:46         0.00      0.00      0.00      0.00      0.00      0.00      0.00      0.00
07:11:51         0.00      0.00      0.00      0.00      0.00      0.00      0.00      0.00
07:11:56         0.00      0.00      0.00      0.00      0.00      0.00      0.00      0.00
07:12:01         0.00      0.00      0.00      0.00      0.00      0.00      0.00      0.00
07:12:06         0.00      0.00      0.00      0.00      0.00      0.00      0.00      0.00
07:12:11         6.34      1.14      0.23     15.69      6.34      1.14      0.23     15.68
07:12:16         7.51      1.76      0.38      7.08      7.51      1.76      0.38      7.08
07:12:21         4.12      1.59      0.37      0.00      4.12      1.59      0.37      0.00
07:12:26         2.76      1.49      0.37      0.00      2.76      1.49      0.37      0.00
07:12:31         1.51      1.35      0.36      0.00      1.51      1.35      0.36      0.00
07:12:36         1.01      1.26      0.35      0.00      1.01      1.26      0.35      0.00
07:12:41         0.55      1.14      0.34      0.00      0.55      1.14      0.34      0.00
07:12:46         0.37      1.07      0.34      0.00      0.37      1.07      0.34      0.00
07:12:51         0.20      0.96      0.33      0.00      0.20      0.96      0.33      0.00
07:12:56         0.13      0.90      0.33      0.00      0.13      0.90      0.33      0.00
07:13:01         0.07      0.81      0.32      0.00      0.07      0.81      0.32      0.00
07:13:06         0.04      0.76      0.31      0.00      0.04      0.76      0.31      0.00
07:13:11         0.02      0.69      0.31      0.00      0.02      0.69      0.31      0.00
07:13:16         0.01      0.64      0.30      0.00      0.01      0.64      0.30      0.00
07:13:21         0.00      0.58      0.29      0.00      0.00      0.58      0.29      0.00
07:13:26         0.00      0.54      0.29      0.00      0.00      0.54      0.29      0.00
07:13:31         0.00      0.49      0.28      0.00      0.00      0.49      0.28      0.00
07:13:36         0.00      0.46      0.28      0.00      0.00      0.46      0.28      0.00
07:13:41         0.00      0.41      0.27      0.00      0.00      0.41      0.27      0.00
07:13:46         0.00      0.39      0.27      0.00      0.00      0.39      0.27      0.00
07:13:51         0.00      0.35      0.26      0.00      0.00      0.35      0.26      0.00
07:13:56         0.00      0.32      0.26      0.00      0.00      0.32      0.26      0.00
07:14:01         0.00      0.29      0.25      0.00      0.00      0.29      0.25      0.00
07:14:06         0.00      0.27      0.25      0.00      0.00      0.27      0.25      0.00
07:14:11         0.00      0.25      0.24      0.00      0.00      0.25      0.24      0.00
07:14:16         0.00      0.23      0.24      0.00      0.00      0.23      0.24      0.00
07:14:21         0.00      0.21      0.23      0.00      0.00      0.21      0.23      0.00
07:14:26         0.00      0.19      0.23      0.00      0.00      0.19      0.23      0.00
07:14:31         0.00      0.17      0.22      0.00      0.00      0.17      0.22      0.00
07:14:36         0.00      0.16      0.22      0.00      0.00      0.16      0.22      0.00
07:14:41         0.00      0.14      0.21      0.00      0.00      0.14      0.21      0.00
07:14:46         0.00      0.13      0.21      0.00      0.00      0.13      0.21      0.00
07:14:51         0.00      0.12      0.20      0.00      0.00      0.12      0.20      0.00
07:14:56         0.00      0.11      0.20      0.00      0.00      0.11      0.20      0.00
07:15:01         0.00      0.10      0.20      0.00      0.00      0.10      0.20      0.00
07:15:06         0.00      0.09      0.19      0.00      0.00      0.09      0.19      0.00
07:15:11         0.00      0.08      0.19      0.00      0.00      0.08      0.19      0.00
07:15:16         0.00      0.08      0.19      0.00      0.00      0.08      0.19      0.00
07:15:21         0.00      0.07      0.18      0.00      0.00      0.07      0.18      0.00
07:15:26         0.00      0.06      0.18      0.00      0.00      0.06      0.18      0.00
07:15:31         0.00      0.06      0.18      0.00      0.00      0.06      0.18      0.00
07:15:36         0.00      0.05      0.17      0.00      0.00      0.05      0.17      0.00
07:15:41         0.00      0.05      0.17      0.00      0.00      0.05      0.17      0.00
07:15:46         0.00      0.04      0.17      0.00      0.00      0.04      0.17      0.00
07:15:51         0.00      0.04      0.16      0.00      0.00      0.04      0.16      0.00
07:15:56         0.00      0.03      0.16      0.00      0.00      0.03      0.16      0.00
07:16:01         0.00      0.03      0.15      0.00      0.00      0.03      0.15      0.00
07:16:06         0.00      0.03      0.15      0.00      0.00      0.03      0.15      0.00
07:16:11         0.00      0.02      0.15      0.00      0.00      0.02      0.15      0.00
07:16:16         0.00      0.02      0.14      0.00      0.00      0.02      0.14      0.00
07:16:21         0.00      0.02      0.14      0.00      0.00      0.02      0.14      0.00
07:16:26         0.00      0.02      0.14      0.00      0.00      0.02      0.14      0.00
07:16:31         0.00      0.01      0.13      0.00      0.00      0.01      0.13      0.00
07:16:36         0.00      0.01      0.13      0.00      0.00      0.01      0.13      0.00
07:16:41         0.00      0.01      0.13      0.00      0.00      0.01      0.13      0.00
07:16:46         0.00      0.01      0.13      0.00      0.00      0.01      0.13      0.00
07:16:51         0.00      0.01      0.12      0.00      0.00      0.01      0.12      0.00
07:16:56         0.00      0.01      0.12      0.00      0.00      0.01      0.12      0.00
07:17:01         0.00      0.00      0.12      0.00      0.00      0.00      0.12      0.00
07:17:06         0.00      0.00      0.12      0.00      0.00      0.00      0.12      0.00
07:17:11         0.00      0.00      0.12      0.00      0.00      0.00      0.12      0.00
07:17:16         0.00      0.00      0.11      0.00      0.00      0.00      0.11      0.00
07:17:21         0.00      0.00      0.11      0.00      0.00      0.00      0.11      0.00
07:17:26         0.00      0.00      0.11      0.00      0.00      0.00      0.11      0.00
07:17:31         0.00      0.00      0.11      0.00      0.00      0.00      0.11      0.00
07:17:36         0.00      0.00      0.10      0.00      0.00      0.00      0.10      0.00
07:17:41         0.00      0.00      0.10      0.00      0.00      0.00      0.10      0.00
07:17:46         0.00      0.00      0.10      0.00      0.00      0.00      0.10      0.00
07:17:51         0.00      0.00      0.10      0.00      0.00      0.00      0.10      0.00
07:17:56         0.00      0.00      0.09      0.00      0.00      0.00      0.09      0.00
07:18:01         0.00      0.00      0.09      0.00      0.00      0.00      0.09      0.00
07:18:06         0.00      0.00      0.09      0.00      0.00      0.00      0.09      0.00
07:18:11         0.00      0.00      0.09      0.00      0.00      0.00      0.09      0.00
07:18:16         0.00      0.00      0.08      0.00      0.00      0.00      0.08      0.00
07:18:21         0.00      0.00      0.08      0.00      0.00      0.00      0.08      0.00
07:18:26         0.00      0.00      0.08      0.00      0.00      0.00      0.08      0.00
07:18:31         0.00      0.00      0.08      0.00      0.00      0.00      0.08      0.00
07:18:36         0.00      0.00      0.07      0.00      0.00      0.00      0.07      0.00
07:18:41         0.00      0.00      0.07      0.00      0.00      0.00      0.07      0.00
07:18:46         0.00      0.00      0.07      0.00      0.00      0.00      0.07      0.00
07:18:51         0.00      0.00      0.07      0.00      0.00      0.00      0.07      0.00
07:18:56         0.00      0.00      0.06      0.00      0.00      0.00      0.06      0.00
07:19:01         0.00      0.00      0.06      0.00      0.00      0.00      0.06      0.00
07:19:06         0.00      0.00      0.06      0.00      0.00      0.00      0.06      0.00
07:19:11         0.00      0.00      0.06      0.00      0.00      0.00      0.06      0.00
07:19:16         0.00      0.00      0.06      0.00      0.00      0.00      0.06      0.00
07:19:21         0.00      0.00      0.06      0.00      0.00      0.00      0.06      0.00
07:19:26         0.00      0.00      0.06      0.00      0.00      0.00      0.06      0.00
07:19:31         0.00      0.00      0.06      0.00      0.00      0.00      0.06      0.00
07:19:36         0.00      0.00      0.06      0.00      0.00      0.00      0.06      0.00
07:19:41         0.00      0.00      0.05      0.00      0.00      0.00      0.05      0.00
07:19:46         0.00      0.00      0.05      0.00      0.00      0.00      0.05      0.00
07:19:51         0.00      0.00      0.05      0.00      0.00      0.00      0.05      0.00
07:19:56         0.00      0.00      0.05      0.00      0.00      0.00      0.05      0.00
07:20:01         0.00      0.00      0.05      0.00      0.00      0.00      0.05      0.00
07:20:06         0.00      0.00      0.05      0.00      0.00      0.00      0.05      0.00
07:20:11         0.00      0.00      0.05      0.00      0.00      0.00      0.05      0.00
07:20:16         0.00      0.00      0.05      0.00      0.00      0.00      0.05      0.00
07:20:21         0.00      0.00      0.04      0.00      0.00      0.00      0.04      0.00
07:20:26         0.00      0.00      0.04      0.00      0.00      0.00      0.04      0.00
07:20:31         0.00      0.00      0.04      0.00      0.00      0.00      0.04      0.00
07:20:36         0.00      0.00      0.04      0.00      0.00      0.00      0.04      0.00
07:20:41         0.00      0.00      0.04      0.00      0.00      0.00      0.04      0.00
07:20:46         0.00      0.00      0.04      0.00      0.00      0.00      0.04      0.00
07:20:51         0.00      0.00      0.04      0.00      0.00      0.00      0.04      0.00
07:20:56         0.00      0.00      0.04      0.00      0.00      0.00      0.04      0.00
07:21:01         0.00      0.00      0.03      0.00      0.00      0.00      0.03      0.00
07:21:06         0.00      0.00      0.03      0.00      0.00      0.00      0.03      0.00
07:21:11         0.00      0.00      0.03      0.00      0.00      0.00      0.03      0.00
07:21:16         0.00      0.00      0.03      0.00      0.00      0.00      0.03      0.00
07:21:21         0.00      0.00      0.03      0.00      0.00      0.00      0.03      0.00
07:21:26         0.00      0.00      0.03      0.00      0.00      0.00      0.03      0.00
07:21:31         0.00      0.00      0.03      0.00      0.00      0.00      0.03      0.00
07:21:36         0.00      0.00      0.03      0.00      0.00      0.00      0.03      0.00
07:21:41         0.00      0.00      0.02      0.00      0.00      0.00      0.02      0.00
07:21:46         0.00      0.00      0.02      0.00      0.00      0.00      0.02      0.00
07:21:51         0.00      0.00      0.02      0.00      0.00      0.00      0.02      0.00
07:21:56         0.00      0.00      0.02      0.00      0.00      0.00      0.02      0.00
07:22:01         0.00      0.00      0.02      0.00      0.00      0.00      0.02      0.00
07:22:06         0.00      0.00      0.02      0.00      0.00      0.00      0.02      0.00
07:22:11         0.00      0.00      0.02      0.00      0.00      0.00      0.02      0.00
07:22:16         0.00      0.00      0.02      0.00      0.00      0.00      0.02      0.00
07:22:21         0.00      0.00      0.02      0.00      0.00      0.00      0.02      0.00
07:22:26         0.00      0.00      0.01      0.00      0.00      0.00      0.01      0.00
07:22:31         0.00      0.00      0.01      0.00      0.00      0.00      0.01      0.00
07:22:36         0.00      0.00      0.01      0.00      0.00      0.00      0.01      0.00
07:22:41         0.00      0.00      0.01      0.00      0.00      0.00      0.01      0.00
07:22:46         1.79      0.40      0.10      5.54      1.79      0.40      0.10      5.54
07:22:51         1.20      0.37      0.10      0.00      1.20      0.37      0.10      0.00
07:22:56         0.65      0.34      0.09      0.00      0.65      0.34      0.09      0.00
07:23:01         0.44      0.32      0.09      0.00      0.44      0.32      0.09      0.00
07:23:06         0.24      0.28      0.09      0.00      0.24      0.28      0.09      0.00
07:23:11         0.16      0.27      0.09      0.00      0.16      0.27      0.09      0.00
07:23:16         0.08      0.24      0.08      0.00      0.08      0.24      0.08      0.00
07:23:21         0.05      0.22      0.08      0.00      0.05      0.22      0.08      0.00
07:23:26         0.03      0.20      0.08      0.00      0.03      0.20      0.08      0.00
07:23:31         0.02      0.19      0.08      0.00      0.02      0.19      0.08      0.00
07:23:36         0.01      0.17      0.07      0.00      0.01      0.17      0.07      0.00
07:23:41         0.00      0.16      0.07      0.00      0.00      0.16      0.07      0.00
07:23:46         0.00      0.14      0.07      0.00      0.00      0.14      0.07      0.00
07:23:51         0.00      0.13      0.07      0.00      0.00      0.13      0.07      0.00
07:23:56         0.00      0.12      0.06      0.00      0.00      0.12      0.06      0.00
07:24:01         0.00      0.11      0.06      0.00      0.00      0.11      0.06      0.00
07:24:06         0.00      0.10      0.06      0.00      0.00      0.10      0.06      0.00
07:24:11         0.00      0.09      0.06      0.00      0.00      0.09      0.06      0.00
07:24:16        16.73      3.36      0.76     40.98     16.73      3.36      0.76     40.98
07:24:21        11.22      3.14      0.75      0.00     11.22      3.14      0.75      0.00
07:24:26         6.16      2.84      0.73      0.00      6.16      2.84      0.73      0.00
07:24:31         4.13      2.66      0.72      0.00      4.13      2.66      0.72      0.00
07:24:36         2.26      2.41      0.70      0.00      2.26      2.41      0.70      0.00
07:24:41         1.52      2.25      0.69      0.00      1.52      2.25      0.69      0.00
07:24:46         0.83      2.04      0.68      0.00      0.83      2.04      0.68      0.00
07:24:51         0.55      1.90      0.67      0.00      0.55      1.90      0.67      0.00
07:24:56         0.30      1.72      0.65      0.00      0.30      1.72      0.65      0.00
07:25:01         0.20      1.61      0.64      0.00      0.20      1.61      0.64      0.00
07:25:06         0.11      1.46      0.63      0.00      0.11      1.46      0.63      0.00
07:25:11         0.07      1.36      0.62      0.00      0.07      1.36      0.62      0.00
07:25:16         0.04      1.23      0.61      0.00      0.04      1.23      0.61      0.00
07:25:21         0.02      1.15      0.60      0.00      0.02      1.15      0.60      0.00
07:25:26         0.01      1.04      0.59      0.00      0.01      1.04      0.59      0.00
07:25:31         0.00      0.97      0.58      0.00      0.00      0.97      0.58      0.00
07:25:36         0.00      0.88      0.56      0.00      0.00      0.88      0.56      0.00
07:25:41         0.00      0.82      0.56      0.00      0.00      0.82      0.56      0.00
07:25:46         0.00      0.74      0.54      0.00      0.00      0.74      0.54      0.00
07:25:51         0.00      0.69      0.54      0.00      0.00      0.69      0.54      0.00
07:25:56         0.00      0.63      0.52      0.00      0.00      0.63      0.52      0.00
07:26:01         0.00      0.59      0.52      0.00      0.00      0.59      0.52      0.00
07:26:06         0.00      0.53      0.51      0.00      0.00      0.53      0.51      0.00
07:26:11         0.00      0.49      0.50      0.00      0.00      0.49      0.50      0.00
07:26:16         0.00      0.45      0.49      0.00      0.00      0.45      0.49      0.00
07:26:21         0.00      0.42      0.48      0.00      0.00      0.42      0.48      0.00
07:26:26         0.00      0.37      0.47      0.00      0.00      0.37      0.47      0.00
07:26:31         0.00      0.35      0.46      0.00      0.00      0.35      0.46      0.00
07:26:36         0.00      0.32      0.45      0.00      0.00      0.32      0.45      0.00
07:26:41         0.00      0.29      0.45      0.00      0.00      0.29      0.45      0.00
07:26:46         0.00      0.27      0.44      0.00      0.00      0.27      0.44      0.00
07:26:51         0.00      0.25      0.43      0.00      0.00      0.25      0.43      0.00
07:26:56         0.00      0.22      0.42      0.00      0.00      0.22      0.42      0.00
07:27:01         0.00      0.21      0.41      0.00      0.00      0.21      0.41      0.00
07:27:06         0.00      0.19      0.40      0.00      0.00      0.19      0.40      0.00
07:27:11         0.00      0.17      0.40      0.00      0.00      0.17      0.40      0.00
07:27:16        14.84      3.03      1.00     35.78     14.84      3.03      1.00     35.77
07:27:21         9.95      2.83      0.98      0.00      9.95      2.83      0.98      0.00
07:27:26         5.46      2.56      0.96      0.00      5.46      2.56      0.96      0.00
07:27:31         3.66      2.40      0.95      0.00      3.66      2.40      0.95      0.00
07:27:36         2.01      2.17      0.93      0.00      2.01      2.17      0.93      0.00
07:27:41         1.34      2.03      0.91      0.00      1.34      2.03      0.91      0.00
07:27:46         0.73      1.83      0.90      0.00      0.73      1.83      0.90      0.00
07:27:51         0.49      1.71      0.88      0.00      0.49      1.71      0.88      0.00
07:27:56         0.27      1.55      0.86      0.00      0.27      1.55      0.86      0.00
07:28:01         0.18      1.45      0.85      0.00      0.18      1.45      0.85      0.00
07:28:06         0.09      1.31      0.83      0.00      0.09      1.31      0.83      0.00
07:28:11         0.06      1.22      0.82      0.00      0.06      1.22      0.82      0.00
07:28:16         0.03      1.11      0.80      0.00      0.03      1.11      0.80      0.00
07:28:21         0.02      1.04      0.79      0.00      0.02      1.04      0.79      0.00
07:28:26         0.01      0.94      0.78      0.00      0.01      0.94      0.78      0.00
07:28:31         0.00      0.87      0.76      0.00      0.00      0.87      0.76      0.00
07:28:36         0.00      0.79      0.75      0.00      0.00      0.79      0.75      0.00
07:28:41         0.00      0.74      0.74      0.00      0.00      0.74      0.74      0.00
07:28:46         0.00      0.67      0.72      0.00      0.00      0.67      0.72      0.00
07:28:51         0.00      0.62      0.71      0.00      0.00      0.62      0.71      0.00
07:28:56         0.00      0.56      0.70      0.00      0.00      0.56      0.70      0.00
07:29:01         0.00      0.53      0.69      0.00      0.00      0.53      0.69      0.00
07:29:06         0.00      0.47      0.67      0.00      0.00      0.47      0.67      0.00
07:29:11         0.00      0.44      0.66      0.00      0.00      0.44      0.66      0.00
07:29:16         0.00      0.40      0.65      0.00      0.00      0.40      0.65      0.00
07:29:21         0.00      0.37      0.64      0.00      0.00      0.37      0.64      0.00
07:29:26         0.00      0.34      0.62      0.00      0.00      0.34      0.62      0.00
07:29:31         0.00      0.31      0.62      0.00      0.00      0.31      0.62      0.00
07:29:36         0.00      0.28      0.60      0.00      0.00      0.28      0.60      0.00
07:29:41         0.00      0.26      0.59      0.00      0.00      0.26      0.59      0.00
07:29:46         0.00      0.24      0.58      0.00      0.00      0.24      0.58      0.00
07:29:51         0.00      0.22      0.57      0.00      0.00      0.22      0.57      0.00
07:29:56         0.00      0.20      0.56      0.00      0.00      0.20      0.56      0.00
07:30:01         0.00      0.19      0.55      0.00      0.00      0.19      0.55      0.00
07:30:06         0.00      0.17      0.54      0.00      0.00      0.17      0.54      0.00
07:30:11         0.00      0.16      0.53      0.00      0.00      0.16      0.53      0.00
07:30:16         0.00      0.14      0.52      0.00      0.00      0.14      0.52      0.00
07:30:21         0.00      0.13      0.51      0.00      0.00      0.13      0.51      0.00
07:30:26         0.00      0.12      0.50      0.00      0.00      0.12      0.50      0.00
07:30:31         0.00      0.11      0.49      0.00      0.00      0.11      0.49      0.00
07:30:36         0.00      0.10      0.48      0.00      0.00      0.10      0.48      0.00
07:30:41         0.00      0.09      0.47      0.00      0.00      0.09      0.47      0.00
07:30:46         0.00      0.08      0.46      0.00      0.00      0.08      0.46      0.00
07:30:51         0.00      0.07      0.46      0.00      0.00      0.07      0.46      0.00
07:30:56         0.00      0.07      0.45      0.00      0.00      0.07      0.45      0.00
07:31:01         0.00      0.06      0.44      0.00      0.00      0.06      0.44      0.00
07:31:06         0.00      0.05      0.43      0.00      0.00      0.05      0.43      0.00
07:31:11         0.00      0.05      0.42      0.00      0.00      0.05      0.42      0.00
07:31:16         0.00      0.04      0.41      0.00      0.00      0.04      0.41      0.00
07:31:21         0.00      0.04      0.41      0.00      0.00      0.04      0.41      0.00
07:31:26         0.00      0.04      0.40      0.00      0.00      0.04      0.40      0.00
07:31:31         0.00      0.03      0.39      0.00      0.00      0.03      0.39      0.00
07:31:36         0.00      0.03      0.39      0.00      0.00      0.03      0.39      0.00
07:31:41         0.00      0.02      0.38      0.00      0.00      0.02      0.38      0.00
07:31:46         0.00      0.02      0.37      0.00      0.00      0.02      0.37      0.00
07:31:51         0.00      0.02      0.36      0.00      0.00      0.02      0.36      0.00
07:31:56         0.00      0.02      0.36      0.00      0.00      0.02      0.36      0.00
07:32:01         0.00      0.02      0.35      0.00      0.00      0.02      0.35      0.00
07:32:06         0.00      0.01      0.34      0.00      0.00      0.01      0.34      0.00
07:32:11         0.00      0.01      0.34      0.00      0.00      0.01      0.34      0.00
07:32:16         0.00      0.01      0.33      0.00      0.00      0.01      0.33      0.00
07:32:21         0.00      0.01      0.33      0.00      0.00      0.01      0.33      0.00
07:32:26         0.00      0.01      0.32      0.00      0.00      0.01      0.32      0.00
07:32:31         0.00      0.00      0.31      0.00      0.00      0.00      0.31      0.00
07:32:36         0.00      0.00      0.31      0.00      0.00      0.00      0.31      0.00
07:32:41         0.00      0.00      0.30      0.00      0.00      0.00      0.30      0.00
07:32:46         0.00      0.00      0.29      0.00      0.00      0.00      0.29      0.00
07:32:51         0.00      0.00      0.29      0.00      0.00      0.00      0.29      0.00
07:32:56         0.00      0.00      0.28      0.00      0.00      0.00      0.28      0.00
07:33:01         0.00      0.00      0.28      0.00      0.00      0.00      0.28      0.00
07:33:06         0.00      0.00      0.27      0.00      0.00      0.00      0.27      0.00
07:33:11         0.00      0.00      0.27      0.00      0.00      0.00      0.27      0.00
07:33:16         0.00      0.00      0.26      0.00      0.00      0.00      0.26      0.00
07:33:21         0.00      0.00      0.26      0.00      0.00      0.00      0.26      0.00
07:33:26         0.00      0.00      0.25      0.00      0.00      0.00      0.25      0.00
07:33:31         0.00      0.00      0.25      0.00      0.00      0.00      0.25      0.00
07:33:36         0.00      0.00      0.24      0.00      0.00      0.00      0.24      0.00
07:33:41         0.00      0.00      0.24      0.00      0.00      0.00      0.24      0.00
07:33:46         0.00      0.00      0.23      0.00      0.00      0.00      0.23      0.00
07:33:51         0.00      0.00      0.23      0.00      0.00      0.00      0.23      0.00
07:33:56         0.00      0.00      0.22      0.00      0.00      0.00      0.22      0.00
07:34:01         0.00      0.00      0.22      0.00      0.00      0.00      0.22      0.00
07:34:06         0.00      0.00      0.21      0.00      0.00      0.00      0.21      0.00
07:34:11         0.00      0.00      0.21      0.00      0.00      0.00      0.21      0.00
07:34:16         0.00      0.00      0.20      0.00      0.00      0.00      0.20      0.00
07:34:21         0.00      0.00      0.20      0.00      0.00      0.00      0.20      0.00
07:34:26         0.00      0.00      0.20      0.00      0.00      0.00      0.20      0.00
07:34:31         0.00      0.00      0.19      0.00      0.00      0.00      0.19      0.00
07:34:36         0.00      0.00      0.19      0.00      0.00      0.00      0.19      0.00
07:34:41         0.00      0.00      0.19      0.00      0.00      0.00      0.19      0.00
07:34:46         0.00      0.00      0.18      0.00      0.00      0.00      0.18      0.00
07:34:51         0.00      0.00      0.18      0.00      0.00      0.00      0.18      0.00
07:34:56         0.00      0.00      0.18      0.00      0.00      0.00      0.18      0.00
07:35:01         0.00      0.00      0.17      0.00      0.00      0.00      0.17      0.00
07:35:06         0.00      0.00      0.17      0.00      0.00      0.00      0.17      0.00
07:35:11         0.00      0.00      0.16      0.00      0.00      0.00      0.16      0.00
07:35:16         0.00      0.00      0.16      0.00      0.00      0.00      0.16      0.00
07:35:21         0.00      0.00      0.16      0.00      0.00      0.00      0.16      0.00
07:35:26         0.00      0.00      0.15      0.00      0.00      0.00      0.15      0.00
07:35:31         0.00      0.00      0.15      0.00      0.00      0.00      0.15      0.00
07:35:36         0.00      0.00      0.15      0.00      0.00      0.00      0.15      0.00
07:35:41         0.00      0.00      0.14      0.00      0.00      0.00      0.14      0.00
07:35:46         0.00      0.00      0.14      0.00      0.00      0.00      0.14      0.00
07:35:51         0.00      0.00      0.14      0.00      0.00      0.00      0.14      0.00
07:35:56         0.00      0.00      0.13      0.00      0.00      0.00      0.13      0.00
07:36:01         0.00      0.00      0.13      0.00      0.00      0.00      0.13      0.00
07:36:06         0.00      0.00      0.13      0.00      0.00      0.00      0.13      0.00
07:36:11         0.00      0.00      0.13      0.00      0.00      0.00      0.13      0.00
07:36:16         0.00      0.00      0.12      0.00      0.00      0.00      0.12      0.00
07:36:21         0.00      0.00      0.12      0.00      0.00      0.00      0.12      0.00
07:36:26         0.00      0.00      0.12      0.00      0.00      0.00      0.12      0.00
07:36:31         0.00      0.00      0.12      0.00      0.00      0.00      0.12      0.00
07:36:36         0.00      0.00      0.11      0.00      0.00      0.00      0.11      0.00
07:36:41         0.00      0.00      0.11      0.00      0.00      0.00      0.11      0.00
07:36:46         0.00      0.00      0.11      0.00      0.00      0.00      0.11      0.00
07:36:51         0.00      0.00      0.11      0.00      0.00      0.00      0.11      0.00
07:36:56         0.00      0.00      0.10      0.00      0.00      0.00      0.10      0.00
07:37:01         0.00      0.00      0.10      0.00      0.00      0.00      0.10      0.00
07:37:06         0.00      0.00      0.10      0.00      0.00      0.00      0.10      0.00
07:37:11         0.00      0.00      0.10      0.00      0.00      0.00      0.10      0.00
07:37:16         0.00      0.00      0.09      0.00      0.00      0.00      0.09      0.00
07:37:21         0.00      0.00      0.09      0.00      0.00      0.00      0.09      0.00
07:37:26         0.00      0.00      0.09      0.00      0.00      0.00      0.09      0.00
07:37:31         0.00      0.00      0.09      0.00      0.00      0.00      0.09      0.00
07:37:36         0.00      0.00      0.08      0.00      0.00      0.00      0.08      0.00
07:37:41         0.00      0.00      0.08      0.00      0.00      0.00      0.08      0.00
07:37:46         0.00      0.00      0.08      0.08      0.00      0.00      0.08      0.08
07:37:51         4.44      0.94      0.28     12.01      4.44      0.94      0.28     12.01
07:37:56         2.44      0.85      0.28      0.00      2.44      0.85      0.28      0.00
07:38:01         1.63      0.80      0.27      0.00      1.63      0.80      0.27      0.00
07:38:06         0.89      0.72      0.27      0.00      0.89      0.72      0.27      0.00
07:38:11         0.60      0.67      0.26      0.00      0.60      0.67      0.26      0.00
07:38:16         0.33      0.61      0.26      0.00      0.33      0.61      0.26      0.00
07:38:21         0.22      0.57      0.25      0.00      0.22      0.57      0.25      0.00
07:38:26         0.12      0.51      0.25      0.00      0.12      0.51      0.25      0.00
07:38:31         0.08      0.48      0.24      0.00      0.08      0.48      0.24      0.00
07:38:36         0.04      0.43      0.24      0.00      0.04      0.43      0.24      0.00
07:38:41         0.02      0.40      0.23      0.00      0.02      0.40      0.23      0.00
07:38:46         0.01      0.36      0.23      0.00      0.01      0.36      0.23      0.00
07:38:51         0.00      0.34      0.22      0.00      0.00      0.34      0.22      0.00
07:38:56         0.00      0.31      0.22      0.00      0.00      0.31      0.22      0.00
07:39:01         0.00      0.29      0.21      0.00      0.00      0.29      0.21      0.00
07:39:06         0.00      0.26      0.21      0.00      0.00      0.26      0.21      0.00
07:39:11         0.00      0.24      0.20      0.00      0.00      0.24      0.20      0.00
07:39:16         0.00      0.22      0.20      0.00      0.00      0.22      0.20      0.00
07:39:21        17.26      3.55      0.91     41.69     17.26      3.55      0.91     41.69
07:39:26         9.47      3.21      0.89      0.00      9.47      3.21      0.89      0.00
07:39:31         6.35      3.01      0.87      0.00      6.35      3.01      0.87      0.00
07:39:36         3.48      2.72      0.86      0.00      3.48      2.72      0.86      0.00
07:39:41         2.33      2.54      0.84      0.00      2.33      2.54      0.84      0.00
07:39:46         1.28      2.30      0.83      0.00      1.28      2.30      0.83      0.00
07:39:51         0.86      2.15      0.81      0.00      0.86      2.15      0.81      0.00
07:39:56         0.47      1.95      0.80      0.00      0.47      1.95      0.80      0.00
07:40:01         0.31      1.82      0.79      0.00      0.31      1.82      0.79      0.00
07:40:06         0.17      1.65      0.77      0.00      0.17      1.65      0.77      0.00
07:40:11         0.11      1.54      0.76      0.00      0.11      1.54      0.76      0.00
07:40:16         0.06      1.39      0.74      0.00      0.06      1.39      0.74      0.00
07:40:21         0.04      1.30      0.73      0.00      0.04      1.30      0.73      0.00
07:40:26         0.02      1.18      0.71      0.00      0.02      1.18      0.71      0.00
07:40:31         0.01      1.10      0.70      0.00      0.01      1.10      0.70      0.00
07:40:36         0.00      1.00      0.69      0.00      0.00      1.00      0.69      0.00
07:40:41         0.00      0.93      0.68      0.00      0.00      0.93      0.68      0.00
07:40:46         0.00      0.84      0.66      0.00      0.00      0.84      0.66      0.00
07:40:51         0.00      0.79      0.66      0.00      0.00      0.79      0.66      0.00
07:40:56         0.00      0.71      0.64      0.00      0.00      0.71      0.64      0.00
07:41:01         0.00      0.66      0.63      0.00      0.00      0.66      0.63      0.00
07:41:06         0.00      0.60      0.62      0.00      0.00      0.60      0.62      0.00
07:41:11         0.00      0.56      0.61      0.00      0.00      0.56      0.61      0.00
07:41:16         0.00      0.51      0.60      0.00      0.00      0.51      0.60      0.00
07:41:21         0.00      0.47      0.59      0.00      0.00      0.47      0.59      0.00
07:41:26         0.00      0.43      0.57      0.00      0.00      0.43      0.57      0.00
07:41:31         0.00      0.40      0.57      0.00      0.00      0.40      0.57      0.00
07:41:36         0.00      0.36      0.55      0.00      0.00      0.36      0.55      0.00
07:41:41         0.00      0.34      0.55      0.00      0.00      0.34      0.55      0.00
07:41:46         0.00      0.30      0.53      0.00      0.00      0.30      0.53      0.00
07:41:51         0.00      0.28      0.53      0.00      0.00      0.28      0.53      0.00
07:41:56         0.00      0.25      0.51      0.00      0.00      0.25      0.51      0.00
07:42:01         0.00      0.24      0.51      0.00      0.00      0.24      0.51      0.00
07:42:06         0.00      0.21      0.50      0.00      0.00      0.21      0.50      0.00
07:42:11         0.00      0.20      0.49      0.00      0.00      0.20      0.49      0.00
07:42:16         0.00      0.18      0.48      0.00      0.00      0.18      0.48      0.00
07:42:21         1.46      0.46      0.53      3.79      1.46      0.46      0.53      3.79
07:42:26         0.80      0.41      0.52      0.00      0.80      0.41      0.52      0.00
07:42:31         0.53      0.39      0.51      0.00      0.53      0.39      0.51      0.00
07:42:36         0.29      0.35      0.50      0.00      0.29      0.35      0.50      0.00
07:42:41         0.19      0.32      0.49      0.00      0.19      0.32      0.49      0.00
07:42:46         0.10      0.29      0.48      0.00      0.10      0.29      0.48      0.00
07:42:51         0.07      0.27      0.48      0.00      0.07      0.27      0.48      0.00
07:42:56         0.03      0.25      0.47      0.00      0.03      0.25      0.47      0.00
07:43:01         0.02      0.23      0.46      0.00      0.02      0.23      0.46      0.00
07:43:06         0.01      0.21      0.45      0.00      0.01      0.21      0.45      0.00
07:43:11         0.00      0.19      0.44      0.00      0.00      0.19      0.44      0.00
07:43:16         0.00      0.17      0.43      0.00      0.00      0.17      0.43      0.00
07:43:21         0.00      0.16      0.43      0.00      0.00      0.16      0.43      0.00
07:43:26         0.00      0.14      0.42      0.00      0.00      0.14      0.42      0.00
07:43:31         0.00      0.13      0.41      0.00      0.00      0.13      0.41      0.00
07:43:36         0.00      0.12      0.40      0.00      0.00      0.12      0.40      0.00
07:43:41         0.00      0.11      0.40      0.00      0.00      0.11      0.40      0.00
07:43:46         0.00      0.10      0.39      0.00      0.00      0.10      0.39      0.00
07:43:51         0.00      0.09      0.38      0.00      0.00      0.09      0.38      0.00
07:43:56         0.00      0.08      0.37      0.00      0.00      0.08      0.37      0.00
07:44:01         0.00      0.08      0.37      0.00      0.00      0.08      0.37      0.00
07:44:06         0.00      0.07      0.36      0.00      0.00      0.07      0.36      0.00
07:44:11         0.00      0.06      0.35      0.00      0.00      0.06      0.35      0.00
07:44:16         0.00      0.06      0.34      0.00      0.00      0.06      0.34      0.00
07:44:21         0.00      0.05      0.34      0.00      0.00      0.05      0.34      0.00
07:44:26         0.00      0.05      0.33      0.00      0.00      0.05      0.33      0.00
07:44:31         0.00      0.04      0.33      0.00      0.00      0.04      0.33      0.00
07:44:36         0.00      0.04      0.32      0.00      0.00      0.04      0.32      0.00
07:44:41         0.00      0.03      0.32      0.00      0.00      0.03      0.32      0.00
07:44:46         0.00      0.03      0.31      0.00      0.00      0.03      0.31      0.00
07:44:51         0.00      0.03      0.30      0.00      0.00      0.03      0.30      0.00
07:44:56         0.00      0.02      0.30      0.00      0.00      0.02      0.30      0.00
07:45:01         0.00      0.02      0.29      0.00      0.00      0.02      0.29      0.00
07:45:06         0.00      0.02      0.28      0.00      0.00      0.02      0.28      0.00
07:45:11         0.00      0.02      0.28      0.00      0.00      0.02      0.28      0.00
07:45:16         0.00      0.01      0.27      0.00      0.00      0.01      0.27      0.00
07:45:21         0.00      0.01      0.27      0.00      0.00      0.01      0.27      0.00
07:45:26         0.00      0.01      0.26      0.00      0.00      0.01      0.26      0.00
07:45:31         0.00      0.01      0.26      0.00      0.00      0.01      0.26      0.00
07:45:36         0.00      0.01      0.25      0.00      0.00      0.01      0.25      0.00
07:45:41         0.00      0.01      0.25      0.00      0.00      0.01      0.25      0.00
07:45:46         0.00      0.00      0.24      0.00      0.00      0.00      0.24      0.00
07:45:51         0.00      0.00      0.24      0.00      0.00      0.00      0.24      0.00
07:45:56         0.00      0.00      0.23      0.00      0.00      0.00      0.23      0.00
07:46:01         0.00      0.00      0.23      0.00      0.00      0.00      0.23      0.00
07:46:06         0.00      0.00      0.22      0.00      0.00      0.00      0.22      0.00
07:46:11         0.00      0.00      0.22      0.00      0.00      0.00      0.22      0.00
07:46:16         0.00      0.00      0.21      0.00      0.00      0.00      0.21      0.00
07:46:21         0.00      0.00      0.21      0.00      0.00      0.00      0.21      0.00
07:46:26         0.00      0.00      0.21      0.00      0.00      0.00      0.21      0.00
07:46:31         0.00      0.00      0.20      0.00      0.00      0.00      0.20      0.00
07:46:36         0.00      0.00      0.20      0.00      0.00      0.00      0.20      0.00
07:46:41         0.00      0.00      0.20      0.00      0.00      0.00      0.20      0.00
07:46:46         0.00      0.00      0.19      0.00      0.00      0.00      0.19      0.00
07:46:51         0.00      0.00      0.19      0.00      0.00      0.00      0.19      0.00
07:46:56         0.00      0.00      0.18      0.00      0.00      0.00      0.18      0.00
07:47:01         0.00      0.00      0.18      0.00      0.00      0.00      0.18      0.00
07:47:06         0.00      0.00      0.18      0.00      0.00      0.00      0.18      0.00
07:47:11         0.00      0.00      0.17      0.00      0.00      0.00      0.17      0.00
07:47:16         0.00      0.00      0.17      0.00      0.00      0.00      0.17      0.00
07:47:21         0.00      0.00      0.17      0.00      0.00      0.00      0.17      0.00
07:47:26         0.00      0.00      0.16      0.00      0.00      0.00      0.16      0.00
07:47:31         0.00      0.00      0.16      0.00      0.00      0.00      0.16      0.00
07:47:36         0.00      0.00      0.15      0.00      0.00      0.00      0.15      0.00
07:47:41         0.00      0.00      0.15      0.00      0.00      0.00      0.15      0.00
07:47:46         0.00      0.00      0.15      0.00      0.00      0.00      0.15      0.00
07:47:51         0.00      0.00      0.14      0.00      0.00      0.00      0.14      0.00
07:47:56         0.00      0.00      0.14      0.00      0.00      0.00      0.14      0.00
07:48:01         0.00      0.00      0.14      0.00      0.00      0.00      0.14      0.00
07:48:06         0.00      0.00      0.13      0.00      0.00      0.00      0.13      0.00
07:48:11         0.00      0.00      0.13      0.00      0.00      0.00      0.13      0.00
07:48:16         0.00      0.00      0.13      0.00      0.00      0.00      0.13      0.00
07:48:21         0.00      0.00      0.13      0.00      0.00      0.00      0.13      0.00
07:48:26         0.00      0.00      0.12      0.00      0.00      0.00      0.12      0.00
07:48:31         0.00      0.00      0.12      0.00      0.00      0.00      0.12      0.00
07:48:36         0.00      0.00      0.12      0.00      0.00      0.00      0.12      0.00
07:48:41         0.00      0.00      0.12      0.00      0.00      0.00      0.12      0.00
07:48:46         0.00      0.00      0.11      0.00      0.00      0.00      0.11      0.00
07:48:51         0.00      0.00      0.11      0.00      0.00      0.00      0.11      0.00
07:48:56         0.00      0.00      0.11      0.00      0.00      0.00      0.11      0.00
07:49:01         0.00      0.00      0.11      0.00      0.00      0.00      0.11      0.00
07:49:06         0.00      0.00      0.10      0.00      0.00      0.00      0.10      0.00
07:49:11         0.00      0.00      0.10      0.00      0.00      0.00      0.10      0.00
07:49:16         0.00      0.00      0.10      0.00      0.00      0.00      0.10      0.00
07:49:21         0.00      0.00      0.10      0.00      0.00      0.00      0.10      0.00
07:49:26         0.00      0.00      0.09      0.00      0.00      0.00      0.09      0.00
07:49:31         0.00      0.00      0.09      0.00      0.00      0.00      0.09      0.00
07:49:36         0.00      0.00      0.09      0.00      0.00      0.00      0.09      0.00
07:49:41         0.00      0.00      0.09      0.00      0.00      0.00      0.09      0.00
07:49:46         0.00      0.00      0.08      0.00      0.00      0.00      0.08      0.00
07:49:51         0.00      0.00      0.08      0.00      0.00      0.00      0.08      0.00
07:49:56         0.00      0.00      0.08      0.00      0.00      0.00      0.08      0.00
07:50:01         0.00      0.00      0.08      0.00      0.00      0.00      0.08      0.00
07:50:06         0.00      0.00      0.08      0.00      0.00      0.00      0.08      0.00
07:50:11         0.00      0.00      0.07      0.00      0.00      0.00      0.07      0.00
07:50:16         0.00      0.00      0.07      0.00      0.00      0.00      0.07      0.00
07:50:21         0.00      0.00      0.07      0.00      0.00      0.00      0.07      0.00
07:50:26         0.00      0.00      0.07      0.00      0.00      0.00      0.07      0.00
07:50:31         0.00      0.00      0.06      0.00      0.00      0.00      0.06      0.00
07:50:36         0.00      0.00      0.06      0.00      0.00      0.00      0.06      0.00
07:50:41         0.00      0.00      0.06      0.00      0.00      0.00      0.06      0.00
07:50:46         0.00      0.00      0.06      0.00      0.00      0.00      0.06      0.00
07:50:51         0.00      0.00      0.06      0.00      0.00      0.00      0.06      0.00
07:50:56         0.00      0.00      0.06      0.00      0.00      0.00      0.06      0.00
07:51:01         0.00      0.00      0.06      0.00      0.00      0.00      0.06      0.00
07:51:06         0.00      0.00      0.06      0.00      0.00      0.00      0.06      0.00
07:51:11         0.00      0.00      0.06      0.00      0.00      0.00      0.06      0.00
07:51:16         0.00      0.00      0.05      0.00      0.00      0.00      0.05      0.00
07:51:21         0.00      0.00      0.05      0.00      0.00      0.00      0.05      0.00
07:51:26         0.00      0.00      0.05      0.00      0.00      0.00      0.05      0.00
07:51:31         0.00      0.00      0.05      0.00      0.00      0.00      0.05      0.00
07:51:36         0.00      0.00      0.05      0.00      0.00      0.00      0.05      0.00
07:51:41         0.00      0.00      0.05      0.00      0.00      0.00      0.05      0.00
07:51:46         0.00      0.00      0.05      0.00      0.00      0.00      0.05      0.00
07:51:51         0.00      0.00      0.05      0.00      0.00      0.00      0.05      0.00
07:51:56         0.00      0.00      0.04      0.00      0.00      0.00      0.04      0.00
07:52:01         0.00      0.00      0.04      0.00      0.00      0.00      0.04      0.00
07:52:06         0.00      0.00      0.04      0.00      0.00      0.00      0.04      0.00
07:52:11         0.00      0.00      0.04      0.00      0.00      0.00      0.04      0.00
07:52:16         0.00      0.00      0.04      0.00      0.00      0.00      0.04      0.00
07:52:21         0.00      0.00      0.04      0.00      0.00      0.00      0.04      0.00
07:52:26         0.00      0.00      0.04      0.00      0.00      0.00      0.04      0.00
07:52:31         0.00      0.00      0.04      0.00      0.00      0.00      0.04      0.00
07:52:36         0.00      0.00      0.03      0.00      0.00      0.00      0.03      0.00
07:52:41         0.00      0.00      0.03      0.00      0.00      0.00      0.03      0.00
07:52:46         0.00      0.00      0.03      0.00      0.00      0.00      0.03      0.00
07:52:51         0.00      0.00      0.03      0.09      0.00      0.00      0.03      0.09
07:52:56        14.08      2.68      0.60     54.56     14.08      2.68      0.60     54.56
07:53:01        19.33      5.15      1.18     14.98     19.33      5.15      1.18     14.98
07:53:06        12.96      4.82      1.16      0.00     12.96      4.82      1.16      0.00
07:53:11         7.11      4.36      1.14      0.00      7.11      4.36      1.14      0.00
07:53:16         4.77      4.08      1.12      0.00      4.77      4.08      1.12      0.00
07:53:21         2.61      3.69      1.10      0.00      2.61      3.69      1.10      0.00
07:53:26         1.75      3.45      1.08      0.00      1.75      3.45      1.08      0.00
07:53:31         0.96      3.12      1.06      0.00      0.96      3.12      1.06      0.00
07:53:36         0.64      2.92      1.04      0.00      0.64      2.92      1.04      0.00
07:53:41         0.35      2.64      1.02      0.00      0.35      2.64      1.02      0.00
07:53:46         0.23      2.47      1.01      0.00      0.23      2.47      1.01      0.00
07:53:51         0.12      2.24      0.99      0.00      0.12      2.24      0.99      0.00
07:53:56         0.08      2.09      0.97      0.00      0.08      2.09      0.97      0.00
07:54:01         0.04      1.89      0.95      0.00      0.04      1.89      0.95      0.00
07:54:06         0.03      1.77      0.94      0.00      0.03      1.77      0.94      0.00
07:54:11         0.01      1.60      0.92      0.00      0.01      1.60      0.92      0.00
07:54:16         0.01      1.50      0.91      0.00      0.01      1.50      0.91      0.00
07:54:21         0.00      1.35      0.89      0.00      0.00      1.35      0.89      0.00
07:54:26        13.79      3.83      1.41     32.14     13.79      3.83      1.41     32.14
07:54:31         7.57      3.47      1.39      0.00      7.57      3.47      1.39      0.00
07:54:36         5.07      3.24      1.37      0.00      5.07      3.24      1.37      0.00
07:54:41         2.78      2.93      1.34      0.00      2.78      2.93      1.34      0.00
07:54:46         1.86      2.75      1.32      0.00      1.86      2.75      1.32      0.00
07:54:51         1.02      2.48      1.29      0.00      1.02      2.48      1.29      0.00
07:54:56         0.68      2.32      1.27      0.00      0.68      2.32      1.27      0.00
07:55:01         0.37      2.10      1.25      0.00      0.37      2.10      1.25      0.00
07:55:06         0.25      1.97      1.23      0.00      0.25      1.97      1.23      0.00
07:55:11         0.13      1.78      1.20      0.00      0.13      1.78      1.20      0.00
07:55:16         0.09      1.66      1.18      0.00      0.09      1.66      1.18      0.00
07:55:21         0.04      1.50      1.16      0.00      0.04      1.50      1.16      0.00
07:55:26         0.03      1.41      1.14      0.00      0.03      1.41      1.14      0.00
07:55:31         0.01      1.27      1.12      0.00      0.01      1.27      1.12      0.00
07:55:36         0.01      1.19      1.10      0.00      0.01      1.19      1.10      0.00
07:55:41         0.00      1.07      1.08      0.00      0.00      1.07      1.08      0.00
07:55:46         0.00      1.00      1.06      0.00      0.00      1.00      1.06      0.00
07:55:51         0.00      0.91      1.04      0.00      0.00      0.91      1.04      0.00
07:55:56         0.00      0.85      1.03      0.00      0.00      0.85      1.03      0.00
07:56:01         0.00      0.77      1.01      0.00      0.00      0.77      1.01      0.00
07:56:06         0.00      0.72      0.99      0.00      0.00      0.72      0.99      0.00
07:56:11         0.00      0.65      0.97      0.00      0.00      0.65      0.97      0.00
07:56:16         0.00      0.60      0.96      0.00      0.00      0.60      0.96      0.00
07:56:21         0.00      0.55      0.94      0.00      0.00      0.55      0.94      0.00
07:56:26         0.00      0.51      0.92      0.00      0.00      0.51      0.92      0.00
07:56:31         0.00      0.46      0.90      0.00      0.00      0.46      0.90      0.00
07:56:36         0.00      0.43      0.89      0.00      0.00      0.43      0.89      0.00
07:56:41         0.00      0.39      0.87      0.00      0.00      0.39      0.87      0.00
07:56:46         0.00      0.36      0.86      0.00      0.00      0.36      0.86      0.00
07:56:51         0.00      0.33      0.84      0.00      0.00      0.33      0.84      0.00
07:56:56         0.00      0.30      0.83      0.00      0.00      0.30      0.83      0.00
07:57:01         0.00      0.27      0.81      0.00      0.00      0.27      0.81      0.00
07:57:06         0.00      0.26      0.80      0.00      0.00      0.26      0.80      0.00
07:57:11         0.00      0.23      0.78      0.00      0.00      0.23      0.78      0.00
07:57:16         0.00      0.21      0.77      0.00      0.00      0.21      0.77      0.00
07:57:21         0.00      0.19      0.76      0.00      0.00      0.19      0.76      0.00
07:57:26         6.88      1.42      1.00     15.39      6.88      1.42      1.00     15.39
07:57:31         3.77      1.29      0.98      0.00      3.77      1.29      0.98      0.00
07:57:36         2.53      1.20      0.97      0.00      2.53      1.20      0.97      0.00
07:57:41         1.39      1.09      0.95      0.00      1.39      1.09      0.95      0.00
07:57:46         0.93      1.02      0.94      0.00      0.93      1.02      0.94      0.00
07:57:51         0.51      0.92      0.92      0.00      0.51      0.92      0.92      0.00
07:57:56         0.34      0.86      0.90      0.00      0.34      0.86      0.90      0.00
07:58:01         0.18      0.78      0.88      0.00      0.18      0.78      0.88      0.00
07:58:06         0.12      0.73      0.87      0.00      0.12      0.73      0.87      0.00
07:58:11         0.06      0.66      0.85      0.00      0.06      0.66      0.85      0.00
07:58:16         0.04      0.61      0.84      0.00      0.04      0.61      0.84      0.00
07:58:21         0.02      0.55      0.82      0.00      0.02      0.55      0.82      0.00
07:58:26         0.01      0.52      0.81      0.00      0.01      0.52      0.81      0.00
07:58:31         0.00      0.47      0.79      0.00      0.00      0.47      0.79      0.00
07:58:36         0.00      0.44      0.78      0.00      0.00      0.44      0.78      0.00
07:58:41         0.00      0.39      0.77      0.00      0.00      0.39      0.77      0.00
07:58:46         0.00      0.37      0.75      0.00      0.00      0.37      0.75      0.00
07:58:51         0.00      0.33      0.74      0.00      0.00      0.33      0.74      0.00
07:58:56         0.00      0.31      0.73      0.00      0.00      0.31      0.73      0.00
07:59:01         0.00      0.28      0.71      0.00      0.00      0.28      0.71      0.00
07:59:06         0.00      0.26      0.70      0.00      0.00      0.26      0.70      0.00
07:59:11         0.00      0.23      0.69      0.00      0.00      0.23      0.69      0.00
07:59:16         0.00      0.22      0.68      0.00      0.00      0.22      0.68      0.00
07:59:21         0.00      0.20      0.66      0.00      0.00      0.20      0.66      0.00
07:59:26         0.00      0.18      0.65      0.00      0.00      0.18      0.65      0.00
07:59:31         0.00      0.16      0.64      0.00      0.00      0.16      0.64      0.00
07:59:36         0.00      0.15      0.63      0.00      0.00      0.15      0.63      0.00
07:59:41         0.00      0.14      0.62      0.00      0.00      0.14      0.62      0.00
07:59:46         0.00      0.13      0.61      0.00      0.00      0.13      0.61      0.00
07:59:51         0.00      0.11      0.59      0.00      0.00      0.11      0.59      0.00
07:59:56         0.00      0.11      0.58      0.00      0.00      0.11      0.58      0.00
08:00:01         0.00      0.10      0.57      0.00      0.00      0.10      0.57      0.00
08:00:06         0.00      0.09      0.56      0.00      0.00      0.09      0.56      0.00
08:00:11         0.00      0.08      0.55      0.00      0.00      0.08      0.55      0.00
08:00:16         0.00      0.07      0.54      0.00      0.00      0.07      0.54      0.00
08:00:21         0.00      0.06      0.53      0.00      0.00      0.06      0.53      0.00
08:00:26         0.00      0.06      0.52      0.00      0.00      0.06      0.52      0.00
08:00:31         0.00      0.05      0.51      0.00      0.00      0.05      0.51      0.00
08:00:36         0.00      0.05      0.50      0.00      0.00      0.05      0.50      0.00
08:00:41         0.00      0.04      0.49      0.00      0.00      0.04      0.49      0.00
08:00:46         0.00      0.04      0.49      0.00      0.00      0.04      0.49      0.00
08:00:51         0.00      0.03      0.48      0.00      0.00      0.03      0.48      0.00
08:00:56         0.00      0.03      0.47      0.00      0.00      0.03      0.47      0.00
08:01:01         0.00      0.03      0.46      0.00      0.00      0.03      0.46      0.00
08:01:06         0.00      0.02      0.45      0.00      0.00      0.02      0.45      0.00
08:01:11         0.00      0.02      0.44      0.00      0.00      0.02      0.44      0.00
08:01:16         0.00      0.02      0.43      0.00      0.00      0.02      0.43      0.00
08:01:21         0.00      0.02      0.42      0.00      0.00      0.02      0.42      0.00
08:01:26         0.00      0.01      0.42      0.00      0.00      0.01      0.42      0.00
08:01:31         0.00      0.01      0.41      0.00      0.00      0.01      0.41      0.00
08:01:36         0.00      0.01      0.40      0.00      0.00      0.01      0.40      0.00
08:01:41         0.00      0.01      0.39      0.00      0.00      0.01      0.39      0.00
08:01:46         0.00      0.01      0.39      0.00      0.00      0.01      0.39      0.00
08:01:51         0.00      0.01      0.38      0.00      0.00      0.01      0.38      0.00
08:01:56         0.00      0.00      0.37      0.00      0.00      0.00      0.37      0.00
08:02:01         0.00      0.00      0.37      0.00      0.00      0.00      0.37      0.00
08:02:06         0.00      0.00      0.36      0.00      0.00      0.00      0.36      0.00
08:02:11         0.00      0.00      0.35      0.00      0.00      0.00      0.35      0.00
08:02:16         0.00      0.00      0.35      0.00      0.00      0.00      0.35      0.00
08:02:21         0.00      0.00      0.34      0.00      0.00      0.00      0.34      0.00
08:02:26         0.00      0.00      0.33      0.00      0.00      0.00      0.33      0.00
08:02:31         0.00      0.00      0.33      0.00      0.00      0.00      0.33      0.00
08:02:36         0.00      0.00      0.32      0.00      0.00      0.00      0.32      0.00
08:02:41         0.00      0.00      0.31      0.00      0.00      0.00      0.31      0.00
08:02:46         0.00      0.00      0.31      0.00      0.00      0.00      0.31      0.00
08:02:51         0.00      0.00      0.30      0.00      0.00      0.00      0.30      0.00
08:02:56         0.00      0.00      0.30      0.00      0.00      0.00      0.30      0.00
08:03:01         0.00      0.00      0.29      0.00      0.00      0.00      0.29      0.00
08:03:06         0.00      0.00      0.28      0.00      0.00      0.00      0.28      0.00
08:03:11         0.00      0.00      0.28      0.00      0.00      0.00      0.28      0.00
08:03:16         0.00      0.00      0.27      0.00      0.00      0.00      0.27      0.00
08:03:21         0.00      0.00      0.27      0.00      0.00      0.00      0.27      0.00
08:03:26         0.00      0.00      0.26      0.00      0.00      0.00      0.26      0.00
08:03:31         0.00      0.00      0.26      0.00      0.00      0.00      0.26      0.00
08:03:36         0.00      0.00      0.25      0.00      0.00      0.00      0.25      0.00
08:03:41         0.00      0.00      0.25      0.00      0.00      0.00      0.25      0.00
08:03:46         0.00      0.00      0.24      0.00      0.00      0.00      0.24      0.00
08:03:51         0.00      0.00      0.24      0.00      0.00      0.00      0.24      0.00
08:03:56         0.00      0.00      0.23      0.00      0.00      0.00      0.23      0.00
08:04:01         0.00      0.00      0.23      0.00      0.00      0.00      0.23      0.00
08:04:06         0.00      0.00      0.22      0.00      0.00      0.00      0.22      0.00
08:04:11         0.00      0.00      0.22      0.00      0.00      0.00      0.22      0.00
08:04:16         0.00      0.00      0.22      0.00      0.00      0.00      0.22      0.00
08:04:21         0.00      0.00      0.21      0.00      0.00      0.00      0.21      0.00
08:04:26         0.00      0.00      0.21      0.00      0.00      0.00      0.21      0.00
08:04:31         0.00      0.00      0.20      0.00      0.00      0.00      0.20      0.00
08:04:36         0.00      0.00      0.20      0.00      0.00      0.00      0.20      0.00
08:04:41         0.00      0.00      0.19      0.00      0.00      0.00      0.19      0.00
08:04:46         0.00      0.00      0.19      0.00      0.00      0.00      0.19      0.00
08:04:51         0.00      0.00      0.19      0.00      0.00      0.00      0.19      0.00
08:04:56         0.00      0.00      0.18      0.00      0.00      0.00      0.18      0.00
08:05:01         0.00      0.00      0.18      0.00      0.00      0.00      0.18      0.00
08:05:06         0.00      0.00      0.18      0.00      0.00      0.00      0.18      0.00
08:05:11         0.00      0.00      0.17      0.00      0.00      0.00      0.17      0.00
08:05:16         0.00      0.00      0.17      0.00      0.00      0.00      0.17      0.00
08:05:21         0.00      0.00      0.16      0.00      0.00      0.00      0.16      0.00
08:05:26         0.00      0.00      0.16      0.00      0.00      0.00      0.16      0.00
08:05:31         0.00      0.00      0.16      0.00      0.00      0.00      0.16      0.00
08:05:36         0.00      0.00      0.15      0.00      0.00      0.00      0.15      0.00
08:05:41         0.00      0.00      0.15      0.00      0.00      0.00      0.15      0.00
08:05:46         0.00      0.00      0.15      0.00      0.00      0.00      0.15      0.00
08:05:51         0.00      0.00      0.14      0.00      0.00      0.00      0.14      0.00
08:05:56         0.00      0.00      0.14      0.00      0.00      0.00      0.14      0.00
08:06:01         0.00      0.00      0.14      0.00      0.00      0.00      0.14      0.00
08:06:06         0.00      0.00      0.13      0.00      0.00      0.00      0.13      0.00
08:06:11         0.00      0.00      0.13      0.00      0.00      0.00      0.13      0.00
08:06:16         0.00      0.00      0.13      0.00      0.00      0.00      0.13      0.00
08:06:21         0.00      0.00      0.13      0.00      0.00      0.00      0.13      0.00
08:06:26         0.00      0.00      0.12      0.00      0.00      0.00      0.12      0.00
08:06:31         0.00      0.00      0.12      0.00      0.00      0.00      0.12      0.00
08:06:36         0.00      0.00      0.12      0.00      0.00      0.00      0.12      0.00
08:06:41         0.00      0.00      0.12      0.00      0.00      0.00      0.12      0.00
08:06:46         0.00      0.00      0.11      0.00      0.00      0.00      0.11      0.00
08:06:51         0.00      0.00      0.11      0.00      0.00      0.00      0.11      0.00
08:06:56         0.00      0.00      0.11      0.00      0.00      0.00      0.11      0.00
08:07:01         0.00      0.00      0.11      0.00      0.00      0.00      0.11      0.00
08:07:06         0.00      0.00      0.10      0.00      0.00      0.00      0.10      0.00
08:07:11         0.00      0.00      0.10      0.00      0.00      0.00      0.10      0.00
08:07:16         0.00      0.00      0.10      0.00      0.00      0.00      0.10      0.00
08:07:21         0.00      0.00      0.10      0.00      0.00      0.00      0.10      0.00
08:07:26         0.00      0.00      0.10      0.00      0.00      0.00      0.10      0.00
08:07:31         0.00      0.00      0.09      0.00      0.00      0.00      0.09      0.00
08:07:36         0.00      0.00      0.09      0.00      0.00      0.00      0.09      0.00
Average:         0.40      0.38      0.34      0.39      0.40      0.38      0.34      0.39
