Linux 7.2.0-rc5-virtme (virtme-ng) 	08/02/26 	_x86_64_	(4 CPU)

07:07:36    kbmemfree   kbavail kbmemused  %memused kbbuffers  kbcached  kbcommit   %commit  kbactive   kbinact   kbdirty   kbshmem
07:07:41      4940216   4897168   3246336     39.86         4     35084   8412944     68.19   3018020     34796         0       292
07:07:46      3746424   3703376   4440128     54.52         4     35084   8412944     68.19   4208376     34796         0       292
07:07:51      3746424   3703376   4440128     54.52         4     35084   8412944     68.19   4208376     34796         0       292
07:07:56      3747680   3704632   4438872     54.51         4     35084   8412944     68.19   4208376     34796         0       292
07:08:01      3750108   3707060   4436444     54.48         4     35084   8412944     68.19   4208376     34796         0       292
07:08:06      3751264   3708216   4435288     54.46         4     35084   8412944     68.19   4208376     34796         0       292
07:08:11      3753832   3710784   4432720     54.43         4     35084   8412944     68.19   4208376     34796         0       292
07:08:16      3754592   3711544   4431960     54.42         4     35084   8412944     68.19   4208376     34796         0       292
07:08:21      3754592   3711544   4431960     54.42         4     35084   8412944     68.19   4208376     34796         0       292
07:08:26      3754592   3711544   4431960     54.42         4     35084   8412944     68.19   4208376     34796         0       292
07:08:31      3754592   3711544   4431960     54.42         4     35084   8412944     68.19   4208376     34796         0       292
07:08:36      3754592   3711544   4431960     54.42         4     35084   8412944     68.19   4208376     34796         0       292
07:08:41      3754592   3711544   4431960     54.42         4     35084   8412944     68.19   4208376     34796         0       292
07:08:46      3754592   3711544   4431960     54.42         4     35084   8412944     68.19   4208376     34796         0       292
07:08:51      3754592   3711544   4431960     54.42         4     35084   8412944     68.19   4208376     34796         0       292
07:08:56      3754592   3711544   4431960     54.42         4     35084   8412944     68.19   4208376     34796         0       292
07:09:01      3754592   3711544   4431960     54.42         4     35084   8412944     68.19   4208376     34796         0       292
07:09:06      3754592   3711544   4431960     54.42         4     35084   8412944     68.19   4208376     34796         0       292
07:09:11      1625948   1582900   6560604     80.56         4     35084   8412944     68.19   6305464     34796         0       292
07:09:16      1625948   1582900   6560604     80.56         4     35084   8412944     68.19   6305464     34796         0       292
07:09:21      1625948   1582900   6560604     80.56         4     35084   8412944     68.19   6305464     34796         0       292
07:09:26      1630848   1587800   6555704     80.50         4     35084   8412944     68.19   6305464     34796         0       292
07:09:31      1643344   1600296   6543208     80.35         4     35084   8412944     68.19   6305464     34796         0       292
07:09:36      1650180   1607132   6536372     80.26         4     35084   8412944     68.19   6305464     34796         0       292
07:09:41      1652600   1609552   6533952     80.24         4     35084   8412944     68.19   6305464     34796         0       292
07:09:46      1652600   1609552   6533952     80.24         4     35084   8412944     68.19   6305464     34796         0       292
07:09:51      1652600   1609552   6533952     80.24         4     35084   8412944     68.19   6305464     34796         0       292
07:09:56      1652600   1609552   6533952     80.24         4     35084   8412944     68.19   6305464     34796         0       292
07:10:01      1652600   1609552   6533952     80.24         4     35084   8412944     68.19   6305464     34796         0       292
07:10:06      1652600   1609552   6533952     80.24         4     35084   8412944     68.19   6305464     34796         0       292
07:10:11      1652600   1609552   6533952     80.24         4     35084   8412944     68.19   6305464     34796         0       292
07:10:16      1652600   1609552   6533952     80.24         4     35084   8412944     68.19   6305464     34796         0       292
07:10:21      1652600   1609552   6533952     80.24         4     35084   8412944     68.19   6305464     34796         0       292
07:10:26      1652600   1609552   6533952     80.24         4     35084   8412944     68.19   6305464     34796         0       292
07:10:31      1652600   1609552   6533952     80.24         4     35084   8412944     68.19   6305464     34796         0       292
07:10:36      1652600   1609552   6533952     80.24         4     35084   8412944     68.19   6305464     34796         0       292
07:10:41      1652600   1609552   6533952     80.24         4     35084   8412944     68.19   6305464     34796         0       292
07:10:46      1652600   1609552   6533952     80.24         4     35084   8412944     68.19   6305464     34796         0       292
07:10:51      1652600   1609552   6533952     80.24         4     35084   8412944     68.19   6305464     34796         0       292
07:10:56      1652600   1609552   6533952     80.24         4     35084   8412944     68.19   6305464     34796         0       292
07:11:01      1652600   1609552   6533952     80.24         4     35084   8412944     68.19   6305464     34796         0       292
07:11:06      1652600   1609552   6533952     80.24         4     35084   8412944     68.19   6305464     34796         0       292
07:11:11      1652600   1609552   6533952     80.24         4     35084   8412944     68.19   6305464     34796         0       292
07:11:16      1652600   1609552   6533952     80.24         4     35084   8412944     68.19   6305464     34796         0       292
07:11:21      1652600   1609552   6533952     80.24         4     35084   8412944     68.19   6305464     34796         0       292
07:11:26      1652600   1609552   6533952     80.24         4     35084   8412944     68.19   6305464     34796         0       292
07:11:31      1652600   1609552   6533952     80.24         4     35084   8412944     68.19   6305464     34796         0       292
07:11:36      1652600   1609552   6533952     80.24         4     35084   8412944     68.19   6305464     34796         0       292
07:11:41      1652600   1609552   6533952     80.24         4     35084   8412944     68.19   6305464     34796         0       292
07:11:46      1652600   1609552   6533952     80.24         4     35084   8412944     68.19   6305464     34796         0       292
07:11:51      1652600   1609552   6533952     80.24         4     35084   8412944     68.19   6305464     34796         0       292
07:11:56      1652600   1609552   6533952     80.24         4     35084   8412944     68.19   6305464     34796         0       292
07:12:01      1652600   1609552   6533952     80.24         4     35084   8412944     68.19   6305464     34796         0       292
07:12:06      1652600   1609552   6533952     80.24         4     35084   8412944     68.19   6305464     34796         0       292
07:12:11        57056     57056   8086448     99.30         0      3312   8412880     68.19    131568   7808536         0        12
07:12:16       101840     42976   8100528     99.47         0      3300   8412880     68.19    591904   7287324         0         0
07:12:21       101840     42976   8100528     99.47         0      3300   8412880     68.19    591904   7287324         0         0
07:12:26       101840     42976   8100528     99.47         0      3300   8412880     68.19    591904   7287324         0         0
07:12:31       101840     42976   8100528     99.47         0      3300   8412880     68.19    591904   7287324         0         0
07:12:36       101840     42976   8100528     99.47         0      3300   8412880     68.19    591904   7287324         0         0
07:12:41       101840     42976   8100528     99.47         0      3300   8412880     68.19    591904   7287324         0         0
07:12:46       101840     42976   8100528     99.47         0      3300   8412880     68.19    592028   7287324         0         0
07:12:51       101840     42976   8100528     99.47         0      3300   8412880     68.19    592028   7287324         0         0
07:12:56       101840     42976   8100528     99.47         0      3300   8412880     68.19    592028   7287324         0         0
07:13:01       101840     42976   8100528     99.47         0      3300   8412880     68.19    592028   7287324         0         0
07:13:06       101840     42976   8100528     99.47         0      3300   8412880     68.19    592028   7287324         0         0
07:13:11       101840     42976   8100528     99.47         0      3300   8412880     68.19    592152   7287324         0         0
07:13:16       101840     42976   8100528     99.47         0      3300   8412880     68.19    592152   7287324         0         0
07:13:21       101840     42976   8100528     99.47         0      3300   8412880     68.19    592152   7287324         0         0
07:13:26       101840     42976   8100528     99.47         0      3300   8412880     68.19    592152   7287324         0         0
07:13:31       101840     42976   8100528     99.47         0      3300   8412880     68.19    592152   7287324         0         0
07:13:36       101840     42976   8100528     99.47         0      3300   8412880     68.19    592152   7287324         0         0
07:13:41       101840     42976   8100528     99.47         0      3300   8412880     68.19    592276   7287324         0         0
07:13:46       101840     42976   8100528     99.47         0      3300   8412880     68.19    592276   7287324         0         0
07:13:51       101840     42976   8100528     99.47         0      3300   8412880     68.19    592276   7287324         0         0
07:13:56       101840     42976   8100528     99.47         0      3300   8412880     68.19    592276   7287324         0         0
07:14:01       101840     42976   8100528     99.47         0      3300   8412880     68.19    592276   7287324         0         0
07:14:06       101840     42976   8100528     99.47         0      3300   8412880     68.19    592276   7287324         0         0
07:14:11       101840     42976   8100528     99.47         0      3300   8412880     68.19    592400   7287324         0         0
07:14:16       101840     42976   8100528     99.47         0      3300   8412880     68.19    592400   7287324         0         0
07:14:21       101840     42976   8100528     99.47         0      3300   8412880     68.19    592400   7287324         0         0
07:14:26       101840     42976   8100528     99.47         0      3300   8412880     68.19    592400   7287324         0         0
07:14:31       101840     42976   8100528     99.47         0      3300   8412880     68.19    592400   7287324         0         0
07:14:36       101840     42976   8100528     99.47         0      3300   8412880     68.19    592524   7287324         0         0
07:14:41       101840     42976   8100528     99.47         0      3300   8412880     68.19    592524   7287324         0         0
07:14:46       101840     42976   8100528     99.47         0      3300   8412880     68.19    592524   7287324         0         0
07:14:51       101840     42976   8100528     99.47         0      3300   8412880     68.19    592524   7287324         0         0
07:14:56       101840     42976   8100528     99.47         0      3300   8412880     68.19    592524   7287324         0         0
07:15:01       101840     42976   8100528     99.47         0      3300   8412880     68.19    592524   7287324         0         0
07:15:06       101840     42976   8100528     99.47         0      3300   8412880     68.19    592524   7287324         0         0
07:15:11       101840     42976   8100528     99.47         0      3300   8412880     68.19    592648   7287324         0         0
07:15:16       101840     42976   8100528     99.47         0      3300   8412880     68.19    592648   7287324         0         0
07:15:21       101840     42976   8100528     99.47         0      3300   8412880     68.19    592648   7287324         0         0
07:15:26       101840     42976   8100528     99.47         0      3300   8412880     68.19    592648   7287324         0         0
07:15:31       101840     42976   8100528     99.47         0      3300   8412880     68.19    592648   7287324         0         0
07:15:36       101840     42976   8100528     99.47         0      3300   8412880     68.19    592648   7287324         0         0
07:15:41       101840     42976   8100528     99.47         0      3300   8412880     68.19    592648   7287324         0         0
07:15:46       101840     42976   8100528     99.47         0      3300   8412880     68.19    592772   7287324         0         0
07:15:51       101840     42976   8100528     99.47         0      3300   8412880     68.19    592772   7287324         0         0
07:15:56       101840     42976   8100528     99.47         0      3300   8412880     68.19    592772   7287324         0         0
07:16:01       101840     42976   8100528     99.47         0      3300   8412880     68.19    592772   7287324         0         0
07:16:06       101840     42976   8100528     99.47         0      3300   8412880     68.19    592772   7287324         0         0
07:16:11       101840     42976   8100528     99.47         0      3300   8412880     68.19    592772   7287324         0         0
07:16:16       101840     42976   8100528     99.47         0      3300   8412880     68.19    592896   7287324         0         0
07:16:21       101840     42976   8100528     99.47         0      3300   8412880     68.19    592896   7287324         0         0
07:16:26       101840     42976   8100528     99.47         0      3300   8412880     68.19    592896   7287324         0         0
07:16:31       101840     42976   8100528     99.47         0      3300   8412880     68.19    592896   7287324         0         0
07:16:36       101840     42976   8100528     99.47         0      3300   8412880     68.19    592896   7287324         0         0
07:16:41       101840     42976   8100528     99.47         0      3300   8412880     68.19    593020   7287324         0         0
07:16:46       101840     42976   8100528     99.47         0      3300   8412880     68.19    593020   7287324         0         0
07:16:51       101840     42976   8100528     99.47         0      3300   8412880     68.19    593020   7287324         0         0
07:16:56       101840     42976   8100528     99.47         0      3300   8412880     68.19    593020   7287324         0         0
07:17:01       101840     42976   8100528     99.47         0      3300   8412880     68.19    593020   7287324         0         0
07:17:06       101840     42976   8100528     99.47         0      3300   8412880     68.19    593020   7287324         0         0
07:17:11       101840     42976   8100528     99.47         0      3300   8412880     68.19    593020   7287324         0         0
07:17:16       101840     42976   8100528     99.47         0      3300   8412880     68.19    593144   7287324         0         0
07:17:21       101840     42976   8100528     99.47         0      3300   8412880     68.19    593144   7287324         0         0
07:17:26       101840     42976   8100528     99.47         0      3300   8412880     68.19    593144   7287324         0         0
07:17:31       101840     42976   8100528     99.47         0      3300   8412880     68.19    593144   7287324         0         0
07:17:36       101840     42976   8100528     99.47         0      3300   8412880     68.19    593144   7287324         0         0
07:17:41       101840     42976   8100528     99.47         0      3300   8412880     68.19    593144   7287324         0         0
07:17:46       101840     42976   8100528     99.47         0      3300   8412880     68.19    593268   7287324         0         0
07:17:51       101840     42976   8100528     99.47         0      3300   8412880     68.19    593268   7287324         0         0
07:17:56       101840     42976   8100528     99.47         0      3300   8412880     68.19    593268   7287324         0         0
07:18:01       101840     42976   8100528     99.47         0      3300   8412880     68.19    593268   7287324         0         0
07:18:06       101840     42976   8100528     99.47         0      3300   8412880     68.19    593268   7287324         0         0
07:18:11       101840     42976   8100528     99.47         0      3300   8412880     68.19    593268   7287324         0         0
07:18:16       101840     42976   8100528     99.47         0      3300   8412880     68.19    593268   7287324         0         0
07:18:21       101840     42976   8100528     99.47         0      3300   8412880     68.19    593268   7287324         0         0
07:18:26       101840     42976   8100528     99.47         0      3300   8412880     68.19    593392   7287324         0         0
07:18:31       101840     42976   8100528     99.47         0      3300   8412880     68.19    593392   7287324         0         0
07:18:36       101840     42976   8100528     99.47         0      3300   8412880     68.19    593392   7287324         0         0
07:18:41       101840     42976   8100528     99.47         0      3300   8412880     68.19    593392   7287324         0         0
07:18:46       101840     42976   8100528     99.47         0      3300   8412880     68.19    593392   7287324         0         0
07:18:51       101840     42976   8100528     99.47         0      3300   8412880     68.19    593392   7287324         0         0
07:18:56       101840     42976   8100528     99.47         0      3300   8412880     68.19    593392   7287324         0         0
07:19:01       101840     42976   8100528     99.47         0      3300   8412880     68.19    593392   7287324         0         0
07:19:06       101840     42976   8100528     99.47         0      3300   8412880     68.19    593516   7287324         0         0
07:19:11       101840     42976   8100528     99.47         0      3300   8412880     68.19    593516   7287324         0         0
07:19:16       101840     42976   8100528     99.47         0      3300   8412880     68.19    593516   7287324         0         0
07:19:21       101840     42976   8100528     99.47         0      3300   8412880     68.19    593516   7287324         0         0
07:19:26       101840     42976   8100528     99.47         0      3300   8412880     68.19    593516   7287324         0         0
07:19:31       101840     42976   8100528     99.47         0      3300   8412880     68.19    593516   7287324         0         0
07:19:36       101840     42976   8100528     99.47         0      3300   8412880     68.19    593640   7287324         0         0
07:19:41       101840     42976   8100528     99.47         0      3300   8412880     68.19    593640   7287324         0         0
07:19:46       101840     42976   8100528     99.47         0      3300   8412880     68.19    593640   7287324         0         0
07:19:51       101840     42976   8100528     99.47         0      3300   8412880     68.19    593640   7287324         0         0
07:19:56       101840     42976   8100528     99.47         0      3300   8412880     68.19    593640   7287324         0         0
07:20:01       101840     42976   8100528     99.47         0      3300   8412880     68.19    593640   7287324         0         0
07:20:06       101840     42976   8100528     99.47         0      3300   8412880     68.19    593640   7287324         0         0
07:20:11       101840     42976   8100528     99.47         0      3300   8412880     68.19    593764   7287324         0         0
07:20:16       101840     42976   8100528     99.47         0      3300   8412880     68.19    593764   7287324         0         0
07:20:21       101840     42976   8100528     99.47         0      3300   8412880     68.19    593764   7287324         0         0
07:20:26       101840     42976   8100528     99.47         0      3300   8412880     68.19    593764   7287324         0         0
07:20:31       101840     42976   8100528     99.47         0      3300   8412880     68.19    593764   7287324         0         0
07:20:36       101840     42976   8100528     99.47         0      3300   8412880     68.19    593764   7287324         0         0
07:20:41       101840     42976   8100528     99.47         0      3300   8412880     68.19    593764   7287324         0         0
07:20:46       101840     42976   8100528     99.47         0      3300   8412880     68.19    593764   7287324         0         0
07:20:51       101840     42976   8100528     99.47         0      3300   8412880     68.19    593888   7287324         0         0
07:20:56       101840     42976   8100528     99.47         0      3300   8412880     68.19    593888   7287324         0         0
07:21:01       101840     42976   8100528     99.47         0      3300   8412880     68.19    593888   7287324         0         0
07:21:06       101840     42976   8100528     99.47         0      3300   8412880     68.19    593888   7287324         0         0
07:21:11       101840     42976   8100528     99.47         0      3300   8412880     68.19    593888   7287324         0         0
07:21:16       101840     42976   8100528     99.47         0      3300   8412880     68.19    593888   7287324         0         0
07:21:21       101840     42976   8100528     99.47         0      3300   8412880     68.19    593888   7287324         0         0
07:21:26       101840     42976   8100528     99.47         0      3300   8412880     68.19    594012   7287324         0         0
07:21:31       101840     42976   8100528     99.47         0      3300   8412880     68.19    594012   7287324         0         0
07:21:36       101840     42976   8100528     99.47         0      3300   8412880     68.19    594012   7287324         0         0
07:21:41       101840     42976   8100528     99.47         0      3300   8412880     68.19    594012   7287324         0         0
07:21:46       101840     42976   8100528     99.47         0      3300   8412880     68.19    594012   7287324         0         0
07:21:51       101840     42976   8100528     99.47         0      3300   8412880     68.19    594012   7287324         0         0
07:21:56       101840     42976   8100528     99.47         0      3300   8412880     68.19    594012   7287324         0         0
07:22:01       101840     42976   8100528     99.47         0      3300   8412880     68.19    594012   7287324         0         0
07:22:06       101840     42976   8100528     99.47         0      3300   8412880     68.19    594136   7287324         0         0
07:22:11       101840     42976   8100528     99.47         0      3300   8412880     68.19    594136   7287324         0         0
07:22:16       101840     42976   8100528     99.47         0      3300   8412880     68.19    594136   7287324         0         0
07:22:21       101840     42976   8100528     99.47         0      3300   8412880     68.19    594136   7287324         0         0
07:22:26       101840     42976   8100528     99.47         0      3300   8412880     68.19    594136   7287324         0         0
07:22:31       101840     42976   8100528     99.47         0      3300   8412880     68.19    594136   7287324         0         0
07:22:36       101840     42976   8100528     99.47         0      3300   8412880     68.19    594136   7287324         0         0
07:22:41       101840     42976   8100528     99.47         0      3300   8412880     68.19    594136   7287324         0         0
07:22:46        55500     55500   8088004     99.32         0      2896   8412880     68.19    675156   7252916         0         0
07:22:51        55500     55500   8088004     99.32         0      2896   8412880     68.19    675156   7252916         0         0
07:22:56        55500     55500   8088004     99.32         0      2896   8412880     68.19    675156   7252916         0         0
07:23:01        55500     55500   8088004     99.32         0      2896   8412880     68.19    675156   7252916         0         0
07:23:06        55500     55500   8088004     99.32         0      2896   8412880     68.19    675156   7252916         0         0
07:23:11        55500     55500   8088004     99.32         0      2896   8412880     68.19    675156   7252916         0         0
07:23:16        55500     55500   8088004     99.32         0      2896   8412880     68.19    675156   7252916         0         0
07:23:21        55500     55500   8088004     99.32         0      2896   8412880     68.19    675156   7252916         0         0
07:23:26        55500     55500   8088004     99.32         0      2896   8412880     68.19    675276   7252920         0         0
07:23:31        55500     55500   8088004     99.32         0      2896   8412880     68.19    675276   7252920         0         0
07:23:36        55500     55500   8088004     99.32         0      2896   8412880     68.19    675276   7252920         0         0
07:23:41        55500     55500   8088004     99.32         0      2896   8412880     68.19    675276   7252920         0         0
07:23:46        55500     55500   8088004     99.32         0      2896   8412880     68.19    675276   7252920         0         0
07:23:51        55500     55500   8088004     99.32         0      2896   8412880     68.19    675276   7252920         0         0
07:23:56        55500     55500   8088004     99.32         0      2896   8412880     68.19    675276   7252920         0         0
07:24:01        55500     55500   8088004     99.32         0      2896   8412880     68.19    675276   7252920         0         0
07:24:06        55500     55500   8088004     99.32         0      2896   8412880     68.19    675276   7252920         0         0
07:24:11        55500     55500   8088004     99.32         0      2896   8412880     68.19    675276   7252920         0         0
07:24:16        64448      4968   8138536     99.94         0      2720   8412880     68.19   4112796   3806908         0         0
07:24:21        64448      4968   8138536     99.94         0      2720   8412880     68.19   4112796   3806908         0         0
07:24:26        64448      4968   8138536     99.94         0      2720   8412880     68.19   4112796   3806908         0         0
07:24:31        64448      4968   8138536     99.94         0      2720   8412880     68.19   4112916   3806912         0         0
07:24:36        64448      4968   8138536     99.94         0      2720   8412880     68.19   4112916   3806912         0         0
07:24:41        64448      4968   8138536     99.94         0      2720   8412880     68.19   4112916   3806912         0         0
07:24:46        64448      4968   8138536     99.94         0      2720   8412880     68.19   4112916   3806912         0         0
07:24:51        64448      4968   8138536     99.94         0      2720   8412880     68.19   4112916   3806912         0         0
07:24:56        64448      4968   8138536     99.94         0      2720   8412880     68.19   4112916   3806912         0         0
07:25:01        64448      4968   8138536     99.94         0      2720   8412880     68.19   4112916   3806912         0         0
07:25:06        64448      4968   8138536     99.94         0      2720   8412880     68.19   4112916   3806912         0         0
07:25:11        64448      4968   8138536     99.94         0      2720   8412880     68.19   4113036   3806916         0         0
07:25:16        64448      4968   8138536     99.94         0      2720   8412880     68.19   4113036   3806916         0         0
07:25:21        64448      4968   8138536     99.94         0      2720   8412880     68.19   4113036   3806916         0         0
07:25:26        64448      4968   8138536     99.94         0      2720   8412880     68.19   4113036   3806916         0         0
07:25:31        64448      4968   8138536     99.94         0      2720   8412880     68.19   4113036   3806916         0         0
07:25:36        64448      4968   8138536     99.94         0      2720   8412880     68.19   4113036   3806916         0         0
07:25:41        64448      4968   8138536     99.94         0      2720   8412880     68.19   4113036   3806916         0         0
07:25:46        64704      5224   8138280     99.94         0      2720   8412880     68.19   4113036   3806916         0         0
07:25:51        64704      5224   8138280     99.94         0      2720   8412880     68.19   4113036   3806916         0         0
07:25:56        64704      5224   8138280     99.94         0      2720   8412880     68.19   4113036   3806916         0         0
07:26:01        64704      5224   8138280     99.94         0      2720   8412880     68.19   4113036   3806916         0         0
07:26:06        62688      3208   8140296     99.96         0      2720   8412880     68.19   4113156   3806920         0         0
07:26:11        62856      3376   8140128     99.96         0      2720   8412880     68.19   4113156   3806920         0         0
07:26:16        62856      3376   8140128     99.96         0      2720   8412880     68.19   4113156   3806920         0         0
07:26:21        62856      3376   8140128     99.96         0      2720   8412880     68.19   4113156   3806920         0         0
07:26:26        62856      3376   8140128     99.96         0      2720   8412880     68.19   4113156   3806920         0         0
07:26:31        62856      3376   8140128     99.96         0      2720   8412880     68.19   4113156   3806920         0         0
07:26:36        62856      3376   8140128     99.96         0      2720   8412880     68.19   4113156   3806920         0         0
07:26:41        62856      3376   8140128     99.96         0      2720   8412880     68.19   4113156   3806920         0         0
07:26:46        62856      3376   8140128     99.96         0      2720   8412880     68.19   4113156   3806920         0         0
07:26:51        62856      3376   8140128     99.96         0      2720   8412880     68.19   4113276   3806924         0         0
07:26:56        62856      3376   8140128     99.96         0      2720   8412880     68.19   4113276   3806924         0         0
07:27:01        62856      3376   8140128     99.96         0      2720   8412880     68.19   4113276   3806924         0         0
07:27:06        62856      3376   8140128     99.96         0      2720   8412880     68.19   4113276   3806924         0         0
07:27:11        62856      3376   8140128     99.96         0      2720   8412880     68.19   4113276   3806924         0         0
07:27:16        60240       192   8143312    100.00         0      1664   8412880     68.19   1323180   6600884         0         0
07:27:21        60240       192   8143312    100.00         0      1664   8412880     68.19   1323180   6600884         0         0
07:27:26        60240       192   8143312    100.00         0      1664   8412880     68.19   1323180   6600884         0         0
07:27:31        60532       484   8143020     99.99         0      1664   8412880     68.19   1323180   6600884         0         0
07:27:36        60532       484   8143020     99.99         0      1664   8412880     68.19   1323180   6600884         0         0
07:27:41        60532       484   8143020     99.99         0      1664   8412880     68.19   1323300   6600888         0         0
07:27:46        60532       484   8143020     99.99         0      1664   8412880     68.19   1323300   6600888         0         0
07:27:51        60532       484   8143020     99.99         0      1664   8412880     68.19   1323300   6600888         0         0
07:27:56        60532       484   8143020     99.99         0      1664   8412880     68.19   1323300   6600888         0         0
07:28:01        60532       484   8143020     99.99         0      1664   8412880     68.19   1323300   6600888         0         0
07:28:06        60532       484   8143020     99.99         0      1664   8412880     68.19   1323300   6600888         0         0
07:28:11        60532       484   8143020     99.99         0      1664   8412880     68.19   1323300   6600888         0         0
07:28:16        60532       484   8143020     99.99         0      1664   8412880     68.19   1323300   6600888         0         0
07:28:21        60532       484   8143020     99.99         0      1664   8412880     68.19   1323300   6600888         0         0
07:28:26        60532       484   8143020     99.99         0      1664   8412880     68.19   1323300   6600888         0         0
07:28:31        60532       484   8143020     99.99         0      1664   8412880     68.19   1323300   6600888         0         0
07:28:36        60532       484   8143020     99.99         0      1664   8412880     68.19   1323420   6600892         0         0
07:28:41        60532       484   8143020     99.99         0      1664   8412880     68.19   1323420   6600892         0         0
07:28:46        60532       484   8143020     99.99         0      1664   8412880     68.19   1323420   6600892         0         0
07:28:51        60532       484   8143020     99.99         0      1664   8412880     68.19   1323420   6600892         0         0
07:28:56        60532       484   8143020     99.99         0      1664   8412880     68.19   1323420   6600892         0         0
07:29:01        60532       484   8143020     99.99         0      1664   8412880     68.19   1323420   6600892         0         0
07:29:06        60532       484   8143020     99.99         0      1664   8412880     68.19   1323420   6600892         0         0
07:29:11        60532       484   8143020     99.99         0      1664   8412880     68.19   1323420   6600892         0         0
07:29:16        60532       484   8143020     99.99         0      1664   8412880     68.19   1323420   6600892         0         0
07:29:21        60532       484   8143020     99.99         0      1664   8412880     68.19   1323420   6600892         0         0
07:29:26        60532       484   8143020     99.99         0      1664   8412880     68.19   1323420   6600892         0         0
07:29:31        60532       484   8143020     99.99         0      1664   8412880     68.19   1323420   6600892         0         0
07:29:36        60532       484   8143020     99.99         0      1664   8412880     68.19   1323540   6600896         0         0
07:29:41        60532       484   8143020     99.99         0      1664   8412880     68.19   1323540   6600896         0         0
07:29:46        60532       484   8143020     99.99         0      1664   8412880     68.19   1323540   6600896         0         0
07:29:51        60532       484   8143020     99.99         0      1664   8412880     68.19   1323540   6600896         0         0
07:29:56        60532       484   8143020     99.99         0      1664   8412880     68.19   1323540   6600896         0         0
07:30:01        60532       484   8143020     99.99         0      1664   8412880     68.19   1323540   6600896         0         0
07:30:06        60532       484   8143020     99.99         0      1664   8412880     68.19   1323540   6600896         0         0
07:30:11        60532       484   8143020     99.99         0      1664   8412880     68.19   1323540   6600896         0         0
07:30:16        60532       484   8143020     99.99         0      1664   8412880     68.19   1323540   6600896         0         0
07:30:21        60532       484   8143020     99.99         0      1664   8412880     68.19   1323540   6600896         0         0
07:30:26        60532       484   8143020     99.99         0      1664   8412880     68.19   1323540   6600896         0         0
07:30:31        60532       484   8143020     99.99         0      1664   8412880     68.19   1323660   6600900         0         0
07:30:36        60532       484   8143020     99.99         0      1664   8412880     68.19   1323660   6600900         0         0
07:30:41        60532       484   8143020     99.99         0      1664   8412880     68.19   1323660   6600900         0         0
07:30:46        60532       484   8143020     99.99         0      1664   8412880     68.19   1323660   6600900         0         0
07:30:51        60532       484   8143020     99.99         0      1664   8412880     68.19   1323660   6600900         0         0
07:30:56        60532       484   8143020     99.99         0      1664   8412880     68.19   1323660   6600900         0         0
07:31:01        60532       484   8143020     99.99         0      1664   8412880     68.19   1323660   6600900         0         0
07:31:06        60532       484   8143020     99.99         0      1664   8412880     68.19   1323660   6600900         0         0
07:31:11        60532       484   8143020     99.99         0      1664   8412880     68.19   1323660   6600900         0         0
07:31:16        60532       484   8143020     99.99         0      1664   8412880     68.19   1323784   6600900         0         0
07:31:21        60532       484   8143020     99.99         0      1664   8412880     68.19   1323784   6600900         0         0
07:31:26        60532       484   8143020     99.99         0      1664   8412880     68.19   1323784   6600900         0         0
07:31:31        60532       484   8143020     99.99         0      1664   8412880     68.19   1323784   6600900         0         0
07:31:36        60532       484   8143020     99.99         0      1664   8412880     68.19   1323784   6600900         0         0
07:31:41        60532       484   8143020     99.99         0      1664   8412880     68.19   1323784   6600900         0         0
07:31:46        60532       484   8143020     99.99         0      1664   8412880     68.19   1323784   6600900         0         0
07:31:51        60532       484   8143020     99.99         0      1664   8412880     68.19   1323784   6600900         0         0
07:31:56        60532       484   8143020     99.99         0      1664   8412880     68.19   1323784   6600900         0         0
07:32:01        60532       484   8143020     99.99         0      1664   8412880     68.19   1323784   6600900         0         0
07:32:06        60532       484   8143020     99.99         0      1664   8412880     68.19   1323784   6600900         0         0
07:32:11        60532       484   8143020     99.99         0      1664   8412880     68.19   1323784   6600900         0         0
07:32:16        60532       484   8143020     99.99         0      1664   8412880     68.19   1323904   6600904         0         0
07:32:21        60532       484   8143020     99.99         0      1664   8412880     68.19   1323904   6600904         0         0
07:32:26        60532       484   8143020     99.99         0      1664   8412880     68.19   1323904   6600904         0         0
07:32:31        60532       484   8143020     99.99         0      1664   8412880     68.19   1323904   6600904         0         0
07:32:36        60532       484   8143020     99.99         0      1664   8412880     68.19   1323904   6600904         0         0
07:32:41        60532       484   8143020     99.99         0      1664   8412880     68.19   1323904   6600904         0         0
07:32:46        60532       484   8143020     99.99         0      1664   8412880     68.19   1323904   6600904         0         0
07:32:51        60532       484   8143020     99.99         0      1664   8412880     68.19   1323904   6600904         0         0
07:32:56        60532       484   8143020     99.99         0      1664   8412880     68.19   1323904   6600904         0         0
07:33:01        60532       484   8143020     99.99         0      1664   8412880     68.19   1323904   6600904         0         0
07:33:06        60532       484   8143020     99.99         0      1664   8412880     68.19   1323904   6600904         0         0
07:33:11        60532       484   8143020     99.99         0      1664   8412880     68.19   1323904   6600904         0         0
07:33:16        60532       484   8143020     99.99         0      1664   8412880     68.19   1323904   6600904         0         0
07:33:21        60532       484   8143020     99.99         0      1664   8412880     68.19   1324024   6600908         0         0
07:33:26        60532       484   8143020     99.99         0      1664   8412880     68.19   1324024   6600908         0         0
07:33:31        60532       484   8143020     99.99         0      1664   8412880     68.19   1324024   6600908         0         0
07:33:36        60532       484   8143020     99.99         0      1664   8412880     68.19   1324024   6600908         0         0
07:33:41        60532       484   8143020     99.99         0      1664   8412880     68.19   1324024   6600908         0         0
07:33:46        60532       484   8143020     99.99         0      1664   8412880     68.19   1324024   6600908         0         0
07:33:51        60532       484   8143020     99.99         0      1664   8412880     68.19   1324024   6600908         0         0
07:33:56        60532       484   8143020     99.99         0      1664   8412880     68.19   1324024   6600908         0         0
07:34:01        60532       484   8143020     99.99         0      1664   8412880     68.19   1324024   6600908         0         0
07:34:06        60532       484   8143020     99.99         0      1664   8412880     68.19   1324024   6600908         0         0
07:34:11        60532       484   8143020     99.99         0      1664   8412880     68.19   1324024   6600908         0         0
07:34:16        60532       484   8143020     99.99         0      1664   8412880     68.19   1324024   6600908         0         0
07:34:21        60532       484   8143020     99.99         0      1664   8412880     68.19   1324024   6600908         0         0
07:34:26        60532       484   8143020     99.99         0      1664   8412880     68.19   1324024   6600908         0         0
07:34:31        60532       484   8143020     99.99         0      1664   8412880     68.19   1324024   6600908         0         0
07:34:36        60532       484   8143020     99.99         0      1664   8412880     68.19   1324144   6600912         0         0
07:34:41        60532       484   8143020     99.99         0      1664   8412880     68.19   1324144   6600912         0         0
07:34:46        60532       484   8143020     99.99         0      1664   8412880     68.19   1324144   6600912         0         0
07:34:51        60532       484   8143020     99.99         0      1664   8412880     68.19   1324144   6600912         0         0
07:34:56        60532       484   8143020     99.99         0      1664   8412880     68.19   1324144   6600912         0         0
07:35:01        60532       484   8143020     99.99         0      1664   8412880     68.19   1324144   6600912         0         0
07:35:06        60532       484   8143020     99.99         0      1664   8412880     68.19   1324144   6600912         0         0
07:35:11        60532       484   8143020     99.99         0      1664   8412880     68.19   1324144   6600912         0         0
07:35:16        60532       484   8143020     99.99         0      1664   8412880     68.19   1324144   6600912         0         0
07:35:21        60532       484   8143020     99.99         0      1664   8412880     68.19   1324144   6600912         0         0
07:35:26        60532       484   8143020     99.99         0      1664   8412880     68.19   1324144   6600912         0         0
07:35:31        60532       484   8143020     99.99         0      1664   8412880     68.19   1324264   6600916         0         0
07:35:36        60532       484   8143020     99.99         0      1664   8412880     68.19   1324264   6600916         0         0
07:35:41        60532       484   8143020     99.99         0      1664   8412880     68.19   1324264   6600916         0         0
07:35:46        60532       484   8143020     99.99         0      1664   8412880     68.19   1324264   6600916         0         0
07:35:51        60532       484   8143020     99.99         0      1664   8412880     68.19   1324264   6600916         0         0
07:35:56        60532       484   8143020     99.99         0      1664   8412880     68.19   1324264   6600916         0         0
07:36:01        60532       484   8143020     99.99         0      1664   8412880     68.19   1324264   6600916         0         0
07:36:06        60532       484   8143020     99.99         0      1664   8412880     68.19   1324264   6600916         0         0
07:36:11        60532       484   8143020     99.99         0      1664   8412880     68.19   1324264   6600916         0         0
07:36:16        60532       484   8143020     99.99         0      1664   8412880     68.19   1324264   6600916         0         0
07:36:21        60532       484   8143020     99.99         0      1664   8412880     68.19   1324264   6600916         0         0
07:36:26        60532       484   8143020     99.99         0      1664   8412880     68.19   1324264   6600916         0         0
07:36:31        60532       484   8143020     99.99         0      1664   8412880     68.19   1324264   6600916         0         0
07:36:36        60532       484   8143020     99.99         0      1664   8412880     68.19   1324264   6600916         0         0
07:36:41        60532       484   8143020     99.99         0      1664   8412880     68.19   1324264   6600916         0         0
07:36:46        60532       484   8143020     99.99         0      1664   8412880     68.19   1324384   6600920         0         0
07:36:51        60532       484   8143020     99.99         0      1664   8412880     68.19   1324384   6600920         0         0
07:36:56        60532       484   8143020     99.99         0      1664   8412880     68.19   1324384   6600920         0         0
07:37:01        60532       484   8143020     99.99         0      1664   8412880     68.19   1324384   6600920         0         0
07:37:06        60532       484   8143020     99.99         0      1664   8412880     68.19   1324384   6600920         0         0
07:37:11        60532       484   8143020     99.99         0      1664   8412880     68.19   1324384   6600920         0         0
07:37:16        60532       484   8143020     99.99         0      1664   8412880     68.19   1324384   6600920         0         0
07:37:21        60532       484   8143020     99.99         0      1664   8412880     68.19   1324384   6600920         0         0
07:37:26        60532       484   8143020     99.99         0      1664   8412880     68.19   1324384   6600920         0         0
07:37:31        60532       484   8143020     99.99         0      1664   8412880     68.19   1324384   6600920         0         0
07:37:36        60532       484   8143020     99.99         0      1664   8412880     68.19   1324384   6600920         0         0
07:37:41        60532       484   8143020     99.99         0      1664   8412880     68.19   1324384   6600920         0         0
07:37:46        51612     51612   8091892     99.37         0      1664   8412880     68.19   1364424   6572044         0         0
07:37:51        61004       908   8142596     99.99         0      1564   8412880     68.19   2337320   5587848         0         0
07:37:56        61004       908   8142596     99.99         0      1564   8412880     68.19   2337320   5587848         0         0
07:38:01        61004       908   8142596     99.99         0      1564   8412880     68.19   2337320   5587848         0         0
07:38:06        61004       908   8142596     99.99         0      1564   8412880     68.19   2337320   5587848         0         0
07:38:11        61004       908   8142596     99.99         0      1564   8412880     68.19   2337320   5587848         0         0
07:38:16        61004       908   8142596     99.99         0      1564   8412880     68.19   2337320   5587848         0         0
07:38:21        61004       908   8142596     99.99         0      1564   8412880     68.19   2337320   5587848         0         0
07:38:26        61004       908   8142596     99.99         0      1564   8412880     68.19   2337440   5587852         0         0
07:38:31        61004       908   8142596     99.99         0      1564   8412880     68.19   2337440   5587852         0         0
07:38:36        61004       908   8142596     99.99         0      1564   8412880     68.19   2337440   5587852         0         0
07:38:41        61004       908   8142596     99.99         0      1564   8412880     68.19   2337440   5587852         0         0
07:38:46        61004       908   8142596     99.99         0      1564   8412880     68.19   2337440   5587852         0         0
07:38:51        61004       908   8142596     99.99         0      1564   8412880     68.19   2337440   5587852         0         0
07:38:56        61004       908   8142596     99.99         0      1564   8412880     68.19   2337440   5587852         0         0
07:39:01        61004       908   8142596     99.99         0      1564   8412880     68.19   2337440   5587852         0         0
07:39:06        61004       908   8142596     99.99         0      1564   8412880     68.19   2337440   5587852         0         0
07:39:11        61004       908   8142596     99.99         0      1564   8412880     68.19   2337440   5587852         0         0
07:39:16        61004       908   8142596     99.99         0      1564   8412880     68.19   2337560   5587856         0         0
07:39:21        81364     21020   8122484     99.74         0      1244   8412880     68.19   1548424   6349868         0         0
07:39:26        81160     20944   8122560     99.74         0      1244   8412880     68.19   1548708   6350032         0         0
07:39:31        81160     20944   8122560     99.74         0      1244   8412880     68.19   1548828   6350036         0         0
07:39:36        81436     21220   8122284     99.74         0      1244   8412880     68.19   1548828   6350036         0         0
07:39:41        81436     21220   8122284     99.74         0      1244   8412880     68.19   1548828   6350036         0         0
07:39:46        81436     21220   8122284     99.74         0      1244   8412880     68.19   1548828   6350036         0         0
07:39:51        81436     21220   8122284     99.74         0      1244   8412880     68.19   1548828   6350036         0         0
07:39:56        81436     21220   8122284     99.74         0      1244   8412880     68.19   1548828   6350036         0         0
07:40:01        81436     21220   8122284     99.74         0      1244   8412880     68.19   1548828   6350036         0         0
07:40:06        81436     21220   8122284     99.74         0      1244   8412880     68.19   1548828   6350036         0         0
07:40:11        81436     21220   8122284     99.74         0      1244   8412880     68.19   1548948   6350040         0         0
07:40:16        81436     21220   8122284     99.74         0      1244   8412880     68.19   1548948   6350040         0         0
07:40:21        81436     21220   8122284     99.74         0      1244   8412880     68.19   1548948   6350040         0         0
07:40:26        81436     21220   8122284     99.74         0      1244   8412880     68.19   1548948   6350040         0         0
07:40:31        81436     21220   8122284     99.74         0      1244   8412880     68.19   1548948   6350040         0         0
07:40:36        81436     21220   8122284     99.74         0      1244   8412880     68.19   1548948   6350040         0         0
07:40:41        81436     21220   8122284     99.74         0      1244   8412880     68.19   1548948   6350040         0         0
07:40:46        81436     21220   8122284     99.74         0      1244   8412880     68.19   1548948   6350040         0         0
07:40:51        81436     21220   8122284     99.74         0      1244   8412880     68.19   1549068   6350044         0         0
07:40:56        81436     21220   8122284     99.74         0      1244   8412880     68.19   1549068   6350044         0         0
07:41:01        81436     21220   8122284     99.74         0      1244   8412880     68.19   1549068   6350044         0         0
07:41:06        81436     21220   8122284     99.74         0      1244   8412880     68.19   1549068   6350044         0         0
07:41:11        81436     21220   8122284     99.74         0      1244   8412880     68.19   1549068   6350044         0         0
07:41:16        81436     21220   8122284     99.74         0      1244   8412880     68.19   1549068   6350044         0         0
07:41:21        81436     21220   8122284     99.74         0      1244   8412880     68.19   1549068   6350044         0         0
07:41:26        81436     21220   8122284     99.74         0      1244   8412880     68.19   1549068   6350044         0         0
07:41:31        81436     21220   8122284     99.74         0      1244   8412880     68.19   1549068   6350044         0         0
07:41:36        81436     21220   8122284     99.74         0      1244   8412880     68.19   1549068   6350044         0         0
07:41:41        81436     21220   8122284     99.74         0      1244   8412880     68.19   1549068   6350044         0         0
07:41:46        81436     21220   8122284     99.74         0      1244   8412880     68.19   1549188   6350048         0         0
07:41:51        81436     21220   8122284     99.74         0      1244   8412880     68.19   1549188   6350048         0         0
07:41:56        81436     21220   8122284     99.74         0      1244   8412880     68.19   1549188   6350048         0         0
07:42:01        81436     21220   8122284     99.74         0      1244   8412880     68.19   1549188   6350048         0         0
07:42:06        81436     21220   8122284     99.74         0      1244   8412880     68.19   1549188   6350048         0         0
07:42:11        81436     21220   8122284     99.74         0      1244   8412880     68.19   1549188   6350048         0         0
07:42:16        81436     21220   8122284     99.74         0      1244   8412880     68.19   1549188   6350048         0         0
07:42:21        88668     28160   8115344     99.65         0       660   8412880     68.19   2873032   5022056         0         0
07:42:26        88668     28160   8115344     99.65         0       660   8412880     68.19   2873032   5022056         0         0
07:42:31        88668     28160   8115344     99.65         0       660   8412880     68.19   2873032   5022056         0         0
07:42:36        88668     28160   8115344     99.65         0       660   8412880     68.19   2873032   5022056         0         0
07:42:41        88668     28160   8115344     99.65         0       660   8412880     68.19   2873032   5022056         0         0
07:42:46        88668     28160   8115344     99.65         0       660   8412880     68.19   2873152   5022060         0         0
07:42:51        88668     28160   8115344     99.65         0       660   8412880     68.19   2873152   5022060         0         0
07:42:56        88668     28160   8115344     99.65         0       660   8412880     68.19   2873152   5022060         0         0
07:43:01        88668     28160   8115344     99.65         0       660   8412880     68.19   2873152   5022060         0         0
07:43:06        88668     28160   8115344     99.65         0       660   8412880     68.19   2873152   5022060         0         0
07:43:11        88668     28160   8115344     99.65         0       660   8412880     68.19   2873152   5022060         0         0
07:43:16        88668     28160   8115344     99.65         0       660   8412880     68.19   2873152   5022060         0         0
07:43:21        88668     28160   8115344     99.65         0       660   8412880     68.19   2873272   5022064         0         0
07:43:26        88668     28160   8115344     99.65         0       660   8412880     68.19   2873272   5022064         0         0
07:43:31        88668     28160   8115344     99.65         0       660   8412880     68.19   2873272   5022064         0         0
07:43:36        88668     28160   8115344     99.65         0       660   8412880     68.19   2873272   5022064         0         0
07:43:41        88668     28160   8115344     99.65         0       660   8412880     68.19   2873272   5022064         0         0
07:43:46        88668     28160   8115344     99.65         0       660   8412880     68.19   2873272   5022064         0         0
07:43:51        88668     28160   8115344     99.65         0       660   8412880     68.19   2873272   5022064         0         0
07:43:56        88668     28160   8115344     99.65         0       660   8412880     68.19   2873392   5022068         0         0
07:44:01        88668     28160   8115344     99.65         0       660   8412880     68.19   2873392   5022068         0         0
07:44:06        88668     28160   8115344     99.65         0       660   8412880     68.19   2873392   5022068         0         0
07:44:11        88668     28160   8115344     99.65         0       660   8412880     68.19   2873392   5022068         0         0
07:44:16        88668     28160   8115344     99.65         0       660   8412880     68.19   2873392   5022068         0         0
07:44:21        88668     28160   8115344     99.65         0       660   8412880     68.19   2873392   5022068         0         0
07:44:26        88668     28160   8115344     99.65         0       660   8412880     68.19   2873392   5022068         0         0
07:44:31        88668     28160   8115344     99.65         0       660   8412880     68.19   2873512   5022072         0         0
07:44:36        88668     28160   8115344     99.65         0       660   8412880     68.19   2873512   5022072         0         0
07:44:41        88668     28160   8115344     99.65         0       660   8412880     68.19   2873512   5022072         0         0
07:44:46        88668     28160   8115344     99.65         0       660   8412880     68.19   2873512   5022072         0         0
07:44:51        88668     28160   8115344     99.65         0       660   8412880     68.19   2873512   5022072         0         0
07:44:56        88668     28160   8115344     99.65         0       660   8412880     68.19   2873512   5022072         0         0
07:45:01        88668     28160   8115344     99.65         0       660   8412880     68.19   2873512   5022072         0         0
07:45:06        88668     28160   8115344     99.65         0       660   8412880     68.19   2873512   5022072         0         0
07:45:11        88668     28160   8115344     99.65         0       660   8412880     68.19   2873632   5022076         0         0
07:45:16        88668     28160   8115344     99.65         0       660   8412880     68.19   2873632   5022076         0         0
07:45:21        88668     28160   8115344     99.65         0       660   8412880     68.19   2873632   5022076         0         0
07:45:26        88668     28160   8115344     99.65         0       660   8412880     68.19   2873632   5022076         0         0
07:45:31        88668     28160   8115344     99.65         0       660   8412880     68.19   2873632   5022076         0         0
07:45:36        88668     28160   8115344     99.65         0       660   8412880     68.19   2873632   5022076         0         0
07:45:41        88668     28160   8115344     99.65         0       660   8412880     68.19   2873632   5022076         0         0
07:45:46        88668     28160   8115344     99.65         0       660   8412880     68.19   2873632   5022076         0         0
07:45:51        88668     28160   8115344     99.65         0       660   8412880     68.19   2873752   5022080         0         0
07:45:56        88668     28160   8115344     99.65         0       660   8412880     68.19   2873752   5022080         0         0
07:46:01        88668     28160   8115344     99.65         0       660   8412880     68.19   2873752   5022080         0         0
07:46:06        88668     28160   8115344     99.65         0       660   8412880     68.19   2873752   5022080         0         0
07:46:11        88668     28160   8115344     99.65         0       660   8412880     68.19   2873752   5022080         0         0
07:46:16        88668     28160   8115344     99.65         0       660   8412880     68.19   2873752   5022080         0         0
07:46:21        88668     28160   8115344     99.65         0       660   8412880     68.19   2873752   5022080         0         0
07:46:26        88668     28160   8115344     99.65         0       660   8412880     68.19   2873752   5022080         0         0
07:46:31        88668     28160   8115344     99.65         0       660   8412880     68.19   2873872   5022084         0         0
07:46:36        88668     28160   8115344     99.65         0       660   8412880     68.19   2873872   5022084         0         0
07:46:41        88668     28160   8115344     99.65         0       660   8412880     68.19   2873872   5022084         0         0
07:46:46        88668     28160   8115344     99.65         0       660   8412880     68.19   2873872   5022084         0         0
07:46:51        88668     28160   8115344     99.65         0       660   8412880     68.19   2873872   5022084         0         0
07:46:56        88668     28160   8115344     99.65         0       660   8412880     68.19   2873872   5022084         0         0
07:47:01        88668     28160   8115344     99.65         0       660   8412880     68.19   2873872   5022084         0         0
07:47:06        88668     28160   8115344     99.65         0       660   8412880     68.19   2873872   5022084         0         0
07:47:11        88668     28160   8115344     99.65         0       660   8412880     68.19   2873992   5022088         0         0
07:47:16        88668     28160   8115344     99.65         0       660   8412880     68.19   2873992   5022088         0         0
07:47:21        88668     28160   8115344     99.65         0       660   8412880     68.19   2873992   5022088         0         0
07:47:26        88668     28160   8115344     99.65         0       660   8412880     68.19   2873992   5022088         0         0
07:47:31        88668     28160   8115344     99.65         0       660   8412880     68.19   2873992   5022088         0         0
07:47:36        88668     28160   8115344     99.65         0       660   8412880     68.19   2873992   5022088         0         0
07:47:41        88668     28160   8115344     99.65         0       660   8412880     68.19   2873992   5022088         0         0
07:47:46        88668     28160   8115344     99.65         0       660   8412880     68.19   2873992   5022088         0         0
07:47:51        88668     28160   8115344     99.65         0       660   8412880     68.19   2874112   5022092         0         0
07:47:56        88668     28160   8115344     99.65         0       660   8412880     68.19   2874112   5022092         0         0
07:48:01        88668     28160   8115344     99.65         0       660   8412880     68.19   2874112   5022092         0         0
07:48:06        88668     28160   8115344     99.65         0       660   8412880     68.19   2874112   5022092         0         0
07:48:11        88668     28160   8115344     99.65         0       660   8412880     68.19   2874112   5022092         0         0
07:48:16        88668     28160   8115344     99.65         0       660   8412880     68.19   2874112   5022092         0         0
07:48:21        88668     28160   8115344     99.65         0       660   8412880     68.19   2874112   5022092         0         0
07:48:26        88668     28160   8115344     99.65         0       660   8412880     68.19   2874112   5022092         0         0
07:48:31        88668     28160   8115344     99.65         0       660   8412880     68.19   2874232   5022096         0         0
07:48:36        88668     28160   8115344     99.65         0       660   8412880     68.19   2874232   5022096         0         0
07:48:41        88668     28160   8115344     99.65         0       660   8412880     68.19   2874232   5022096         0         0
07:48:46        88668     28160   8115344     99.65         0       660   8412880     68.19   2874232   5022096         0         0
07:48:51        88668     28160   8115344     99.65         0       660   8412880     68.19   2874232   5022096         0         0
07:48:56        88668     28160   8115344     99.65         0       660   8412880     68.19   2874232   5022096         0         0
07:49:01        88668     28160   8115344     99.65         0       660   8412880     68.19   2874232   5022096         0         0
07:49:06        88668     28160   8115344     99.65         0       660   8412880     68.19   2874352   5022100         0         0
07:49:11        88668     28160   8115344     99.65         0       660   8412880     68.19   2874352   5022100         0         0
07:49:16        88668     28160   8115344     99.65         0       660   8412880     68.19   2874352   5022100         0         0
07:49:21        88668     28160   8115344     99.65         0       660   8412880     68.19   2874352   5022100         0         0
07:49:26        88668     28160   8115344     99.65         0       660   8412880     68.19   2874352   5022100         0         0
07:49:31        88668     28160   8115344     99.65         0       660   8412880     68.19   2874352   5022100         0         0
07:49:36        88668     28160   8115344     99.65         0       660   8412880     68.19   2874352   5022100         0         0
07:49:41        88668     28160   8115344     99.65         0       660   8412880     68.19   2874472   5022104         0         0
07:49:46        88668     28160   8115344     99.65         0       660   8412880     68.19   2874472   5022104         0         0
07:49:51        88668     28160   8115344     99.65         0       660   8412880     68.19   2874472   5022104         0         0
07:49:56        88668     28160   8115344     99.65         0       660   8412880     68.19   2874472   5022104         0         0
07:50:01        88668     28160   8115344     99.65         0       660   8412880     68.19   2874472   5022104         0         0
07:50:06        88668     28160   8115344     99.65         0       660   8412880     68.19   2874472   5022104         0         0
07:50:11        88668     28160   8115344     99.65         0       660   8412880     68.19   2874472   5022104         0         0
07:50:16        88668     28160   8115344     99.65         0       660   8412880     68.19   2874472   5022104         0         0
07:50:21        88668     28160   8115344     99.65         0       660   8412880     68.19   2874472   5022104         0         0
07:50:26        88668     28160   8115344     99.65         0       660   8412880     68.19   2874472   5022104         0         0
07:50:31        88668     28160   8115344     99.65         0       660   8412880     68.19   2874472   5022104         0         0
07:50:36        88668     28160   8115344     99.65         0       660   8412880     68.19   2874592   5022108         0         0
07:50:41        88668     28160   8115344     99.65         0       660   8412880     68.19   2874592   5022108         0         0
07:50:46        88668     28160   8115344     99.65         0       660   8412880     68.19   2874592   5022108         0         0
07:50:51        88668     28160   8115344     99.65         0       660   8412880     68.19   2874592   5022108         0         0
07:50:56        88668     28160   8115344     99.65         0       660   8412880     68.19   2874592   5022108         0         0
07:51:01        88668     28160   8115344     99.65         0       660   8412880     68.19   2874592   5022108         0         0
07:51:06        88668     28160   8115344     99.65         0       660   8412880     68.19   2874592   5022108         0         0
07:51:11        88668     28160   8115344     99.65         0       660   8412880     68.19   2874592   5022108         0         0
07:51:16        88668     28160   8115344     99.65         0       660   8412880     68.19   2874592   5022108         0         0
07:51:21        88668     28160   8115344     99.65         0       660   8412880     68.19   2874592   5022108         0         0
07:51:26        88668     28160   8115344     99.65         0       660   8412880     68.19   2874712   5022112         0         0
07:51:31        88668     28160   8115344     99.65         0       660   8412880     68.19   2874712   5022112         0         0
07:51:36        88668     28160   8115344     99.65         0       660   8412880     68.19   2874712   5022112         0         0
07:51:41        88668     28160   8115344     99.65         0       660   8412880     68.19   2874712   5022112         0         0
07:51:46        88668     28160   8115344     99.65         0       660   8412880     68.19   2874712   5022112         0         0
07:51:51        88668     28160   8115344     99.65         0       660   8412880     68.19   2874712   5022112         0         0
07:51:56        88668     28160   8115344     99.65         0       660   8412880     68.19   2874712   5022112         0         0
07:52:01        88668     28160   8115344     99.65         0       660   8412880     68.19   2874712   5022112         0         0
07:52:06        88668     28160   8115344     99.65         0       660   8412880     68.19   2874712   5022112         0         0
07:52:11        88668     28160   8115344     99.65         0       660   8412880     68.19   2874832   5022116         0         0
07:52:16        88668     28160   8115344     99.65         0       660   8412880     68.19   2874832   5022116         0         0
07:52:21        88668     28160   8115344     99.65         0       660   8412880     68.19   2874832   5022116         0         0
07:52:26        88668     28160   8115344     99.65         0       660   8412880     68.19   2874832   5022116         0         0
07:52:31        88668     28160   8115344     99.65         0       660   8412880     68.19   2874832   5022116         0         0
07:52:36        88668     28160   8115344     99.65         0       660   8412880     68.19   2874832   5022116         0         0
07:52:41        88668     28160   8115344     99.65         0       660   8412880     68.19   2874832   5022116         0         0
07:52:46        88668     28160   8115344     99.65         0       660   8412880     68.19   2874832   5022116         0         0
07:52:51        54612     54612   8088892     99.33         0       660   8412880     68.19   2913480   5016272         0         0
07:52:56        48404     48404   8095100     99.41         0       660   8412880     68.19   5767704   2169632         0         0
07:53:01        70852     10324   8133180     99.87         0       704   8412880     68.19   2459992   5448804         0         0
07:53:06        71696     11228   8132276     99.86         0       764   8412880     68.19   2460028   5448892         0         0
07:53:11        71696     11228   8132276     99.86         0       764   8412880     68.19   2460028   5448892         0         0
07:53:16        71696     11228   8132276     99.86         0       764   8412880     68.19   2460028   5448892         0         0
07:53:21        71948     11480   8132024     99.86         0       764   8412880     68.19   2460028   5448892         0         0
07:53:26        71948     11480   8132024     99.86         0       764   8412880     68.19   2460028   5448892         0         0
07:53:31        71948     11480   8132024     99.86         0       764   8412880     68.19   2460028   5448892         0         0
07:53:36        71948     11480   8132024     99.86         0       764   8412880     68.19   2460028   5448892         0         0
07:53:41        71948     11480   8132024     99.86         0       764   8412880     68.19   2460028   5448892         0         0
07:53:46        71948     11480   8132024     99.86         0       764   8412880     68.19   2460148   5448896         0         0
07:53:51        71948     11480   8132024     99.86         0       764   8412880     68.19   2460148   5448896         0         0
07:53:56        71948     11480   8132024     99.86         0       764   8412880     68.19   2460148   5448896         0         0
07:54:01        71948     11480   8132024     99.86         0       764   8412880     68.19   2460148   5448896         0         0
07:54:06        71948     11480   8132024     99.86         0       764   8412880     68.19   2460148   5448896         0         0
07:54:11        71948     11480   8132024     99.86         0       764   8412880     68.19   2460148   5448896         0         0
07:54:16        71948     11480   8132024     99.86         0       764   8412880     68.19   2460148   5448896         0         0
07:54:21        71948     11480   8132024     99.86         0       764   8412880     68.19   2460148   5448896         0         0
07:54:26        96516     36008   8107496     99.56         0       680   8412880     68.19   5715976   2172340         0         0
07:54:31        96516     36008   8107496     99.56         0       680   8412880     68.19   5715976   2172340         0         0
07:54:36        96516     36008   8107496     99.56         0       680   8412880     68.19   5716096   2172344         0         0
07:54:41        96516     36008   8107496     99.56         0       680   8412880     68.19   5716096   2172344         0         0
07:54:46        96516     36008   8107496     99.56         0       680   8412880     68.19   5716096   2172344         0         0
07:54:51        96516     36008   8107496     99.56         0       680   8412880     68.19   5716096   2172344         0         0
07:54:56        96516     36008   8107496     99.56         0       680   8412880     68.19   5716096   2172344         0         0
07:55:01        96516     36008   8107496     99.56         0       680   8412880     68.19   5716096   2172344         0         0
07:55:06        96516     36008   8107496     99.56         0       680   8412880     68.19   5716096   2172344         0         0
07:55:11        96516     36008   8107496     99.56         0       680   8412880     68.19   5716096   2172344         0         0
07:55:16        96516     36008   8107496     99.56         0       680   8412880     68.19   5716096   2172344         0         0
07:55:21        96516     36008   8107496     99.56         0       680   8412880     68.19   5716096   2172344         0         0
07:55:26        96516     36008   8107496     99.56         0       680   8412880     68.19   5716096   2172344         0         0
07:55:31        96516     36008   8107496     99.56         0       680   8412880     68.19   5716216   2172348         0         0
07:55:36        96516     36008   8107496     99.56         0       680   8412880     68.19   5716216   2172348         0         0
07:55:41        96516     36008   8107496     99.56         0       680   8412880     68.19   5716216   2172348         0         0
07:55:46        96516     36008   8107496     99.56         0       680   8412880     68.19   5716216   2172348         0         0
07:55:51        96516     36008   8107496     99.56         0       680   8412880     68.19   5716216   2172348         0         0
07:55:56        96516     36008   8107496     99.56         0       680   8412880     68.19   5716216   2172348         0         0
07:56:01        96516     36008   8107496     99.56         0       680   8412880     68.19   5716216   2172348         0         0
07:56:06        96516     36008   8107496     99.56         0       680   8412880     68.19   5716336   2172352         0         0
07:56:11        96516     36008   8107496     99.56         0       680   8412880     68.19   5716336   2172352         0         0
07:56:16        96516     36008   8107496     99.56         0       680   8412880     68.19   5716336   2172352         0         0
07:56:21        96516     36008   8107496     99.56         0       680   8412880     68.19   5716336   2172352         0         0
07:56:26        96516     36008   8107496     99.56         0       680   8412880     68.19   5716336   2172352         0         0
07:56:31        96516     36008   8107496     99.56         0       680   8412880     68.19   5716336   2172352         0         0
07:56:36        96516     36008   8107496     99.56         0       680   8412880     68.19   5716336   2172352         0         0
07:56:41        96516     36008   8107496     99.56         0       680   8412880     68.19   5716336   2172352         0         0
07:56:46        96516     36008   8107496     99.56         0       680   8412880     68.19   5716336   2172352         0         0
07:56:51        96516     36008   8107496     99.56         0       680   8412880     68.19   5716456   2172356         0         0
07:56:56        96516     36008   8107496     99.56         0       680   8412880     68.19   5716456   2172356         0         0
07:57:01        96516     36008   8107496     99.56         0       680   8412880     68.19   5716456   2172356         0         0
07:57:06        96516     36008   8107496     99.56         0       680   8412880     68.19   5716456   2172356         0         0
07:57:11        96516     36008   8107496     99.56         0       680   8412880     68.19   5716456   2172356         0         0
07:57:16        96516     36008   8107496     99.56         0       680   8412880     68.19   5716456   2172356         0         0
07:57:21        96516     36008   8107496     99.56         0       680   8412880     68.19   5716456   2172356         0         0
07:57:26        85064     24752   8118752     99.70         0      1056   8412880     68.19   2481396   5414744         0         0
07:57:31        85064     24752   8118752     99.70         0      1056   8412880     68.19   2481396   5414744         0         0
07:57:36        85064     24752   8118752     99.70         0      1056   8412880     68.19   2481396   5414744         0         0
07:57:41        85064     24752   8118752     99.70         0      1056   8412880     68.19   2481516   5414748         0         0
07:57:46        85064     24752   8118752     99.70         0      1056   8412880     68.19   2481516   5414748         0         0
07:57:51        85064     24752   8118752     99.70         0      1056   8412880     68.19   2481516   5414748         0         0
07:57:56        85064     24752   8118752     99.70         0      1056   8412880     68.19   2481516   5414748         0         0
07:58:01        85064     24752   8118752     99.70         0      1056   8412880     68.19   2481516   5414748         0         0
07:58:06        85064     24752   8118752     99.70         0      1056   8412880     68.19   2481516   5414748         0         0
07:58:11        85064     24752   8118752     99.70         0      1056   8412880     68.19   2481516   5414748         0         0
07:58:16        85064     24752   8118752     99.70         0      1056   8412880     68.19   2481516   5414748         0         0
07:58:21        85064     24752   8118752     99.70         0      1056   8412880     68.19   2481636   5414752         0         0
07:58:26        85064     24752   8118752     99.70         0      1056   8412880     68.19   2481636   5414752         0         0
07:58:31        85064     24752   8118752     99.70         0      1056   8412880     68.19   2481636   5414752         0         0
07:58:36        85064     24752   8118752     99.70         0      1056   8412880     68.19   2481636   5414752         0         0
07:58:41        85064     24752   8118752     99.70         0      1056   8412880     68.19   2481636   5414752         0         0
07:58:46        85064     24752   8118752     99.70         0      1056   8412880     68.19   2481636   5414752         0         0
07:58:51        85064     24752   8118752     99.70         0      1056   8412880     68.19   2481636   5414752         0         0
07:58:56        85064     24752   8118752     99.70         0      1056   8412880     68.19   2481756   5414756         0         0
07:59:01        85064     24752   8118752     99.70         0      1056   8412880     68.19   2481756   5414756         0         0
07:59:06        85064     24752   8118752     99.70         0      1056   8412880     68.19   2481756   5414756         0         0
07:59:11        85064     24752   8118752     99.70         0      1056   8412880     68.19   2481756   5414756         0         0
07:59:16        85064     24752   8118752     99.70         0      1056   8412880     68.19   2481756   5414756         0         0
07:59:21        85064     24752   8118752     99.70         0      1056   8412880     68.19   2481756   5414756         0         0
07:59:26        85064     24752   8118752     99.70         0      1056   8412880     68.19   2481756   5414756         0         0
07:59:31        85064     24752   8118752     99.70         0      1056   8412880     68.19   2481876   5414760         0         0
07:59:36        85064     24752   8118752     99.70         0      1056   8412880     68.19   2481876   5414760         0         0
07:59:41        85064     24752   8118752     99.70         0      1056   8412880     68.19   2481876   5414760         0         0
07:59:46        85064     24752   8118752     99.70         0      1056   8412880     68.19   2481876   5414760         0         0
07:59:51        85064     24752   8118752     99.70         0      1056   8412880     68.19   2481876   5414760         0         0
07:59:56        85064     24752   8118752     99.70         0      1056   8412880     68.19   2481876   5414760         0         0
08:00:01        85064     24752   8118752     99.70         0      1056   8412880     68.19   2481876   5414760         0         0
08:00:06        85064     24752   8118752     99.70         0      1056   8412880     68.19   2481876   5414760         0         0
08:00:11        85064     24752   8118752     99.70         0      1056   8412880     68.19   2481876   5414760         0         0
08:00:16        85064     24752   8118752     99.70         0      1056   8412880     68.19   2481876   5414760         0         0
08:00:21        85064     24752   8118752     99.70         0      1056   8412880     68.19   2481996   5414764         0         0
08:00:26        85064     24752   8118752     99.70         0      1056   8412880     68.19   2481996   5414764         0         0
08:00:31        85064     24752   8118752     99.70         0      1056   8412880     68.19   2481996   5414764         0         0
08:00:36        85064     24752   8118752     99.70         0      1056   8412880     68.19   2481996   5414764         0         0
08:00:41        85064     24752   8118752     99.70         0      1056   8412880     68.19   2481996   5414764         0         0
08:00:46        85064     24752   8118752     99.70         0      1056   8412880     68.19   2481996   5414764         0         0
08:00:51        85064     24752   8118752     99.70         0      1056   8412880     68.19   2482116   5414768         0         0
08:00:56        85064     24752   8118752     99.70         0      1056   8412880     68.19   2482116   5414768         0         0
08:01:01        85064     24752   8118752     99.70         0      1056   8412880     68.19   2482116   5414768         0         0
08:01:06        85064     24752   8118752     99.70         0      1056   8412880     68.19   2482116   5414768         0         0
08:01:11        85064     24752   8118752     99.70         0      1056   8412880     68.19   2482116   5414768         0         0
08:01:16        85064     24752   8118752     99.70         0      1056   8412880     68.19   2482116   5414768         0         0
08:01:21        85064     24752   8118752     99.70         0      1056   8412880     68.19   2482116   5414768         0         0
08:01:26        85064     24752   8118752     99.70         0      1056   8412880     68.19   2482116   5414768         0         0
08:01:31        85064     24752   8118752     99.70         0      1056   8412880     68.19   2482236   5414772         0         0
08:01:36        85064     24752   8118752     99.70         0      1056   8412880     68.19   2482236   5414772         0         0
08:01:41        85064     24752   8118752     99.70         0      1056   8412880     68.19   2482236   5414772         0         0
08:01:46        85064     24752   8118752     99.70         0      1056   8412880     68.19   2482236   5414772         0         0
08:01:51        85064     24752   8118752     99.70         0      1056   8412880     68.19   2482236   5414772         0         0
08:01:56        85064     24752   8118752     99.70         0      1056   8412880     68.19   2482236   5414772         0         0
08:02:01        85064     24752   8118752     99.70         0      1056   8412880     68.19   2482236   5414772         0         0
08:02:06        85064     24752   8118752     99.70         0      1056   8412880     68.19   2482236   5414772         0         0
08:02:11        85064     24752   8118752     99.70         0      1056   8412880     68.19   2482356   5414776         0         0
08:02:16        85064     24752   8118752     99.70         0      1056   8412880     68.19   2482356   5414776         0         0
08:02:21        85064     24752   8118752     99.70         0      1056   8412880     68.19   2482356   5414776         0         0
08:02:26        85064     24752   8118752     99.70         0      1056   8412880     68.19   2482356   5414776         0         0
08:02:31        85064     24752   8118752     99.70         0      1056   8412880     68.19   2482356   5414776         0         0
08:02:36        85064     24752   8118752     99.70         0      1056   8412880     68.19   2482356   5414776         0         0
08:02:41        85064     24752   8118752     99.70         0      1056   8412880     68.19   2482356   5414776         0         0
08:02:46        85064     24752   8118752     99.70         0      1056   8412880     68.19   2482356   5414776         0         0
08:02:51        85064     24752   8118752     99.70         0      1056   8412880     68.19   2482356   5414776         0         0
08:02:56        85064     24752   8118752     99.70         0      1056   8412880     68.19   2482356   5414776         0         0
08:03:01        85064     24752   8118752     99.70         0      1056   8412880     68.19   2482476   5414780         0         0
08:03:06        85064     24752   8118752     99.70         0      1056   8412880     68.19   2482476   5414780         0         0
08:03:11        85064     24752   8118752     99.70         0      1056   8412880     68.19   2482476   5414780         0         0
08:03:16        85064     24752   8118752     99.70         0      1056   8412880     68.19   2482476   5414780         0         0
08:03:21        85064     24752   8118752     99.70         0      1056   8412880     68.19   2482476   5414780         0         0
08:03:26        85064     24752   8118752     99.70         0      1056   8412880     68.19   2482476   5414780         0         0
08:03:31        85064     24752   8118752     99.70         0      1056   8412880     68.19   2482476   5414780         0         0
08:03:36        85064     24752   8118752     99.70         0      1056   8412880     68.19   2482476   5414780         0         0
08:03:41        85064     24752   8118752     99.70         0      1056   8412880     68.19   2482476   5414780         0         0
08:03:46        85064     24752   8118752     99.70         0      1056   8412880     68.19   2482476   5414780         0         0
08:03:51        85064     24752   8118752     99.70         0      1056   8412880     68.19   2482596   5414784         0         0
08:03:56        85064     24752   8118752     99.70         0      1056   8412880     68.19   2482596   5414784         0         0
08:04:01        85064     24752   8118752     99.70         0      1056   8412880     68.19   2482596   5414784         0         0
08:04:06        85064     24752   8118752     99.70         0      1056   8412880     68.19   2482596   5414784         0         0
08:04:11        85064     24752   8118752     99.70         0      1056   8412880     68.19   2482596   5414784         0         0
08:04:16        85064     24752   8118752     99.70         0      1056   8412880     68.19   2482596   5414784         0         0
08:04:21        85064     24752   8118752     99.70         0      1056   8412880     68.19   2482596   5414784         0         0
08:04:26        85064     24752   8118752     99.70         0      1056   8412880     68.19   2482596   5414784         0         0
08:04:31        85064     24752   8118752     99.70         0      1056   8412880     68.19   2482596   5414784         0         0
08:04:36        85064     24752   8118752     99.70         0      1056   8412880     68.19   2482596   5414784         0         0
08:04:41        85064     24752   8118752     99.70         0      1056   8412880     68.19   2482716   5414788         0         0
08:04:46        85064     24752   8118752     99.70         0      1056   8412880     68.19   2482716   5414788         0         0
08:04:51        85064     24752   8118752     99.70         0      1056   8412880     68.19   2482716   5414788         0         0
08:04:56        85064     24752   8118752     99.70         0      1056   8412880     68.19   2482716   5414788         0         0
08:05:01        85064     24752   8118752     99.70         0      1056   8412880     68.19   2482716   5414788         0         0
08:05:06        85064     24752   8118752     99.70         0      1056   8412880     68.19   2482716   5414788         0         0
08:05:11        85064     24752   8118752     99.70         0      1056   8412880     68.19   2482716   5414788         0         0
08:05:16        85064     24752   8118752     99.70         0      1056   8412880     68.19   2482716   5414788         0         0
08:05:21        85064     24752   8118752     99.70         0      1056   8412880     68.19   2482716   5414788         0         0
08:05:26        85064     24752   8118752     99.70         0      1056   8412880     68.19   2482716   5414788         0         0
08:05:31        85064     24752   8118752     99.70         0      1056   8412880     68.19   2482716   5414788         0         0
08:05:36        85064     24752   8118752     99.70         0      1056   8412880     68.19   2482716   5414788         0         0
08:05:41        85064     24752   8118752     99.70         0      1056   8412880     68.19   2482836   5414792         0         0
08:05:46        85064     24752   8118752     99.70         0      1056   8412880     68.19   2482836   5414792         0         0
08:05:51        85064     24752   8118752     99.70         0      1056   8412880     68.19   2482836   5414792         0         0
08:05:56        85064     24752   8118752     99.70         0      1056   8412880     68.19   2482836   5414792         0         0
08:06:01        85064     24752   8118752     99.70         0      1056   8412880     68.19   2482836   5414792         0         0
08:06:06        85064     24752   8118752     99.70         0      1056   8412880     68.19   2482836   5414792         0         0
08:06:11        85064     24752   8118752     99.70         0      1056   8412880     68.19   2482836   5414792         0         0
08:06:16        85064     24752   8118752     99.70         0      1056   8412880     68.19   2482836   5414792         0         0
08:06:21        85064     24752   8118752     99.70         0      1056   8412880     68.19   2482836   5414792         0         0
08:06:26        85064     24752   8118752     99.70         0      1056   8412880     68.19   2482836   5414792         0         0
08:06:31        85064     24752   8118752     99.70         0      1056   8412880     68.19   2482956   5414796         0         0
08:06:36        85064     24752   8118752     99.70         0      1056   8412880     68.19   2482956   5414796         0         0
08:06:41        85316     25004   8118500     99.69         0      1056   8412880     68.19   2482956   5414796         0         0
08:06:46        85316     25004   8118500     99.69         0      1056   8412880     68.19   2482956   5414796         0         0
08:06:51        85316     25004   8118500     99.69         0      1056   8412880     68.19   2482956   5414796         0         0
08:06:56        85316     25004   8118500     99.69         0      1056   8412880     68.19   2482956   5414796         0         0
08:07:01        85316     25004   8118500     99.69         0      1056   8412880     68.19   2482956   5414796         0         0
08:07:06        85316     25004   8118500     99.69         0      1056   8412880     68.19   2482956   5414796         0         0
08:07:11        85316     25004   8118500     99.69         0      1056   8412880     68.19   2482956   5414796         0         0
08:07:16        85316     25004   8118500     99.69         0      1056   8412880     68.19   2482956   5414796         0         0
08:07:21        85316     25004   8118500     99.69         0      1056   8412880     68.19   2482956   5414796         0         0
08:07:26        85316     25004   8118500     99.69         0      1056   8412880     68.19   2482956   5414796         0         0
08:07:31        85316     25004   8118500     99.69         0      1056   8412880     68.19   2482956   5414796         0         0
08:07:36        79132     19680   8123824     99.76         0      2776   8411080     68.17   2483076   5416520         0         0
Average:       253390    196520   7946984     97.59         0      4169   8412882     68.19   2397750   5333033         0        22
