Linux 7.2.0-rc5-virtme (virtme-ng) 	08/02/26 	_x86_64_	(4 CPU)

08:08:01     pgpgin/s pgpgout/s   fault/s  majflt/s  pgfree/s pgscank/s pgscand/s pgsteal/s  pgprom/s   pgdem/s
08:08:06         0.00      0.00 304985.00      0.00    554.80      0.00      0.00      0.00      0.00      0.00
08:08:11         0.00      0.00 114804.00      0.00      1.80      0.00      0.00      0.00      0.00      0.00
08:08:16         0.00      0.00      0.00      0.00      0.00      0.00      0.00      0.00      0.00      0.00
08:08:21         0.00      0.00      0.00      0.00      0.20      0.00      0.00      0.00      0.00      0.00
08:08:26         0.00      0.00      0.00      0.00      0.00      0.00      0.00      0.00      0.00      0.00
08:08:31         0.00      0.00      0.00      0.00      0.00      0.00      0.00      0.00      0.00      0.00
08:08:36         0.00      0.00      0.00      0.00      0.00      0.00      0.00      0.00      0.00      0.00
08:08:41         0.00      0.00      0.00      0.00      0.00      0.00      0.00      0.00      0.00      0.00
08:08:46         0.00      0.00      0.00      0.00      0.00      0.00      0.00      0.00      0.00      0.00
08:08:51         0.00      0.00      0.00      0.00      0.00      0.00      0.00      0.00      0.00      0.00
08:08:56         0.00      0.00      0.00      0.00      0.00      0.00      0.00      0.00      0.00      0.00
08:09:01         0.00      0.00      0.00      0.00      0.00      0.00      0.00      0.00      0.00      0.00
08:09:06         0.00      0.00      0.00      0.00      0.00      0.00      0.00      0.00      0.00      0.00
08:09:11         0.00      0.00      0.00      0.00      0.00      0.00      0.00      0.00      0.00      0.00
08:09:16         0.00      0.00      0.00      0.00      0.00      0.00      0.00      0.00      0.00      0.00
08:09:21         0.00      0.00      0.00      0.00      0.00      0.00      0.00      0.00      0.00      0.00
08:09:26         0.00      0.00      0.00      0.00      0.00      0.00      0.00      0.00      0.00      0.00
08:09:31         0.00      0.00      0.00      0.00      0.00      0.00      0.00      0.00      0.00      0.00
08:09:36         0.00      0.00 209714.80      0.00      0.00      0.00      0.00      0.00      0.00      0.00
08:09:41         0.00      0.00      0.00      0.00      0.00      0.00      0.00      0.00      0.00      0.00
08:09:46         0.00      0.00      0.00      0.00      0.00      0.00      0.00      0.00      0.00      0.00
08:09:51         0.00      0.00      0.00      0.00      0.00      0.00      0.00      0.00      0.00      0.00
08:09:56         0.00      0.00      0.00      0.00      0.00      0.00      0.00      0.00      0.00      0.00
08:10:01         0.00      0.00      0.00      0.00      0.00      0.00      0.00      0.00      0.00      0.00
08:10:06         0.00      0.00      0.00      0.00      0.00      0.00      0.00      0.00      0.00      0.00
08:10:11         0.00      0.00      0.00      0.00      0.00      0.00      0.00      0.00      0.00      0.00
08:10:16         0.00      0.00      0.00      0.00      0.00      0.00      0.00      0.00      0.00      0.00
08:10:21         0.00      0.00      0.00      0.00      0.00      0.00      0.00      0.00      0.00      0.00
08:10:26         0.00      0.00      0.00      0.00      0.00      0.00      0.00      0.00      0.00      0.00
08:10:31         0.00      0.00      0.00      0.00      0.00      0.00      0.00      0.00      0.00      0.00
08:10:36         0.00      0.00      0.00      0.00      0.00      0.00      0.00      0.00      0.00      0.00
08:10:41         0.00      0.00      0.00      0.00      0.00      0.00      0.00      0.00      0.00      0.00
08:10:46         0.00      0.00      0.00      0.00      0.00      0.00      0.00      0.00      0.00      0.00
08:10:51         0.00      0.00      0.00      0.00      0.00      0.00      0.00      0.00      0.00      0.00
08:10:56         0.00      0.00      0.00      0.00      0.00      0.00      0.00      0.00      0.00      0.00
08:11:01         0.00      0.00      0.00      0.00      0.00      0.00      0.00      0.00      0.00      0.00
08:11:06         0.00      0.00      0.00      0.00      0.00      0.00      0.00      0.00      0.00      0.00
08:11:11         0.00      0.00      0.00      0.00      0.00      0.00      0.00      0.00      0.00      0.00
08:11:16         0.00      0.00      0.00      0.00      0.00      0.00      0.00      0.00      0.00      0.00
08:11:21         0.00      0.00      0.00      0.00      0.00      0.00      0.00      0.00      0.00      0.00
08:11:26         0.00      0.00      0.00      0.00      0.00      0.00      0.00      0.00      0.00      0.00
08:11:31         0.00      0.00      0.00      0.00      0.00      0.00      0.00      0.00      0.00      0.00
08:11:36         0.00      0.00      0.00      0.00      0.00      0.00      0.00      0.00      0.00      0.00
08:11:41         0.00      0.00      0.00      0.00      0.00      0.00      0.00      0.00      0.00      0.00
08:11:46         0.00      0.00      0.00      0.00      0.00      0.00      0.00      0.00      0.00      0.00
08:11:51         0.00      0.00      0.00      0.00      0.00      0.00      0.00      0.00      0.00      0.00
08:11:56         0.00      0.00      0.00      0.00      0.00      0.00      0.00      0.00      0.00      0.00
08:12:01         0.00      0.00      0.00      0.00      0.00      0.00      0.00      0.00      0.00      0.00
08:12:06         0.00      0.00      0.00      0.00      0.00      0.00      0.00      0.00      0.00      0.00
08:12:11         0.00      0.00      0.00      0.00      0.00      0.00      0.00      0.00      0.00      0.00
08:12:16         0.00      0.00      0.00      0.00      0.00      0.00      0.00      0.00      0.00      0.00
08:12:21         0.00      0.00      0.00      0.00      0.00      0.00      0.00      0.00      0.00      0.00
08:12:26         0.00      0.00      0.00      0.00      0.00      0.00      0.00      0.00      0.00      0.00
08:12:31         0.00      0.00      0.00      0.00      0.00      0.00      0.00      0.00      0.00      0.00
08:12:36         0.00   3340.20 163300.20     10.10   2545.35  99521.78 110122.97   5004.75      0.00      0.00
08:12:41      1049.60  97817.60  47023.40    262.40  24484.20  18853.80   5604.00  48978.00      0.00      0.00
08:12:46         4.00      0.00      1.00      1.00      1.00      0.00      0.00      0.00      0.00      0.00
08:12:51         4.80      0.00      1.20      1.20      1.00      0.00      0.00      0.00      0.00      0.00
08:12:56         4.80      0.00      1.20      1.20      1.20      0.00      0.00      0.00      0.00      0.00
08:13:01         3.20      0.00      0.80      0.80      0.80      0.00      0.00      0.00      0.00      0.00
08:13:06         4.00      0.00      1.00      1.00      1.00      0.00      0.00      0.00      0.00      0.00
08:13:11         4.00      0.00      1.00      1.00      1.00      0.00      0.00      0.00      0.00      0.00
08:13:16         2.40      0.00      0.60      0.60      0.60      0.00      0.00      0.00      0.00      0.00
08:13:21         4.00      0.00      1.00      1.00      1.00      0.00      0.00      0.00      0.00      0.00
08:13:26         4.00      0.00      1.00      1.00      1.00      0.00      0.00      0.00      0.00      0.00
08:13:31         4.80      0.00      1.20      1.20      1.20      0.00      0.00      0.00      0.00      0.00
08:13:36         2.40      0.00      0.60      0.60      1.40      0.00      0.00      0.00      0.00      0.00
08:13:41         5.60      0.00      1.40      1.40      1.40      0.00      0.00      0.00      0.00      0.00
08:13:46         4.00      0.00      1.00      1.00      1.00      0.00      0.00      0.00      0.00      0.00
08:13:51         4.00      0.00      1.00      1.00      1.00      0.00      0.00      0.00      0.00      0.00
08:13:56         4.00      0.00      1.00      1.00      1.00      0.00      0.00      0.00      0.00      0.00
08:14:01         3.20      0.00      0.80      0.80      0.80      0.00      0.00      0.00      0.00      0.00
08:14:06         4.00      0.00      1.00      1.00      1.00      0.00      0.00      0.00      0.00      0.00
08:14:11         4.00      0.00      1.00      1.00      1.00      0.00      0.00      0.00      0.00      0.00
08:14:16         3.20      0.00      0.80      0.80      0.80      0.00      0.00      0.00      0.00      0.00
08:14:21         2.40      0.00      0.60      0.60      0.60      0.00      0.00      0.00      0.00      0.00
08:14:26         3.20      0.00      0.80      0.80      0.80      0.00      0.00      0.00      0.00      0.00
08:14:31         4.80      0.00      1.20      1.20      1.20      0.00      0.00      0.00      0.00      0.00
08:14:36         3.20      0.00      0.80      0.80      0.80      0.00      0.00      0.00      0.00      0.00
08:14:41         2.40      0.00      0.60      0.60      0.60      0.00      0.00      0.00      0.00      0.00
08:14:46         1.60      0.00      0.40      0.40      0.40      0.00      0.00      0.00      0.00      0.00
08:14:51         3.20      0.00      0.80      0.80      0.80      0.00      0.00      0.00      0.00      0.00
08:14:56         3.20      0.00      0.80      0.80      0.80      0.00      0.00      0.00      0.00      0.00
08:15:01         4.00      0.00      1.00      1.00      1.00      0.00      0.00      0.00      0.00      0.00
08:15:06         4.00      0.00      1.00      1.00      1.00      0.00      0.00      0.00      0.00      0.00
08:15:11         3.20      0.00      0.80      0.80      0.80      0.00      0.00      0.00      0.00      0.00
08:15:16         4.00      0.00      1.00      1.00      1.00      0.00      0.00      0.00      0.00      0.00
08:15:21         4.00      0.00      1.00      1.00      1.00      0.00      0.00      0.00      0.00      0.00
08:15:26         3.20      0.00      0.80      0.80      0.80      0.00      0.00      0.00      0.00      0.00
08:15:31         4.80      0.00      1.20      1.20      1.20      0.00      0.00      0.00      0.00      0.00
08:15:36         3.20      0.00      0.80      0.80      0.80      0.00      0.00      0.00      0.00      0.00
08:15:41         3.20      0.00      0.80      0.80      0.80      0.00      0.00      0.00      0.00      0.00
08:15:46         4.00      0.00      1.00      1.00      1.00      0.00      0.00      0.00      0.00      0.00
08:15:51         4.00      0.00      1.00      1.00      1.00      0.00      0.00      0.00      0.00      0.00
08:15:56         4.00      0.00      1.00      1.00      1.00      0.00      0.00      0.00      0.00      0.00
08:16:01         3.20      0.00      0.80      0.80      0.80      0.00      0.00      0.00      0.00      0.00
08:16:06         3.20      0.00      0.80      0.80      0.80      0.00      0.00      0.00      0.00      0.00
08:16:11         3.20      0.00      0.80      0.80      0.80      0.00      0.00      0.00      0.00      0.00
08:16:16         3.20      0.00      0.80      0.80      0.80      0.00      0.00      0.00      0.00      0.00
08:16:21         3.20      0.00      0.80      0.80      0.80      0.00      0.00      0.00      0.00      0.00
08:16:26         4.00      0.00      1.00      1.00      1.00      0.00      0.00      0.00      0.00      0.00
08:16:31         4.00      0.00      1.00      1.00      1.00      0.00      0.00      0.00      0.00      0.00
08:16:36         3.20      0.00      0.80      0.80      0.80      0.00      0.00      0.00      0.00      0.00
08:16:41         4.00      0.00      1.00      1.00      1.00      0.00      0.00      0.00      0.00      0.00
08:16:46         3.20      0.00      0.80      0.80      0.80      0.00      0.00      0.00      0.00      0.00
08:16:51         4.80      0.00      1.20      1.20      1.20      0.00      0.00      0.00      0.00      0.00
08:16:56         4.00      0.00      1.00      1.00      1.00      0.00      0.00      0.00      0.00      0.00
08:17:01         4.00      0.00      1.00      1.00      1.00      0.00      0.00      0.00      0.00      0.00
08:17:06         3.20      0.00      0.80      0.80      0.80      0.00      0.00      0.00      0.00      0.00
08:17:11         0.00      0.00      0.00      0.00      0.00      0.00      0.00      0.00      0.00      0.00
08:17:16         0.80      0.00      0.20      0.20      0.20      0.00      0.00      0.00      0.00      0.00
08:17:21         2.40      0.00      0.60      0.60      0.60      0.00      0.00      0.00      0.00      0.00
08:17:26         1.60      0.00      0.40      0.40      0.40      0.00      0.00      0.00      0.00      0.00
08:17:31         4.00      0.00      1.00      1.00      1.00      0.00      0.00      0.00      0.00      0.00
08:17:36         4.00      0.00      1.00      1.00      1.00      0.00      0.00      0.00      0.00      0.00
08:17:41         3.20      0.00      0.80      0.80      0.80      0.00      0.00      0.00      0.00      0.00
08:17:46         4.00      0.00      1.00      1.00      1.00      0.00      0.00      0.00      0.00      0.00
08:17:51         4.00      0.00      1.00      1.00      1.00      0.00      0.00      0.00      0.00      0.00
08:17:56         4.00      0.00      1.00      1.00      1.00      0.00      0.00      0.00      0.00      0.00
08:18:01         4.00      0.00      1.00      1.00      1.00      0.00      0.00      0.00      0.00      0.00
08:18:06         3.20      0.00      0.80      0.80      0.80      0.00      0.00      0.00      0.00      0.00
08:18:11         4.00      0.00      1.00      1.00      1.00      0.00      0.00      0.00      0.00      0.00
08:18:16         4.00      0.00      1.00      1.00      1.00      0.00      0.00      0.00      0.00      0.00
08:18:21         4.00      0.00      1.00      1.00      1.00      0.00      0.00      0.00      0.00      0.00
08:18:26         3.20      0.00      0.80      0.80      0.80      0.00      0.00      0.00      0.00      0.00
08:18:31         4.00      0.00      1.00      1.00      1.00      0.00      0.00      0.00      0.00      0.00
08:18:36         4.00      0.00      1.00      1.00      1.00      0.00      0.00      0.00      0.00      0.00
08:18:41         1.60      0.00      0.40      0.40      0.40      0.00      0.00      0.00      0.00      0.00
08:18:46         4.80      0.00      1.20      1.20      1.20      0.00      0.00      0.00      0.00      0.00
08:18:51         4.00      0.00      1.00      1.00      1.00      0.00      0.00      0.00      0.00      0.00
08:18:56         3.20      0.00      0.80      0.80      0.80      0.00      0.00      0.00      0.00      0.00
08:19:01         2.40      0.00      0.60      0.60      0.60      0.00      0.00      0.00      0.00      0.00
08:19:06         4.00      0.00      1.00      1.00      1.00      0.00      0.00      0.00      0.00      0.00
08:19:11         2.40      0.00      0.60      0.60      0.60      0.00      0.00      0.00      0.00      0.00
08:19:16         4.00      0.00      1.00      1.00      1.00      0.00      0.00      0.00      0.00      0.00
08:19:21         1.60      0.00      0.40      0.40      0.40      0.00      0.00      0.00      0.00      0.00
08:19:26         3.20      0.00      0.80      0.80      0.80      0.00      0.00      0.00      0.00      0.00
08:19:31         3.20      0.00      0.80      0.80      0.80      0.00      0.00      0.00      0.00      0.00
08:19:36         4.00      0.00      1.00      1.00      1.00      0.00      0.00      0.00      0.00      0.00
08:19:41         3.20      0.00      0.80      0.80      0.80      0.00      0.00      0.00      0.00      0.00
08:19:46         3.20      0.00      0.80      0.80      0.80      0.00      0.00      0.00      0.00      0.00
08:19:51         2.40      0.00      0.60      0.60      0.60      0.00      0.00      0.00      0.00      0.00
08:19:56         1.60      0.00      0.40      0.40      0.40      0.00      0.00      0.00      0.00      0.00
08:20:01         4.00      0.00      1.00      1.00      1.00      0.00      0.00      0.00      0.00      0.00
08:20:06         3.20      0.00      0.80      0.80      0.80      0.00      0.00      0.00      0.00      0.00
08:20:11         3.20      0.00      0.80      0.80      0.80      0.00      0.00      0.00      0.00      0.00
08:20:16         3.20      0.00      0.80      0.80      0.80      0.00      0.00      0.00      0.00      0.00
08:20:21         0.80      0.00      0.20      0.20      0.20      0.00      0.00      0.00      0.00      0.00
08:20:26         1.60      0.00      0.40      0.40      0.40      0.00      0.00      0.00      0.00      0.00
08:20:31         5.60      0.00      1.40      1.40      1.40      0.00      0.00      0.00      0.00      0.00
08:20:36         2.40      0.00      0.60      0.60      0.60      0.00      0.00      0.00      0.00      0.00
08:20:41         1.60      0.00      0.40      0.40      0.40      0.00      0.00      0.00      0.00      0.00
08:20:46         4.00      0.00      1.00      1.00      1.00      0.00      0.00      0.00      0.00      0.00
08:20:51         2.40      0.00      0.60      0.60      0.60      0.00      0.00      0.00      0.00      0.00
08:20:56         2.40      0.00      0.60      0.60      0.60      0.00      0.00      0.00      0.00      0.00
08:21:01         2.40      0.00      0.60      0.60      0.60      0.00      0.00      0.00      0.00      0.00
08:21:06         4.00      0.00      1.00      1.00      1.00      0.00      0.00      0.00      0.00      0.00
08:21:11         0.80      0.00      0.20      0.20      0.20      0.00      0.00      0.00      0.00      0.00
08:21:16         1.60      0.00      0.40      0.40      0.40      0.00      0.00      0.00      0.00      0.00
08:21:21         4.00      0.00      1.00      1.00      1.00      0.00      0.00      0.00      0.00      0.00
08:21:26         4.00      0.00      1.00      1.00      1.00      0.00      0.00      0.00      0.00      0.00
08:21:31         4.00      0.00      1.00      1.00      1.00      0.00      0.00      0.00      0.00      0.00
08:21:36         3.20      0.00      0.80      0.80      0.80      0.00      0.00      0.00      0.00      0.00
08:21:41         3.20      0.00      0.80      0.80      0.80      0.00      0.00      0.00      0.00      0.00
08:21:46         4.00      0.00      1.00      1.00      1.00      0.00      0.00      0.00      0.00      0.00
08:21:51         0.80      0.00      0.20      0.20      0.20      0.00      0.00      0.00      0.00      0.00
08:21:56         4.80      0.00      1.20      1.20      1.20      0.00      0.00      0.00      0.00      0.00
08:22:01         2.40      0.00      0.60      0.60      0.60      0.00      0.00      0.00      0.00      0.00
08:22:06         1.60      0.00      0.40      0.40      0.40      0.00      0.00      0.00      0.00      0.00
08:22:11         2.40      0.00      0.60      0.60      0.60      0.00      0.00      0.00      0.00      0.00
08:22:16         4.00      0.00      1.00      1.00      1.00      0.00      0.00      0.00      0.00      0.00
08:22:21         2.40      0.00      0.60      0.60      0.60      0.00      0.00      0.00      0.00      0.00
08:22:26         4.80      0.00      1.20      1.20      1.20      0.00      0.00      0.00      0.00      0.00
08:22:31         4.00      0.00      1.00      1.00      1.00      0.00      0.00      0.00      0.00      0.00
08:22:36         1.60      0.00      0.40      0.40      0.40      0.00      0.00      0.00      0.00      0.00
08:22:41         2.40      0.00      0.60      0.60      0.60      0.00      0.00      0.00      0.00      0.00
08:22:46         2.40      0.00      0.60      0.60      0.60      0.00      0.00      0.00      0.00      0.00
08:22:51         0.80      0.00      0.20      0.20      0.20      0.00      0.00      0.00      0.00      0.00
08:22:56         2.40      0.00      0.60      0.60      0.60      0.00      0.00      0.00      0.00      0.00
08:23:01         2.40      0.00      0.60      0.60      0.60      0.00      0.00      0.00      0.00      0.00
08:23:06     74476.80  70408.00  18624.20  18621.80  17647.80  17283.80   1410.40  35266.00      0.00      0.00
08:23:11    168272.80 174322.40  42076.80  42068.00  43781.80  67219.60  30597.40  87174.00      0.00      0.00
08:23:16         0.80      0.00      0.20      0.20      0.20      0.00      0.00      0.00      0.00      0.00
08:23:21         4.00      0.00      1.00      1.00      1.00      0.00      0.00      0.00      0.00      0.00
08:23:26         4.80      0.00      1.20      1.20      1.20      0.00      0.00      0.00      0.00      0.00
08:23:31         4.80      0.00      1.20      1.20      1.20      0.00      0.00      0.00      0.00      0.00
08:23:36         4.80      0.00      1.20      1.20      1.20      0.00      0.00      0.00      0.00      0.00
08:23:41         3.20      0.00      0.80      0.80      0.80      0.00      0.00      0.00      0.00      0.00
08:23:46         3.20      0.00      0.80      0.80      0.80      0.00      0.00      0.00      0.00      0.00
08:23:51         4.00      0.00      1.00      1.00      1.00      0.00      0.00      0.00      0.00      0.00
08:23:56         4.00      0.00      1.00      1.00      1.00      0.00      0.00      0.00      0.00      0.00
08:24:01         4.00      0.00      1.00      1.00      1.00      0.00      0.00      0.00      0.00      0.00
08:24:06         3.20      0.00      0.80      0.80      0.80      0.00      0.00      0.00      0.00      0.00
08:24:11         4.00      0.00      1.00      1.00      1.00      0.00      0.00      0.00      0.00      0.00
08:24:16         1.60      0.00      0.40      0.40      0.40      0.00      0.00      0.00      0.00      0.00
08:24:21         1.60      0.00      0.40      0.40      0.40      0.00      0.00      0.00      0.00      0.00
08:24:26         2.40      0.00      0.60      0.60      0.60      0.00      0.00      0.00      0.00      0.00
08:24:31         4.00      0.00      1.00      1.00      1.00      0.00      0.00      0.00      0.00      0.00
08:24:36     25816.00  19020.80   6454.40   6454.40   4824.20   4496.20    345.60   9622.40      0.00      0.00
08:24:41    389833.60 395358.40  97460.80  97458.00  98870.60 174284.40  86726.80 197736.00      0.00      0.00
08:24:46         2.40      0.00      0.80      0.60      0.60      0.00      0.00      0.00      0.00      0.00
08:24:51         0.80      0.00      0.20      0.20      0.20      0.00      0.00      0.00      0.00      0.00
08:24:56         2.40      0.00      0.60      0.60      0.60      0.00      0.00      0.00      0.00      0.00
08:25:01         3.20      0.00      0.80      0.80      0.80      0.00      0.00      0.00      0.00      0.00
08:25:06         0.80      0.00      0.20      0.20      0.20      0.00      0.00      0.00      0.00      0.00
08:25:11         4.00      0.00      1.00      1.00      1.00      0.00      0.00      0.00      0.00      0.00
08:25:16         4.00      0.00      1.00      1.00      1.00      0.00      0.00      0.00      0.00      0.00
08:25:21         2.40      0.00      0.60      0.60      0.60      0.00      0.00      0.00      0.00      0.00
08:25:26         3.20      0.00      0.80      0.80      0.80      0.00      0.00      0.00      0.00      0.00
08:25:31         0.80      0.00      0.20      0.20      0.20      0.00      0.00      0.00      0.00      0.00
08:25:36         0.80      0.00      0.20      0.20      0.20      0.00      0.00      0.00      0.00      0.00
08:25:41         1.60      0.00      0.40      0.40      0.40      0.00      0.00      0.00      0.00      0.00
08:25:46         1.60      0.00      0.40      0.40      0.40      0.00      0.00      0.00      0.00      0.00
08:25:51         1.60      0.00      0.40      0.40      0.40      0.00      0.00      0.00      0.00      0.00
08:25:56         2.40      0.00      0.60      0.60      0.60      0.00      0.00      0.00      0.00      0.00
08:26:01         3.20      0.00      0.80      0.80      0.80      0.00      0.00      0.00      0.00      0.00
08:26:06         3.20      0.00      0.80      0.80      0.80      0.00      0.00      0.00      0.00      0.00
08:26:11         3.20      0.00      0.80      0.80      0.80      0.00      0.00      0.00      0.00      0.00
08:26:16         4.00      0.00      1.00      1.00      1.00      0.00      0.00      0.00      0.00      0.00
08:26:21         2.40      0.00      0.60      0.60      0.60      0.00      0.00      0.00      0.00      0.00
08:26:26         2.40      0.00      0.60      0.60      0.60      0.00      0.00      0.00      0.00      0.00
08:26:31         2.40      0.00      0.60      0.60      0.60      0.00      0.00      0.00      0.00      0.00
08:26:36         0.80      0.00      0.20      0.20      0.20      0.00      0.00      0.00      0.00      0.00
08:26:41         1.60      0.00      0.40      0.40      0.40      0.00      0.00      0.00      0.00      0.00
08:26:46         1.60      0.00      0.40      0.40      0.40      0.00      0.00      0.00      0.00      0.00
08:26:51         1.60      0.00      0.40      0.40      0.40      0.00      0.00      0.00      0.00      0.00
08:26:56         3.20      0.00      0.80      0.80      0.80      0.00      0.00      0.00      0.00      0.00
08:27:01         0.80      0.00      0.20      0.20      0.20      0.00      0.00      0.00      0.00      0.00
08:27:06         2.40      0.00      0.60      0.60      0.60      0.00      0.00      0.00      0.00      0.00
08:27:11         2.40      0.00      0.60      0.60      0.60      0.00      0.00      0.00      0.00      0.00
08:27:16         3.20      0.00      0.80      0.80      0.80      0.00      0.00      0.00      0.00      0.00
08:27:21         4.00      0.00      1.00      1.00      1.00      0.00      0.00      0.00      0.00      0.00
08:27:26         3.20      0.00      0.80      0.80      0.80      0.00      0.00      0.00      0.00      0.00
08:27:31         4.00      0.00      1.00      1.00      1.00      0.00      0.00      0.00      0.00      0.00
08:27:36         4.00      0.00      1.00      1.00      1.00      0.00      0.00      0.00      0.00      0.00
08:27:41    222740.00 217740.80  57442.80  55686.00  54476.00  69910.80  21499.00 108924.80      0.00      0.00
08:27:46         3.20      0.00      3.20      0.80      0.80      0.00      0.00      0.00      0.00      0.00
08:27:51         3.20      0.00      0.80      0.80      0.80      0.00      0.00      0.00      0.00      0.00
08:27:56         2.40      0.00      0.60      0.60      0.60      0.00      0.00      0.00      0.00      0.00
08:28:01         2.40      0.00      0.60      0.60      0.60      0.00      0.00      0.00      0.00      0.00
08:28:06         1.60      0.00      0.40      0.40      0.40      0.00      0.00      0.00      0.00      0.00
08:28:11         2.40      0.00      0.60      0.60      0.60      0.00      0.00      0.00      0.00      0.00
08:28:16         1.60      0.00      0.40      0.40      0.40      0.00      0.00      0.00      0.00      0.00
08:28:21         0.00      0.00      0.00      0.00      0.00      0.00      0.00      0.00      0.00      0.00
08:28:26         0.00      0.00      0.00      0.00      0.00      0.00      0.00      0.00      0.00      0.00
08:28:31         1.60      0.00      0.40      0.40      0.40      0.00      0.00      0.00      0.00      0.00
08:28:36         1.60      0.00      0.40      0.40      0.40      0.00      0.00      0.00      0.00      0.00
08:28:41         2.40      0.00      0.60      0.60      0.60      0.00      0.00      0.00      0.00      0.00
08:28:46         3.20      0.00      0.80      0.80      0.80      0.00      0.00      0.00      0.00      0.00
08:28:51         4.00      0.00      1.00      1.00      1.00      0.00      0.00      0.00      0.00      0.00
08:28:56         3.20      0.00      0.80      0.80      0.80      0.00      0.00      0.00      0.00      0.00
08:29:01         1.60      0.00      0.40      0.40      0.40      0.00      0.00      0.00      0.00      0.00
08:29:06         1.60      0.00      0.40      0.40      0.40      0.00      0.00      0.00      0.00      0.00
08:29:11         2.40      0.00      0.60      0.60      0.60      0.00      0.00      0.00      0.00      0.00
08:29:16         1.60      0.00      0.40      0.40      0.40      0.00      0.00      0.00      0.00      0.00
08:29:21         2.40      0.00      0.60      0.60      0.60      0.00      0.00      0.00      0.00      0.00
08:29:26         1.60      0.00      0.40      0.40      0.40      0.00      0.00      0.00      0.00      0.00
08:29:31         4.80      0.00      1.20      1.20      1.20      0.00      0.00      0.00      0.00      0.00
08:29:36         1.60      0.00      0.40      0.40      0.40      0.00      0.00      0.00      0.00      0.00
08:29:41         1.60      0.00      0.40      0.40      0.40      0.00      0.00      0.00      0.00      0.00
08:29:46         0.80      0.00      0.20      0.20      0.20      0.00      0.00      0.00      0.00      0.00
08:29:51         1.60      0.00      0.40      0.40      0.40      0.00      0.00      0.00      0.00      0.00
08:29:56         2.40      0.00      0.60      0.60      0.60      0.00      0.00      0.00      0.00      0.00
08:30:01         3.20      0.00      0.80      0.80      0.80      0.00      0.00      0.00      0.00      0.00
08:30:06         4.80      0.00      1.20      1.20      1.20      0.00      0.00      0.00      0.00      0.00
08:30:11         0.80      0.00      0.20      0.20      0.20      0.00      0.00      0.00      0.00      0.00
08:30:16         1.60      0.00      0.40      0.40      0.40      0.00      0.00      0.00      0.00      0.00
08:30:21         3.20      0.00      0.80      0.80      0.80      0.00      0.00      0.00      0.00      0.00
08:30:26         1.60      0.00      0.40      0.40      0.40      0.00      0.00      0.00      0.00      0.00
08:30:31         2.40      0.00      0.60      0.60      0.60      0.00      0.00      0.00      0.00      0.00
08:30:36         1.60      0.00      0.40      0.40      0.40      0.00      0.00      0.00      0.00      0.00
08:30:41         2.40      0.00      0.60      0.60      0.60      0.00      0.00      0.00      0.00      0.00
08:30:46         3.20      0.00      0.80      0.80      0.80      0.00      0.00      0.00      0.00      0.00
08:30:51         4.80      0.00      1.20      1.20      1.20      0.00      0.00      0.00      0.00      0.00
08:30:56         4.00      0.00      1.00      1.00      1.00      0.00      0.00      0.00      0.00      0.00
08:31:01         2.40      0.00      0.60      0.60      0.60      0.00      0.00      0.00      0.00      0.00
08:31:06         0.00      0.00      0.00      0.00      0.00      0.00      0.00      0.00      0.00      0.00
08:31:11         0.00      0.00      0.00      0.00      0.00      0.00      0.00      0.00      0.00      0.00
08:31:16         3.20      0.00      0.80      0.80      0.80      0.00      0.00      0.00      0.00      0.00
08:31:21         1.60      0.00      0.40      0.40      0.40      0.00      0.00      0.00      0.00      0.00
08:31:26         1.60      0.00      0.40      0.40      0.40      0.00      0.00      0.00      0.00      0.00
08:31:31         4.00      0.00      1.00      1.00      1.00      0.00      0.00      0.00      0.00      0.00
08:31:36         2.40      0.00      0.60      0.60      0.60      0.00      0.00      0.00      0.00      0.00
08:31:41         3.20      0.00      0.80      0.80      0.80      0.00      0.00      0.00      0.00      0.00
08:31:46         0.80      0.00      0.20      0.20      0.20      0.00      0.00      0.00      0.00      0.00
08:31:51         2.40      0.00      0.60      0.60      0.60      0.00      0.00      0.00      0.00      0.00
08:31:56         3.20      0.00      0.80      0.80      0.80      0.00      0.00      0.00      0.00      0.00
08:32:01         1.60      0.00      0.40      0.40      0.40      0.00      0.00      0.00      0.00      0.00
08:32:06         4.00      0.00      1.00      1.00      1.00      0.00      0.00      0.00      0.00      0.00
08:32:11         3.20      0.00      0.80      0.80      0.80      0.00      0.00      0.00      0.00      0.00
08:32:16         2.40      0.00      0.60      0.60      0.60      0.00      0.00      0.00      0.00      0.00
08:32:21         1.60      0.00      0.40      0.40      0.40      0.00      0.00      0.00      0.00      0.00
08:32:26         0.80      0.00      0.20      0.20      0.20      0.00      0.00      0.00      0.00      0.00
08:32:31         2.40      0.00      0.60      0.60      0.60      0.00      0.00      0.00      0.00      0.00
08:32:36         1.60      0.00      0.40      0.40      0.40      0.00      0.00      0.00      0.00      0.00
08:32:41         1.60      0.00      0.40      0.40      0.40      0.00      0.00      0.00      0.00      0.00
08:32:46         1.60      0.00      0.40      0.40      0.40      0.00      0.00      0.00      0.00      0.00
08:32:51         3.20      0.00      0.80      0.80      0.80      0.00      0.00      0.00      0.00      0.00
08:32:56         2.40      0.00      0.60      0.60      0.60      0.00      0.00      0.00      0.00      0.00
08:33:01         0.00      0.00      0.00      0.00      0.00      0.00      0.00      0.00      0.00      0.00
08:33:06         3.20      0.00      0.80      0.80      0.80      0.00      0.00      0.00      0.00      0.00
08:33:11         0.00      0.00      0.00      0.00      0.00      0.00      0.00      0.00      0.00      0.00
08:33:16         0.80      0.00      0.20      0.20      0.20      0.00      0.00      0.00      0.00      0.00
08:33:21         2.40      0.00      0.60      0.60      0.60      0.00      0.00      0.00      0.00      0.00
08:33:26         4.00      0.00      1.00      1.00      1.00      0.00      0.00      0.00      0.00      0.00
08:33:31         3.20      0.00      0.80      0.80      0.80      0.00      0.00      0.00      0.00      0.00
08:33:36         2.40      0.00      0.60      0.60      0.60      0.00      0.00      0.00      0.00      0.00
08:33:41         0.00      0.00      0.00      0.00      0.00      0.00      0.00      0.00      0.00      0.00
08:33:46         1.60      0.00      0.40      0.40      0.40      0.00      0.00      0.00      0.00      0.00
08:33:51         4.00      0.00      1.00      1.00      1.00      0.00      0.00      0.00      0.00      0.00
08:33:56         0.00      0.00      0.00      0.00      0.00      0.00      0.00      0.00      0.00      0.00
08:34:01         3.20      0.00      0.80      0.80      0.80      0.00      0.00      0.00      0.00      0.00
08:34:06         1.60      0.00      0.40      0.40      0.40      0.00      0.00      0.00      0.00      0.00
08:34:11         4.00      0.00      1.00      1.00      1.00      0.00      0.00      0.00      0.00      0.00
08:34:16         3.20      0.00      0.80      0.80      0.80      0.00      0.00      0.00      0.00      0.00
08:34:21         4.00      0.00      1.00      1.00      1.00      0.00      0.00      0.00      0.00      0.00
08:34:26         0.80      0.00      0.20      0.20      0.20      0.00      0.00      0.00      0.00      0.00
08:34:31         2.40      0.00      0.60      0.60      0.60      0.00      0.00      0.00      0.00      0.00
08:34:36         3.20      0.00      0.80      0.80      0.80      0.00      0.00      0.00      0.00      0.00
08:34:41         1.60      0.00      0.40      0.40      0.40      0.00      0.00      0.00      0.00      0.00
08:34:46         0.80      0.00      0.20      0.20      0.20      0.00      0.00      0.00      0.00      0.00
08:34:51         0.80      0.00      0.20      0.20      0.20      0.00      0.00      0.00      0.00      0.00
08:34:56         3.20      0.00      0.80      0.80      0.80      0.00      0.00      0.00      0.00      0.00
08:35:01         2.40      0.00      0.60      0.60      0.60      0.00      0.00      0.00      0.00      0.00
08:35:06         3.20      0.00      0.80      0.80      0.80      0.00      0.00      0.00      0.00      0.00
08:35:11         0.00      0.00      0.60      0.00      0.00      0.00      0.00      0.00      0.00      0.00
08:35:16         1.60      0.00      0.40      0.40      0.40      0.00      0.00      0.00      0.00      0.00
08:35:21         0.00      0.00      0.00      0.00      0.00      0.00      0.00      0.00      0.00      0.00
08:35:26         3.20      0.00      0.80      0.80      0.80      0.00      0.00      0.00      0.00      0.00
08:35:31         2.40      0.00      0.60      0.60      0.60      0.00      0.00      0.00      0.00      0.00
08:35:36         3.20      0.00      0.80      0.80      0.80      0.00      0.00      0.00      0.00      0.00
08:35:41         0.00      0.00      0.00      0.00      0.00      0.00      0.00      0.00      0.00      0.00
08:35:46         1.60      0.00      0.40      0.40      0.40      0.00      0.00      0.00      0.00      0.00
08:35:51         1.60      0.00      0.40      0.40      0.40      0.00      0.00      0.00      0.00      0.00
08:35:56         4.00      0.00      1.00      1.00      1.00      0.00      0.00      0.00      0.00      0.00
08:36:01         1.60      0.00      0.40      0.40      0.40      0.00      0.00      0.00      0.00      0.00
08:36:06         3.20      0.00      1.00      0.80      0.80      0.00      0.00      0.00      0.00      0.00
08:36:11         0.80      0.00      0.20      0.20      0.20      0.00      0.00      0.00      0.00      0.00
08:36:16         2.40      0.00      0.60      0.60      0.60      0.00      0.00      0.00      0.00      0.00
08:36:21         1.60      0.00      0.40      0.40      0.40      0.00      0.00      0.00      0.00      0.00
08:36:26         4.00      0.00      1.00      1.00      1.00      0.00      0.00      0.00      0.00      0.00
08:36:31         0.80      0.00      0.20      0.20      0.20      0.00      0.00      0.00      0.00      0.00
08:36:36         1.60      0.00      0.40      0.40      0.40      0.00      0.00      0.00      0.00      0.00
08:36:41         0.00      0.00      0.40      0.00      0.00      0.00      0.00      0.00      0.00      0.00
08:36:46         1.60      0.00      0.40      0.40      0.40      0.00      0.00      0.00      0.00      0.00
08:36:51         0.00      0.00      0.00      0.00      0.00      0.00      0.00      0.00      0.00      0.00
08:36:56         0.00      0.00      0.00      0.00      0.00      0.00      0.00      0.00      0.00      0.00
08:37:01         2.40      0.00      0.60      0.60      0.60      0.00      0.00      0.00      0.00      0.00
08:37:06         2.40      0.00      0.60      0.60      0.60      0.00      0.00      0.00      0.00      0.00
08:37:11         4.00      0.00      1.00      1.00      1.00      0.00      0.00      0.00      0.00      0.00
08:37:16         1.60      0.00      0.40      0.40      0.40      0.00      0.00      0.00      0.00      0.00
08:37:21         1.60      0.00      0.40      0.40      0.40      0.00      0.00      0.00      0.00      0.00
08:37:26         1.60      0.00      0.40      0.40      0.40      0.00      0.00      0.00      0.00      0.00
08:37:31         2.40      0.00      0.60      0.60      0.60      0.00      0.00      0.00      0.00      0.00
08:37:36         0.00      0.00      0.00      0.00      0.00      0.00      0.00      0.00      0.00      0.00
08:37:41         3.20      0.00      0.80      0.80      0.80      0.00      0.00      0.00      0.00      0.00
08:37:46         0.80      0.00      0.20      0.20      0.20      0.00      0.00      0.00      0.00      0.00
08:37:51         1.60      0.00      0.40      0.40      0.40      0.00      0.00      0.00      0.00      0.00
08:37:56         3.20      0.00      0.80      0.80      0.80      0.00      0.00      0.00      0.00      0.00
08:38:01         2.40      0.00      0.60      0.60      0.60      0.00      0.00      0.00      0.00      0.00
08:38:06         3.20      0.00      0.80      0.80      0.80      0.00      0.00      0.00      0.00      0.00
08:38:11    150724.80 148790.40  37803.60  37681.40  37189.00  35562.40   1651.20  74368.00      0.00      0.00
08:38:16    425090.40 427848.00 108712.60 106272.60 106980.40 135505.20  36687.80 213959.20      0.00      0.00
08:38:21         4.00      0.00      1.00      1.00      1.00      0.00      0.00      0.00      0.00      0.00
08:38:26         3.20      0.00      0.80      0.80      0.80      0.00      0.00      0.00      0.00      0.00
08:38:31         0.80      0.00      0.20      0.20      0.20      0.00      0.00      0.00      0.00      0.00
08:38:36         4.00      0.00      1.00      1.00      1.00      0.00      0.00      0.00      0.00      0.00
08:38:41         4.00      0.00      1.00      1.00      1.00      0.00      0.00      0.00      0.00      0.00
08:38:46         4.00      0.00      1.00      1.00      1.00      0.00      0.00      0.00      0.00      0.00
08:38:51         4.00      0.00      1.00      1.00      1.00      0.00      0.00      0.00      0.00      0.00
08:38:56         3.20      0.00      0.80      0.80      0.80      0.00      0.00      0.00      0.00      0.00
08:39:01         3.20      0.00      0.80      0.80      0.80      0.00      0.00      0.00      0.00      0.00
08:39:06         2.40      0.00      0.60      0.60      0.60      0.00      0.00      0.00      0.00      0.00
08:39:11         1.60      0.00      0.40      0.40      0.40      0.00      0.00      0.00      0.00      0.00
08:39:16         3.20      0.00      0.80      0.80      0.80      0.00      0.00      0.00      0.00      0.00
08:39:21         0.00      0.00      0.00      0.00      0.00      0.00      0.00      0.00      0.00      0.00
08:39:26         1.60      0.00      0.40      0.40      0.40      0.00      0.00      0.00      0.00      0.00
08:39:31         1.60      0.00      0.40      0.40      0.40      0.00      0.00      0.00      0.00      0.00
08:39:36         4.00      0.00      1.00      1.00      1.00      0.00      0.00      0.00      0.00      0.00
08:39:41    100164.80  96872.00  25057.20  25041.60  24223.00  25539.40   3406.60  48436.00      0.00      0.00
08:39:46    232777.60 240989.60  58561.20  58194.20  60253.00 118173.60  63841.40 120500.40      0.00      0.00
08:39:51         4.00      0.00      1.40      1.00      1.00      0.00      0.00      0.00      0.00      0.00
08:39:56         3.20      0.00      1.00      1.00      0.80      0.00      0.00      0.00      0.00      0.00
08:40:01         3.20      0.00      0.80      0.80      0.80      0.00      0.00      0.00      0.00      0.00
08:40:06         1.60      0.00      0.40      0.40      0.40      0.00      0.00      0.00      0.00      0.00
08:40:11         3.20      0.00      0.80      0.80      0.80      0.00      0.00      0.00      0.00      0.00
08:40:16         4.00      0.00      1.00      1.00      1.00      0.00      0.00      0.00      0.00      0.00
08:40:21         3.20      0.00      0.80      0.80      0.80      0.00      0.00      0.00      0.00      0.00
08:40:26         2.40      0.00      0.60      0.60      0.60      0.00      0.00      0.00      0.00      0.00
08:40:31         3.20      0.00      0.80      0.80      0.80      0.00      0.00      0.00      0.00      0.00
08:40:36         2.40      0.00      0.60      0.60      0.60      0.00      0.00      0.00      0.00      0.00
08:40:41         0.80      0.00      0.20      0.20      0.20      0.00      0.00      0.00      0.00      0.00
08:40:46         4.00      0.00      1.00      1.00      1.00      0.00      0.00      0.00      0.00      0.00
08:40:51         2.40      0.00      0.60      0.60      0.60      0.00      0.00      0.00      0.00      0.00
08:40:56         3.20      0.00      0.80      0.80      0.80      0.00      0.00      0.00      0.00      0.00
08:41:01         4.00      0.00      1.00      1.00      1.00      0.00      0.00      0.00      0.00      0.00
08:41:06         2.40      0.00      0.60      0.60      0.60      0.00      0.00      0.00      0.00      0.00
08:41:11         4.00      0.00      1.00      1.00      1.00      0.00      0.00      0.00      0.00      0.00
08:41:16         1.60      0.00      0.40      0.40      0.40      0.00      0.00      0.00      0.00      0.00
08:41:21         2.40      0.00      0.60      0.60      0.60      0.00      0.00      0.00      0.00      0.00
08:41:26         3.99      0.00      1.00      1.00      1.00      0.00      0.00      0.00      0.00      0.00
08:41:31         2.40      0.00      0.60      0.60      0.60      0.00      0.00      0.00      0.00      0.00
08:41:36         4.00      0.00      1.00      1.00      1.00      0.00      0.00      0.00      0.00      0.00
08:41:41         0.00      0.00      0.00      0.00      0.00      0.00      0.00      0.00      0.00      0.00
08:41:46         0.80      0.00      0.20      0.20      0.20      0.00      0.00      0.00      0.00      0.00
08:41:51         3.20      0.00      0.80      0.80      0.80      0.00      0.00      0.00      0.00      0.00
08:41:56         2.40      0.00      0.60      0.60      0.60      0.00      0.00      0.00      0.00      0.00
08:42:01         4.00      0.00      1.00      1.00      1.00      0.00      0.00      0.00      0.00      0.00
08:42:06         2.40      0.00      0.60      0.60      0.60      0.00      0.00      0.00      0.00      0.00
08:42:11         1.60      0.00      0.40      0.40      0.40      0.00      0.00      0.00      0.00      0.00
08:42:16         4.00      0.00      1.00      1.00      1.00      0.00      0.00      0.00      0.00      0.00
08:42:21         4.00      0.00      1.00      1.00      1.00      0.00      0.00      0.00      0.00      0.00
08:42:26         2.40      0.00      0.60      0.60      0.60      0.00      0.00      0.00      0.00      0.00
08:42:31         4.00      0.00      1.00      1.00      1.00      0.00      0.00      0.00      0.00      0.00
08:42:36         1.60      0.00      0.40      0.40      0.40      0.00      0.00      0.00      0.00      0.00
08:42:41       349.60      0.00    117.00     87.60      1.00      0.00      0.00      0.00      0.00      0.00
08:42:46    184071.20 186680.80  47736.00  46019.00  46743.20  66796.00  21390.20  93373.20      0.00      0.00
08:42:51         3.20      0.00      3.80      2.60      0.80      0.00      0.00      0.00      0.00      0.00
08:42:56         3.20      0.00      0.80      0.80      0.80      0.00      0.00      0.00      0.00      0.00
08:43:01         1.60      0.00      0.40      0.40      0.40      0.00      0.00      0.00      0.00      0.00
08:43:06         3.20      0.00      0.80      0.80      0.80      0.00      0.00      0.00      0.00      0.00
08:43:11         3.20      0.00      0.80      0.80      0.80      0.00      0.00      0.00      0.00      0.00
08:43:16         1.60      0.00      0.40      0.40      0.40      0.00      0.00      0.00      0.00      0.00
08:43:21         4.00      0.00      1.00      1.00      1.00      0.00      0.00      0.00      0.00      0.00
08:43:26         3.20      0.00      0.80      0.80      0.80      0.00      0.00      0.00      0.00      0.00
08:43:31         3.20      0.00      0.80      0.80      0.80      0.00      0.00      0.00      0.00      0.00
08:43:36         3.20      0.00      0.80      0.80      0.80      0.00      0.00      0.00      0.00      0.00
08:43:41         1.60      0.00      0.40      0.40      0.40      0.00      0.00      0.00      0.00      0.00
08:43:46         4.00      0.00      1.00      1.00      1.00      0.00      0.00      0.00      0.00      0.00
08:43:51         4.00      0.00      1.00      1.00      1.00      0.00      0.00      0.00      0.00      0.00
08:43:56         3.20      0.00      0.80      0.80      0.80      0.00      0.00      0.00      0.00      0.00
08:44:01         3.20      0.00      0.80      0.80      0.80      0.00      0.00      0.00      0.00      0.00
08:44:06         1.60      0.00      0.40      0.40      0.40      0.00      0.00      0.00      0.00      0.00
08:44:11         3.20      0.00      0.80      0.80      0.80      0.00      0.00      0.00      0.00      0.00
08:44:16         3.20      0.00      0.80      0.80      0.80      0.00      0.00      0.00      0.00      0.00
08:44:21         3.20      0.00      0.80      0.80      0.80      0.00      0.00      0.00      0.00      0.00
08:44:26         2.40      0.00      0.60      0.60      0.60      0.00      0.00      0.00      0.00      0.00
08:44:31         3.20      0.00      0.80      0.80      0.80      0.00      0.00      0.00      0.00      0.00
08:44:36         4.80      0.00      1.20      1.20      1.20      0.00      0.00      0.00      0.00      0.00
08:44:41         2.40      0.00      0.60      0.60      0.60      0.00      0.00      0.00      0.00      0.00
08:44:46         1.60      0.00      0.40      0.40      0.40      0.00      0.00      0.00      0.00      0.00
08:44:51         0.80      0.00      0.20      0.20      0.20      0.00      0.00      0.00      0.00      0.00
08:44:56         4.00      0.00      1.00      1.00      1.00      0.00      0.00      0.00      0.00      0.00
08:45:01         0.80      0.00      0.20      0.20      0.20      0.00      0.00      0.00      0.00      0.00
08:45:06         2.40      0.00      0.60      0.60      0.60      0.00      0.00      0.00      0.00      0.00
08:45:11         1.60      0.00      0.40      0.40      0.40      0.00      0.00      0.00      0.00      0.00
08:45:16         2.40      0.00      0.60      0.60      0.60      0.00      0.00      0.00      0.00      0.00
08:45:21         0.80      0.00      0.20      0.20      0.20      0.00      0.00      0.00      0.00      0.00
08:45:26         2.40      0.00      0.60      0.60      0.60      0.00      0.00      0.00      0.00      0.00
08:45:31         2.40      0.00      0.60      0.60      0.60      0.00      0.00      0.00      0.00      0.00
08:45:36         3.20      0.00      0.80      0.80      0.80      0.00      0.00      0.00      0.00      0.00
08:45:41         3.20      0.00      0.80      0.80      0.80      0.00      0.00      0.00      0.00      0.00
08:45:46         4.00      0.00      1.00      1.00      1.00      0.00      0.00      0.00      0.00      0.00
08:45:51         4.00      0.00      1.00      1.00      1.00      0.00      0.00      0.00      0.00      0.00
08:45:56         4.00      0.00      1.00      1.00      1.00      0.00      0.00      0.00      0.00      0.00
08:46:01         2.40      0.00      0.60      0.60      0.60      0.00      0.00      0.00      0.00      0.00
08:46:06         1.60      0.00      0.40      0.40      0.40      0.00      0.00      0.00      0.00      0.00
08:46:11         3.20      0.00      0.80      0.80      0.80      0.00      0.00      0.00      0.00      0.00
08:46:16         1.60      0.00      0.40      0.40      0.40      0.00      0.00      0.00      0.00      0.00
08:46:21         2.40      0.00      0.60      0.60      0.60      0.00      0.00      0.00      0.00      0.00
08:46:26         3.20      0.00      0.80      0.80      0.80      0.00      0.00      0.00      0.00      0.00
08:46:31         3.20      0.00      0.80      0.80      0.80      0.00      0.00      0.00      0.00      0.00
08:46:36         2.40      0.00      0.60      0.60      0.60      0.00      0.00      0.00      0.00      0.00
08:46:41         3.20      0.00      0.80      0.80      0.80      0.00      0.00      0.00      0.00      0.00
08:46:46         3.20      0.00      0.80      0.80      0.80      0.00      0.00      0.00      0.00      0.00
08:46:51         1.60      0.00      0.40      0.40      0.40      0.00      0.00      0.00      0.00      0.00
08:46:56         2.40      0.00      0.60      0.60      0.60      0.00      0.00      0.00      0.00      0.00
08:47:01         4.00      0.00      1.00      1.00      1.00      0.00      0.00      0.00      0.00      0.00
08:47:06         3.20      0.00      0.80      0.80      0.80      0.00      0.00      0.00      0.00      0.00
08:47:11         2.40      0.00      0.60      0.60      0.60      0.00      0.00      0.00      0.00      0.00
08:47:16         4.00      0.00      1.00      1.00      1.00      0.00      0.00      0.00      0.00      0.00
08:47:21         3.20      0.00      0.80      0.80      0.80      0.00      0.00      0.00      0.00      0.00
08:47:26         3.20      0.00      0.80      0.80      0.80      0.00      0.00      0.00      0.00      0.00
08:47:31         2.40      0.00      0.60      0.60      0.60      0.00      0.00      0.00      0.00      0.00
08:47:36         2.40      0.00      0.60      0.60      0.60      0.00      0.00      0.00      0.00      0.00
08:47:41         3.20      0.00      0.80      0.80      0.80      0.00      0.00      0.00      0.00      0.00
08:47:46         4.00      0.00      1.00      1.00      1.00      0.00      0.00      0.00      0.00      0.00
08:47:51         2.40      0.00      0.60      0.60      0.60      0.00      0.00      0.00      0.00      0.00
08:47:56         4.00      0.00      1.00      1.00      1.00      0.00      0.00      0.00      0.00      0.00
08:48:01         1.60      0.00      0.40      0.40      0.40      0.00      0.00      0.00      0.00      0.00
08:48:06         4.80      0.00      1.20      1.20      1.20      0.00      0.00      0.00      0.00      0.00
08:48:11         2.40      0.00      0.60      0.60      0.60      0.00      0.00      0.00      0.00      0.00
08:48:16         2.40      0.00      0.60      0.60      0.60      0.00      0.00      0.00      0.00      0.00
08:48:21         1.60      0.00      0.40      0.40      0.40      0.00      0.00      0.00      0.00      0.00
08:48:26         2.40      0.00      0.60      0.60      0.60      0.00      0.00      0.00      0.00      0.00
08:48:31         3.20      0.00      0.80      0.80      0.80      0.00      0.00      0.00      0.00      0.00
08:48:36         3.20      0.00      0.80      0.80      0.80      0.00      0.00      0.00      0.00      0.00
08:48:41         3.20      0.00      0.80      0.80      0.80      0.00      0.00      0.00      0.00      0.00
08:48:46         4.00      0.00      1.00      1.00      1.00      0.00      0.00      0.00      0.00      0.00
08:48:51         1.60      0.00      0.40      0.40      0.40      0.00      0.00      0.00      0.00      0.00
08:48:56         4.80      0.00      1.20      1.20      1.20      0.00      0.00      0.00      0.00      0.00
08:49:01         0.80      0.00      0.20      0.20      0.20      0.00      0.00      0.00      0.00      0.00
08:49:06         1.60      0.00      0.40      0.40      0.40      0.00      0.00      0.00      0.00      0.00
08:49:11         1.60      0.00      0.40      0.40      0.40      0.00      0.00      0.00      0.00      0.00
08:49:16         1.60      0.00      0.40      0.40      0.40      0.00      0.00      0.00      0.00      0.00
08:49:21         1.60      0.00      0.40      0.40      0.40      0.00      0.00      0.00      0.00      0.00
08:49:26         1.60      0.00      0.40      0.40      0.40      0.00      0.00      0.00      0.00      0.00
08:49:31         1.60      0.00      0.40      0.40      0.40      0.00      0.00      0.00      0.00      0.00
08:49:36         4.00      0.00      1.00      1.00      1.00      0.00      0.00      0.00      0.00      0.00
08:49:41         2.40      0.00      0.60      0.60      0.60      0.00      0.00      0.00      0.00      0.00
08:49:46         3.20      0.00      0.80      0.80      0.80      0.00      0.00      0.00      0.00      0.00
08:49:51         1.60      0.00      0.40      0.40      0.40      0.00      0.00      0.00      0.00      0.00
08:49:56         2.40      0.00      0.60      0.60      0.60      0.00      0.00      0.00      0.00      0.00
08:50:01         3.20      0.00      0.80      0.80      0.80      0.00      0.00      0.00      0.00      0.00
08:50:06         3.20      0.00      0.80      0.80      0.80      0.00      0.00      0.00      0.00      0.00
08:50:11         3.20      0.00      0.80      0.80      0.80      0.00      0.00      0.00      0.00      0.00
08:50:16         2.40      0.00      0.60      0.60      0.60      0.00      0.00      0.00      0.00      0.00
08:50:21         1.60      0.00      0.40      0.40      0.40      0.00      0.00      0.00      0.00      0.00
08:50:26         2.40      0.00      0.60      0.60      0.60      0.00      0.00      0.00      0.00      0.00
08:50:31         0.80      0.00      0.20      0.20      0.20      0.00      0.00      0.00      0.00      0.00
08:50:36         4.00      0.00      1.00      1.00      1.00      0.00      0.00      0.00      0.00      0.00
08:50:41         3.20      0.00      0.80      0.80      0.80      0.00      0.00      0.00      0.00      0.00
08:50:46         1.60      0.00      0.40      0.40      0.40      0.00      0.00      0.00      0.00      0.00
08:50:51         2.40      0.00      0.60      0.60      0.60      0.00      0.00      0.00      0.00      0.00
08:50:56         4.00      0.00      1.00      1.00      1.00      0.00      0.00      0.00      0.00      0.00
08:51:01         3.20      0.00      0.80      0.80      0.80      0.00      0.00      0.00      0.00      0.00
08:51:06         4.80      0.00      1.20      1.20      1.20      0.00      0.00      0.00      0.00      0.00
08:51:11         1.60      0.00      0.40      0.40      0.40      0.00      0.00      0.00      0.00      0.00
08:51:16         2.40      0.00      0.60      0.60      0.60      0.00      0.00      0.00      0.00      0.00
08:51:21         2.40      0.00      0.60      0.60      0.60      0.00      0.00      0.00      0.00      0.00
08:51:26         0.00      0.00      0.00      0.00      0.00      0.00      0.00      0.00      0.00      0.00
08:51:31         2.40      0.00      0.60      0.60      0.60      0.00      0.00      0.00      0.00      0.00
08:51:36         3.20      0.00      0.80      0.80      0.80      0.00      0.00      0.00      0.00      0.00
08:51:41         4.00      0.00      1.00      1.00      1.00      0.00      0.00      0.00      0.00      0.00
08:51:46         3.20      0.00      0.80      0.80      0.80      0.00      0.00      0.00      0.00      0.00
08:51:51         2.40      0.00      0.60      0.60      0.60      0.00      0.00      0.00      0.00      0.00
08:51:56         0.80      0.00      0.20      0.20      0.20      0.00      0.00      0.00      0.00      0.00
08:52:01         0.80      0.00      0.20      0.20      0.20      0.00      0.00      0.00      0.00      0.00
08:52:06         4.00      0.00      1.00      1.00      1.00      0.00      0.00      0.00      0.00      0.00
08:52:11         0.80      0.00      0.20      0.20      0.20      0.00      0.00      0.00      0.00      0.00
08:52:16         4.00      0.00      1.00      1.00      1.00      0.00      0.00      0.00      0.00      0.00
08:52:21         0.80      0.00      0.20      0.20      0.20      0.00      0.00      0.00      0.00      0.00
08:52:26         1.60      0.00      0.40      0.40      0.40      0.00      0.00      0.00      0.00      0.00
08:52:31         0.80      0.00      0.20      0.20      0.20      0.00      0.00      0.00      0.00      0.00
08:52:36         3.20      0.00      0.80      0.80      0.80      0.00      0.00      0.00      0.00      0.00
08:52:41         3.20      0.00      0.80      0.80      0.80      0.00      0.00      0.00      0.00      0.00
08:52:46         3.20      0.00      0.80      0.80      0.80      0.00      0.00      0.00      0.00      0.00
08:52:51         3.20      0.00      0.80      0.80      0.80      0.00      0.00      0.00      0.00      0.00
08:52:56         1.60      0.00      0.40      0.40      0.40      0.00      0.00      0.00      0.00      0.00
08:53:01         3.20      0.00      0.80      0.80      0.80      0.00      0.00      0.00      0.00      0.00
08:53:06         4.00      0.00      1.00      1.00      1.00      0.00      0.00      0.00      0.00      0.00
08:53:11         2.40      0.00      0.60      0.60      0.60      0.00      0.00      0.00      0.00      0.00
08:53:16    179510.40 171341.60  47022.00  44878.20  42833.00  91333.20  45690.00  85648.40      0.00      0.00
08:53:21     30940.80  37040.80  12651.00   7734.80   9301.60  13358.60   4274.80  18594.40      0.00      0.00
08:53:26         2.40      0.00      0.60      0.60      0.60      0.00      0.00      0.00      0.00      0.00
08:53:31         3.20      0.00      0.80      0.80      0.80      0.00      0.00      0.00      0.00      0.00
08:53:36         4.00      0.00      1.00      1.00      1.00      0.00      0.00      0.00      0.00      0.00
08:53:41         2.40      0.00      0.60      0.60      0.60      0.00      0.00      0.00      0.00      0.00
08:53:46         4.00      0.00      1.00      1.00      1.00      0.00      0.00      0.00      0.00      0.00
08:53:51         4.00      0.00      1.00      1.00      1.00      0.00      0.00      0.00      0.00      0.00
08:53:56         3.20      0.00      0.80      0.80      0.80      0.00      0.00      0.00      0.00      0.00
08:54:01         4.00      0.00      1.00      1.00      1.00      0.00      0.00      0.00      0.00      0.00
08:54:06         5.60      0.00      1.40      1.40      1.40      0.00      0.00      0.00      0.00      0.00
08:54:11         1.60      0.00      0.40      0.40      0.40      0.00      0.00      0.00      0.00      0.00
08:54:16         3.20      0.00      0.80      0.80      0.80      0.00      0.00      0.00      0.00      0.00
08:54:21         0.00      0.00      0.00      0.00      0.00      0.00      0.00      0.00      0.00      0.00
08:54:26         1.60      0.00      0.40      0.40      0.40      0.00      0.00      0.00      0.00      0.00
08:54:31         1.60      0.00      0.40      0.40      0.40      0.00      0.00      0.00      0.00      0.00
08:54:36         3.20      0.00      0.80      0.80      0.80      0.00      0.00      0.00      0.00      0.00
08:54:41         4.00      0.00      1.00      1.00      1.00      0.00      0.00      0.00      0.00      0.00
08:54:46    172948.00 165552.00  43375.20  43237.20  41400.40  49324.20   8881.40  82793.20      0.00      0.00
08:54:51    127490.40 133940.80  32379.00  31874.20  33531.60  42201.20  12798.80  67045.60      0.00      0.00
08:54:56         2.40      0.00      0.60      0.60      0.60      0.00      0.00      0.00      0.00      0.00
08:55:01         2.40      0.00      0.60      0.60      0.60      0.00      0.00      0.00      0.00      0.00
08:55:06         2.40      0.00      0.60      0.60      0.60      0.00      0.00      0.00      0.00      0.00
08:55:11         3.20      0.00      0.80      0.80      0.80      0.00      0.00      0.00      0.00      0.00
08:55:16         3.20      0.00      0.80      0.80      0.80      0.00      0.00      0.00      0.00      0.00
08:55:21         4.00      0.00      1.00      1.00      1.00      0.00      0.00      0.00      0.00      0.00
08:55:26         3.20      0.00      0.80      0.80      0.80      0.00      0.00      0.00      0.00      0.00
08:55:31         4.00      0.00      1.00      1.00      1.00      0.00      0.00      0.00      0.00      0.00
08:55:36         2.40      0.00      0.60      0.60      0.60      0.00      0.00      0.00      0.00      0.00
08:55:41         2.40      0.00      0.60      0.60      0.60      0.00      0.00      0.00      0.00      0.00
08:55:46         3.20      0.00      0.80      0.80      0.80      0.00      0.00      0.00      0.00      0.00
08:55:51         4.00      0.00      1.00      1.00      1.00      0.00      0.00      0.00      0.00      0.00
08:55:56         3.20      0.00      0.80      0.80      0.80      0.00      0.00      0.00      0.00      0.00
08:56:01         3.20      0.00      0.80      0.80      0.80      0.00      0.00      0.00      0.00      0.00
08:56:06         1.60      0.00      0.40      0.40      0.40      0.00      0.00      0.00      0.00      0.00
08:56:11         3.20      0.00      0.80      0.80      0.80      0.00      0.00      0.00      0.00      0.00
08:56:16         4.00      0.00      1.00      1.00      1.00      0.00      0.00      0.00      0.00      0.00
08:56:21         2.40      0.00      0.60      0.60      0.60      0.00      0.00      0.00      0.00      0.00
08:56:26         4.00      0.00      1.00      1.00      1.00      0.00      0.00      0.00      0.00      0.00
08:56:31         3.20      0.00      0.80      0.80      0.80      0.00      0.00      0.00      0.00      0.00
08:56:36         0.80      0.00      0.20      0.20      0.20      0.00      0.00      0.00      0.00      0.00
08:56:41         3.20      0.00      0.80      0.80      0.80      0.00      0.00      0.00      0.00      0.00
08:56:46         3.20      0.00      0.80      0.80      0.80      0.00      0.00      0.00      0.00      0.00
08:56:51         1.60      0.00      0.40      0.40      0.40      0.00      0.00      0.00      0.00      0.00
08:56:56         3.20      0.00      0.80      0.80      0.80      0.00      0.00      0.00      0.00      0.00
08:57:01         1.60      0.00      0.40      0.40      0.40      0.00      0.00      0.00      0.00      0.00
08:57:06         3.20      0.00      0.80      0.80      0.80      0.00      0.00      0.00      0.00      0.00
08:57:11         3.20      0.00      0.80      0.80      0.80      0.00      0.00      0.00      0.00      0.00
08:57:16         2.40      0.00      0.60      0.60      0.60      0.00      0.00      0.00      0.00      0.00
08:57:21         4.00      0.00      1.00      1.00      1.00      0.00      0.00      0.00      0.00      0.00
08:57:26         1.60      0.00      0.40      0.40      0.40      0.00      0.00      0.00      0.00      0.00
08:57:31         0.80      0.00      0.20      0.20      0.20      0.00      0.00      0.00      0.00      0.00
08:57:36         3.20      0.00      0.80      0.80      0.80      0.00      0.00      0.00      0.00      0.00
08:57:41         2.40      0.00      0.60      0.60      0.60      0.00      0.00      0.00      0.00      0.00
08:57:46     73586.40  67271.20  18635.20  18396.80  16819.80  24757.20   5942.00  33622.80      0.00      0.00
08:57:51    135364.00 141566.40  34327.20  33843.00  35436.40  71370.40  35692.40  70863.20      0.00      0.00
08:57:56         3.20      0.00     22.40      5.40      0.80      0.00      0.00      0.00      0.00      0.00
08:58:01         3.20      0.00      0.80      0.80      0.80      0.00      0.00      0.00      0.00      0.00
08:58:06         4.00      0.00      1.00      1.00      1.00      0.00      0.00      0.00      0.00      0.00
08:58:11         3.20      0.00      0.80      0.80      0.80      0.00      0.00      0.00      0.00      0.00
08:58:16         3.20      0.00      0.80      0.80      0.80      0.00      0.00      0.00      0.00      0.00
08:58:21         4.00      0.00      1.00      1.00      1.00      0.00      0.00      0.00      0.00      0.00
08:58:26         4.00      0.00      1.00      1.00      1.00      0.00      0.00      0.00      0.00      0.00
08:58:31         1.60      0.00      0.40      0.40      0.40      0.00      0.00      0.00      0.00      0.00
08:58:36         0.80      0.00      0.20      0.20      0.20      0.00      0.00      0.00      0.00      0.00
08:58:41         4.00      0.00      1.00      1.00      1.00      0.00      0.00      0.00      0.00      0.00
08:58:46         3.20      0.00      0.80      0.80      0.80      0.00      0.00      0.00      0.00      0.00
08:58:51         4.00      0.00      1.00      1.00      1.00      0.00      0.00      0.00      0.00      0.00
08:58:56         3.20      0.00      0.80      0.80      0.80      0.00      0.00      0.00      0.00      0.00
08:59:01         4.00      0.00      1.00      1.00      1.00      0.00      0.00      0.00      0.00      0.00
08:59:06         3.20      0.00      0.80      0.80      0.80      0.00      0.00      0.00      0.00      0.00
08:59:11         3.20      0.00      0.80      0.80      0.80      0.00      0.00      0.00      0.00      0.00
08:59:16         3.20      0.00      0.80      0.80      0.80      0.00      0.00      0.00      0.00      0.00
08:59:21         1.60      0.00      0.40      0.40      0.40      0.00      0.00      0.00      0.00      0.00
08:59:26         3.20      0.00      0.80      0.80      0.80      0.00      0.00      0.00      0.00      0.00
08:59:31         4.00      0.00      1.00      1.00      1.00      0.00      0.00      0.00      0.00      0.00
08:59:36         2.40      0.00      0.60      0.60      0.60      0.00      0.00      0.00      0.00      0.00
08:59:41         3.20      0.00      0.80      0.80      0.80      0.00      0.00      0.00      0.00      0.00
08:59:46         4.00      0.00      1.00      1.00      1.00      0.00      0.00      0.00      0.00      0.00
08:59:51         3.20      0.00      0.80      0.80      0.80      0.00      0.00      0.00      0.00      0.00
08:59:56         3.20      0.00      0.80      0.80      0.80      0.00      0.00      0.00      0.00      0.00
09:00:01         2.40      0.00      0.60      0.60      0.60      0.00      0.00      0.00      0.00      0.00
09:00:06         2.40      0.00      0.60      0.60      0.60      0.00      0.00      0.00      0.00      0.00
09:00:11         3.20      0.00      0.80      0.80      0.80      0.00      0.00      0.00      0.00      0.00
09:00:16         2.40      0.00      0.60      0.60      0.60      0.00      0.00      0.00      0.00      0.00
09:00:21         1.60      0.00      0.40      0.40      0.40      0.00      0.00      0.00      0.00      0.00
09:00:26         2.40      0.00      0.60      0.60      0.60      0.00      0.00      0.00      0.00      0.00
09:00:31         1.60      0.00      0.40      0.40      0.40      0.00      0.00      0.00      0.00      0.00
09:00:36         3.20      0.00      0.80      0.80      0.80      0.00      0.00      0.00      0.00      0.00
09:00:41         4.00      0.00      1.00      1.00      1.00      0.00      0.00      0.00      0.00      0.00
09:00:46         2.40      0.00      0.60      0.60      0.60      0.00      0.00      0.00      0.00      0.00
09:00:51         4.00      0.00      1.00      1.00      1.00      0.00      0.00      0.00      0.00      0.00
09:00:56         2.40      0.00      0.60      0.60      0.60      0.00      0.00      0.00      0.00      0.00
09:01:01         4.00      0.00      1.00      1.00      1.00      0.00      0.00      0.00      0.00      0.00
09:01:06         3.20      0.00      0.80      0.80      0.80      0.00      0.00      0.00      0.00      0.00
09:01:11         3.20      0.00      0.80      0.80      0.80      0.00      0.00      0.00      0.00      0.00
09:01:16         3.20      0.00      0.80      0.80      0.80      0.00      0.00      0.00      0.00      0.00
09:01:21         4.00      0.00      1.00      1.00      1.00      0.00      0.00      0.00      0.00      0.00
09:01:26         3.20      0.00      0.80      0.80      0.80      0.00      0.00      0.00      0.00      0.00
09:01:31         4.00      0.00      1.00      1.00      1.00      0.00      0.00      0.00      0.00      0.00
09:01:36         3.20      0.00      0.80      0.80      0.80      0.00      0.00      0.00      0.00      0.00
09:01:41         1.60      0.00      0.40      0.40      0.40      0.00      0.00      0.00      0.00      0.00
09:01:46         4.00      0.00      1.00      1.00      1.00      0.00      0.00      0.00      0.00      0.00
09:01:51         3.20      0.00      0.80      0.80      0.80      0.00      0.00      0.00      0.00      0.00
09:01:56         4.00      0.00      1.00      1.00      1.00      0.00      0.00      0.00      0.00      0.00
09:02:01         2.40      0.00      0.60      0.60      0.60      0.00      0.00      0.00      0.00      0.00
09:02:06         2.40      0.00      0.60      0.60      0.60      0.00      0.00      0.00      0.00      0.00
09:02:11         0.80      0.00      0.20      0.20      0.20      0.00      0.00      0.00      0.00      0.00
09:02:16         4.00      0.00      1.00      1.00      1.00      0.00      0.00      0.00      0.00      0.00
09:02:21         2.40      0.00      0.60      0.60      0.60      0.00      0.00      0.00      0.00      0.00
09:02:26         4.00      0.00      1.00      1.00      1.00      0.00      0.00      0.00      0.00      0.00
09:02:31         3.20      0.00      0.80      0.80      0.80      0.00      0.00      0.00      0.00      0.00
09:02:36         3.20      0.00      0.80      0.80      0.80      0.00      0.00      0.00      0.00      0.00
09:02:41         0.00      0.00      0.00      0.00      0.00      0.00      0.00      0.00      0.00      0.00
09:02:46         0.00      0.00      0.00      0.00      0.00      0.00      0.00      0.00      0.00      0.00
09:02:51         4.00      0.00      1.00      1.00      1.00      0.00      0.00      0.00      0.00      0.00
09:02:56         2.40      0.00      0.60      0.60      0.60      0.00      0.00      0.00      0.00      0.00
09:03:01         3.20      0.00      0.80      0.80      0.80      0.00      0.00      0.00      0.00      0.00
09:03:06         3.20      0.00      0.80      0.80      0.80      0.00      0.00      0.00      0.00      0.00
09:03:11         3.20      0.00      0.80      0.80      0.80      0.00      0.00      0.00      0.00      0.00
09:03:16         2.40      0.00      0.60      0.60      0.60      0.00      0.00      0.00      0.00      0.00
09:03:21         1.60      0.00      0.40      0.40      0.40      0.00      0.00      0.00      0.00      0.00
09:03:26         3.20      0.00      0.80      0.80      0.80      0.00      0.00      0.00      0.00      0.00
09:03:31         1.60      0.00      0.40      0.40      0.40      0.00      0.00      0.00      0.00      0.00
09:03:36         3.20      0.00      0.80      0.80      0.80      0.00      0.00      0.00      0.00      0.00
09:03:41         2.40      0.00      0.60      0.60      0.60      0.00      0.00      0.00      0.00      0.00
09:03:46         2.40      0.00      0.60      0.60      0.60      0.00      0.00      0.00      0.00      0.00
09:03:51         3.20      0.00      0.80      0.80      0.80      0.00      0.00      0.00      0.00      0.00
09:03:56         3.20      0.00      0.80      0.80      0.80      0.00      0.00      0.00      0.00      0.00
09:04:01         1.60      0.00      0.40      0.40      0.40      0.00      0.00      0.00      0.00      0.00
09:04:06         3.20      0.00      0.80      0.80      0.80      0.00      0.00      0.00      0.00      0.00
09:04:11         3.20      0.00      0.80      0.80      0.80      0.00      0.00      0.00      0.00      0.00
09:04:16         3.20      0.00      0.80      0.80      0.80      0.00      0.00      0.00      0.00      0.00
09:04:21         3.20      0.00      0.80      0.80      0.80      0.00      0.00      0.00      0.00      0.00
09:04:26         3.20      0.00      0.80      0.80      0.80      0.00      0.00      0.00      0.00      0.00
09:04:31         3.20      0.00      0.80      0.80      0.80      0.00      0.00      0.00      0.00      0.00
09:04:36         4.00      0.00      1.00      1.00      1.00      0.00      0.00      0.00      0.00      0.00
09:04:41         3.20      0.00      0.80      0.80      0.80      0.00      0.00      0.00      0.00      0.00
09:04:46         3.20      0.00      0.80      0.80      0.80      0.00      0.00      0.00      0.00      0.00
09:04:51         2.40      0.00      0.60      0.60      0.60      0.00      0.00      0.00      0.00      0.00
09:04:56         0.00      0.00      0.00      0.00      0.00      0.00      0.00      0.00      0.00      0.00
09:05:01         3.20      0.00      0.80      0.80      0.80      0.00      0.00      0.00      0.00      0.00
09:05:06         3.20      0.00      0.80      0.80      0.80      0.00      0.00      0.00      0.00      0.00
09:05:11         4.00      0.00      1.00      1.00      1.00      0.00      0.00      0.00      0.00      0.00
09:05:16         2.40      0.00      0.60      0.60      0.60      0.00      0.00      0.00      0.00      0.00
09:05:21         1.60      0.00      0.40      0.40      0.40      0.00      0.00      0.00      0.00      0.00
09:05:26         2.40      0.00      0.60      0.60      0.60      0.00      0.00      0.00      0.00      0.00
09:05:31         4.00      0.00      1.00      1.00      1.00      0.00      0.00      0.00      0.00      0.00
09:05:36         2.40      0.00      0.60      0.60      0.60      0.00      0.00      0.00      0.00      0.00
09:05:41         3.20      0.00      0.80      0.80      0.80      0.00      0.00      0.00      0.00      0.00
09:05:46         3.20      0.00      0.80      0.80      0.80      0.00      0.00      0.00      0.00      0.00
09:05:51         3.20      0.00      0.80      0.80      0.80      0.00      0.00      0.00      0.00      0.00
09:05:56         4.00      0.00      1.00      1.00      1.00      0.00      0.00      0.00      0.00      0.00
09:06:01         2.40      0.00      0.60      0.60      0.60      0.00      0.00      0.00      0.00      0.00
09:06:06         3.20      0.00      0.80      0.80      0.80      0.00      0.00      0.00      0.00      0.00
09:06:11         4.00      0.00      1.00      1.00      1.00      0.00      0.00      0.00      0.00      0.00
09:06:16         3.20      0.00      0.80      0.80      0.80      0.00      0.00      0.00      0.00      0.00
09:06:21         0.80      0.00      0.20      0.20      0.20      0.00      0.00      0.00      0.00      0.00
09:06:26         2.40      0.00      0.60      0.60      0.60      0.00      0.00      0.00      0.00      0.00
09:06:31         3.20      0.00      0.80      0.80      0.80      0.00      0.00      0.00      0.00      0.00
09:06:36         3.20      0.00      0.80      0.80      0.80      0.00      0.00      0.00      0.00      0.00
09:06:41         3.20      0.00      0.80      0.80      0.80      0.00      0.00      0.00      0.00      0.00
09:06:46         2.40      0.00      0.60      0.60      0.60      0.00      0.00      0.00      0.00      0.00
09:06:51         3.20      0.00      0.80      0.80      0.80      0.00      0.00      0.00      0.00      0.00
09:06:56         2.40      0.00      0.60      0.60      0.60      0.00      0.00      0.00      0.00      0.00
09:07:01         4.00      0.00      1.00      1.00      1.00      0.00      0.00      0.00      0.00      0.00
09:07:06         2.40      0.00      0.60      0.60      0.60      0.00      0.00      0.00      0.00      0.00
09:07:11         2.40      0.00      0.60      0.60      0.60      0.00      0.00      0.00      0.00      0.00
09:07:16         1.60      0.00      0.40      0.40      0.40      0.00      0.00      0.00      0.00      0.00
09:07:21         0.80      0.00      0.20      0.20      0.20      0.00      0.00      0.00      0.00      0.00
09:07:26         3.20      0.00      0.80      0.80      0.80      0.00      0.00      0.00      0.00      0.00
09:07:31         2.40      0.00      0.60      0.60      0.60      0.00      0.00      0.00      0.00      0.00
09:07:36         1.60      0.00      0.40      0.40      0.40      0.00      0.00      0.00      0.00      0.00
09:07:41         2.40      0.00      0.60      0.60      0.60      0.00      0.00      0.00      0.00      0.00
09:07:46         3.20      0.00      0.80      0.80      0.80      0.00      0.00      0.00      0.00      0.00
09:07:51         1.60      0.00      0.40      0.40      0.40      0.00      0.00      0.00      0.00      0.00
09:07:56         1.60      0.00      0.40      0.40      0.40      0.00      0.00      0.00      0.00      0.00
09:08:01         2.40      0.00      1.20      1.00      0.60      0.00      0.00      0.00      0.00      0.00
Average:      3745.71   3883.14   2125.46    936.46    975.49   1564.52    691.18   1947.11      0.00      0.00
