Linux 7.2.0-rc5-virtme (virtme-ng) 	08/02/26 	_x86_64_	(4 CPU)

08:08:01     %smem-10  %smem-60 %smem-300     %smem  %fmem-10  %fmem-60 %fmem-300     %fmem
08:08:06         0.00      0.00      0.00      0.00      0.00      0.00      0.00      0.00
08:08:11         0.00      0.00      0.00      0.00      0.00      0.00      0.00      0.00
08:08:16         0.00      0.00      0.00      0.00      0.00      0.00      0.00      0.00
08:08:21         0.00      0.00      0.00      0.00      0.00      0.00      0.00      0.00
08:08:26         0.00      0.00      0.00      0.00      0.00      0.00      0.00      0.00
08:08:31         0.00      0.00      0.00      0.00      0.00      0.00      0.00      0.00
08:08:36         0.00      0.00      0.00      0.00      0.00      0.00      0.00      0.00
08:08:41         0.00      0.00      0.00      0.00      0.00      0.00      0.00      0.00
08:08:46         0.00      0.00      0.00      0.00      0.00      0.00      0.00      0.00
08:08:51         0.00      0.00      0.00      0.00      0.00      0.00      0.00      0.00
08:08:56         0.00      0.00      0.00      0.00      0.00      0.00      0.00      0.00
08:09:01         0.00      0.00      0.00      0.00      0.00      0.00      0.00      0.00
08:09:06         0.00      0.00      0.00      0.00      0.00      0.00      0.00      0.00
08:09:11         0.00      0.00      0.00      0.00      0.00      0.00      0.00      0.00
08:09:16         0.00      0.00      0.00      0.00      0.00      0.00      0.00      0.00
08:09:21         0.00      0.00      0.00      0.00      0.00      0.00      0.00      0.00
08:09:26         0.00      0.00      0.00      0.00      0.00      0.00      0.00      0.00
08:09:31         0.00      0.00      0.00      0.00      0.00      0.00      0.00      0.00
08:09:36         0.00      0.00      0.00      0.00      0.00      0.00      0.00      0.00
08:09:41         0.00      0.00      0.00      0.00      0.00      0.00      0.00      0.00
08:09:46         0.00      0.00      0.00      0.00      0.00      0.00      0.00      0.00
08:09:51         0.00      0.00      0.00      0.00      0.00      0.00      0.00      0.00
08:09:56         0.00      0.00      0.00      0.00      0.00      0.00      0.00      0.00
08:10:01         0.00      0.00      0.00      0.00      0.00      0.00      0.00      0.00
08:10:06         0.00      0.00      0.00      0.00      0.00      0.00      0.00      0.00
08:10:11         0.00      0.00      0.00      0.00      0.00      0.00      0.00      0.00
08:10:16         0.00      0.00      0.00      0.00      0.00      0.00      0.00      0.00
08:10:21         0.00      0.00      0.00      0.00      0.00      0.00      0.00      0.00
08:10:26         0.00      0.00      0.00      0.00      0.00      0.00      0.00      0.00
08:10:31         0.00      0.00      0.00      0.00      0.00      0.00      0.00      0.00
08:10:36         0.00      0.00      0.00      0.00      0.00      0.00      0.00      0.00
08:10:41         0.00      0.00      0.00      0.00      0.00      0.00      0.00      0.00
08:10:46         0.00      0.00      0.00      0.00      0.00      0.00      0.00      0.00
08:10:51         0.00      0.00      0.00      0.00      0.00      0.00      0.00      0.00
08:10:56         0.00      0.00      0.00      0.00      0.00      0.00      0.00      0.00
08:11:01         0.00      0.00      0.00      0.00      0.00      0.00      0.00      0.00
08:11:06         0.00      0.00      0.00      0.00      0.00      0.00      0.00      0.00
08:11:11         0.00      0.00      0.00      0.00      0.00      0.00      0.00      0.00
08:11:16         0.00      0.00      0.00      0.00      0.00      0.00      0.00      0.00
08:11:21         0.00      0.00      0.00      0.00      0.00      0.00      0.00      0.00
08:11:26         0.00      0.00      0.00      0.00      0.00      0.00      0.00      0.00
08:11:31         0.00      0.00      0.00      0.00      0.00      0.00      0.00      0.00
08:11:36         0.00      0.00      0.00      0.00      0.00      0.00      0.00      0.00
08:11:41         0.00      0.00      0.00      0.00      0.00      0.00      0.00      0.00
08:11:46         0.00      0.00      0.00      0.00      0.00      0.00      0.00      0.00
08:11:51         0.00      0.00      0.00      0.00      0.00      0.00      0.00      0.00
08:11:56         0.00      0.00      0.00      0.00      0.00      0.00      0.00      0.00
08:12:01         0.00      0.00      0.00      0.00      0.00      0.00      0.00      0.00
08:12:06         0.00      0.00      0.00      0.00      0.00      0.00      0.00      0.00
08:12:11         0.00      0.00      0.00      0.00      0.00      0.00      0.00      0.00
08:12:16         0.00      0.00      0.00      0.00      0.00      0.00      0.00      0.00
08:12:21         0.00      0.00      0.00      0.00      0.00      0.00      0.00      0.00
08:12:26         0.00      0.00      0.00      0.00      0.00      0.00      0.00      0.00
08:12:31         0.00      0.00      0.00      0.00      0.00      0.00      0.00      0.00
08:12:36         8.87      1.60      0.33     19.53      8.69      1.57      0.32     19.47
08:12:41         8.32      2.00      0.43      6.44      8.20      1.97      0.43      6.43
08:12:46         4.57      1.81      0.42      0.00      4.50      1.78      0.42      0.00
08:12:51         3.06      1.69      0.42      0.00      3.01      1.67      0.41      0.00
08:12:56         1.68      1.53      0.41      0.00      1.65      1.51      0.40      0.00
08:13:01         1.12      1.43      0.40      0.00      1.11      1.41      0.40      0.00
08:13:06         0.61      1.29      0.39      0.00      0.60      1.27      0.39      0.00
08:13:11         0.41      1.21      0.39      0.00      0.40      1.19      0.38      0.00
08:13:16         0.22      1.09      0.38      0.00      0.22      1.08      0.37      0.00
08:13:21         0.15      1.02      0.37      0.00      0.14      1.01      0.37      0.00
08:13:26         0.08      0.92      0.36      0.00      0.08      0.91      0.36      0.00
08:13:31         0.05      0.86      0.36      0.00      0.05      0.85      0.35      0.00
08:13:36         0.02      0.78      0.35      0.00      0.02      0.77      0.35      0.00
08:13:41         0.01      0.73      0.35      0.00      0.01      0.72      0.34      0.00
08:13:46         0.01      0.66      0.34      0.00      0.00      0.65      0.33      0.00
08:13:51         0.00      0.62      0.33      0.00      0.00      0.61      0.33      0.00
08:13:56         0.00      0.58      0.33      0.00      0.00      0.57      0.32      0.00
08:14:01         0.00      0.52      0.32      0.00      0.00      0.51      0.32      0.00
08:14:06         0.00      0.49      0.32      0.00      0.00      0.48      0.31      0.00
08:14:11         0.00      0.44      0.31      0.00      0.00      0.43      0.30      0.00
08:14:16         0.00      0.41      0.30      0.00      0.00      0.40      0.30      0.00
08:14:21         0.00      0.37      0.30      0.00      0.00      0.36      0.29      0.00
08:14:26         0.00      0.35      0.29      0.00      0.00      0.34      0.29      0.00
08:14:31         0.00      0.31      0.28      0.00      0.00      0.31      0.28      0.00
08:14:36         0.00      0.29      0.28      0.00      0.00      0.29      0.28      0.00
08:14:41         0.00      0.26      0.27      0.00      0.00      0.26      0.27      0.00
08:14:46         0.00      0.24      0.27      0.00      0.00      0.24      0.27      0.00
08:14:51         0.00      0.22      0.26      0.00      0.00      0.22      0.26      0.00
08:14:56         0.00      0.20      0.26      0.00      0.00      0.20      0.26      0.00
08:15:01         0.00      0.18      0.25      0.00      0.00      0.18      0.25      0.00
08:15:06         0.00      0.17      0.25      0.00      0.00      0.17      0.25      0.00
08:15:11         0.00      0.15      0.24      0.00      0.00      0.15      0.24      0.00
08:15:16         0.00      0.14      0.24      0.00      0.00      0.14      0.24      0.00
08:15:21         0.00      0.13      0.23      0.00      0.00      0.13      0.23      0.00
08:15:26         0.00      0.12      0.23      0.00      0.00      0.12      0.23      0.00
08:15:31         0.00      0.11      0.22      0.00      0.00      0.10      0.22      0.00
08:15:36         0.00      0.10      0.22      0.00      0.00      0.10      0.22      0.00
08:15:41         0.00      0.09      0.21      0.00      0.00      0.09      0.21      0.00
08:15:46         0.00      0.08      0.21      0.00      0.00      0.08      0.21      0.00
08:15:51         0.00      0.07      0.21      0.00      0.00      0.07      0.20      0.00
08:15:56         0.00      0.07      0.20      0.00      0.00      0.07      0.20      0.00
08:16:01         0.00      0.06      0.20      0.00      0.00      0.06      0.20      0.00
08:16:06         0.00      0.06      0.20      0.00      0.00      0.05      0.19      0.00
08:16:11         0.00      0.05      0.19      0.00      0.00      0.05      0.19      0.00
08:16:16         0.00      0.04      0.19      0.00      0.00      0.04      0.19      0.00
08:16:21         0.00      0.04      0.18      0.00      0.00      0.04      0.18      0.00
08:16:26         0.00      0.04      0.18      0.00      0.00      0.04      0.18      0.00
08:16:31         0.00      0.03      0.18      0.00      0.00      0.03      0.17      0.00
08:16:36         0.00      0.03      0.17      0.00      0.00      0.03      0.17      0.00
08:16:41         0.00      0.02      0.17      0.00      0.00      0.02      0.17      0.00
08:16:46         0.00      0.02      0.17      0.00      0.00      0.02      0.16      0.00
08:16:51         0.00      0.02      0.16      0.00      0.00      0.02      0.16      0.00
08:16:56         0.00      0.02      0.16      0.00      0.00      0.02      0.16      0.00
08:17:01         0.00      0.01      0.15      0.00      0.00      0.01      0.15      0.00
08:17:06         0.00      0.01      0.15      0.00      0.00      0.01      0.15      0.00
08:17:11         0.00      0.01      0.15      0.00      0.00      0.01      0.14      0.00
08:17:16         0.00      0.01      0.14      0.00      0.00      0.01      0.14      0.00
08:17:21         0.00      0.01      0.14      0.00      0.00      0.01      0.14      0.00
08:17:26         0.00      0.01      0.14      0.00      0.00      0.01      0.14      0.00
08:17:31         0.00      0.00      0.13      0.00      0.00      0.00      0.13      0.00
08:17:36         0.00      0.00      0.13      0.00      0.00      0.00      0.13      0.00
08:17:41         0.00      0.00      0.13      0.00      0.00      0.00      0.13      0.00
08:17:46         0.00      0.00      0.13      0.00      0.00      0.00      0.13      0.00
08:17:51         0.00      0.00      0.12      0.00      0.00      0.00      0.12      0.00
08:17:56         0.00      0.00      0.12      0.00      0.00      0.00      0.12      0.00
08:18:01         0.00      0.00      0.12      0.00      0.00      0.00      0.12      0.00
08:18:06         0.00      0.00      0.12      0.00      0.00      0.00      0.12      0.00
08:18:11         0.00      0.00      0.11      0.00      0.00      0.00      0.11      0.00
08:18:16         0.00      0.00      0.11      0.00      0.00      0.00      0.11      0.00
08:18:21         0.00      0.00      0.11      0.00      0.00      0.00      0.11      0.00
08:18:26         0.00      0.00      0.11      0.00      0.00      0.00      0.11      0.00
08:18:31         0.00      0.00      0.10      0.00      0.00      0.00      0.10      0.00
08:18:36         0.00      0.00      0.10      0.00      0.00      0.00      0.10      0.00
08:18:41         0.00      0.00      0.10      0.00      0.00      0.00      0.10      0.00
08:18:46         0.00      0.00      0.10      0.00      0.00      0.00      0.10      0.00
08:18:51         0.00      0.00      0.10      0.00      0.00      0.00      0.09      0.00
08:18:56         0.00      0.00      0.09      0.00      0.00      0.00      0.09      0.00
08:19:01         0.00      0.00      0.09      0.00      0.00      0.00      0.09      0.00
08:19:06         0.00      0.00      0.09      0.00      0.00      0.00      0.09      0.00
08:19:11         0.00      0.00      0.09      0.00      0.00      0.00      0.08      0.00
08:19:16         0.00      0.00      0.08      0.00      0.00      0.00      0.08      0.00
08:19:21         0.00      0.00      0.08      0.00      0.00      0.00      0.08      0.00
08:19:26         0.00      0.00      0.08      0.00      0.00      0.00      0.08      0.00
08:19:31         0.00      0.00      0.08      0.00      0.00      0.00      0.07      0.00
08:19:36         0.00      0.00      0.07      0.00      0.00      0.00      0.07      0.00
08:19:41         0.00      0.00      0.07      0.00      0.00      0.00      0.07      0.00
08:19:46         0.00      0.00      0.07      0.00      0.00      0.00      0.07      0.00
08:19:51         0.00      0.00      0.07      0.00      0.00      0.00      0.06      0.00
08:19:56         0.00      0.00      0.06      0.00      0.00      0.00      0.06      0.00
08:20:01         0.00      0.00      0.06      0.00      0.00      0.00      0.06      0.00
08:20:06         0.00      0.00      0.06      0.00      0.00      0.00      0.06      0.00
08:20:11         0.00      0.00      0.06      0.00      0.00      0.00      0.06      0.00
08:20:16         0.00      0.00      0.06      0.00      0.00      0.00      0.06      0.00
08:20:21         0.00      0.00      0.06      0.00      0.00      0.00      0.06      0.00
08:20:26         0.00      0.00      0.06      0.00      0.00      0.00      0.06      0.00
08:20:31         0.00      0.00      0.06      0.00      0.00      0.00      0.06      0.00
08:20:36         0.00      0.00      0.06      0.00      0.00      0.00      0.05      0.00
08:20:41         0.00      0.00      0.05      0.00      0.00      0.00      0.05      0.00
08:20:46         0.00      0.00      0.05      0.00      0.00      0.00      0.05      0.00
08:20:51         0.00      0.00      0.05      0.00      0.00      0.00      0.05      0.00
08:20:56         0.00      0.00      0.05      0.00      0.00      0.00      0.05      0.00
08:21:01         0.00      0.00      0.05      0.00      0.00      0.00      0.05      0.00
08:21:06         0.00      0.00      0.05      0.00      0.00      0.00      0.05      0.00
08:21:11         0.00      0.00      0.05      0.00      0.00      0.00      0.05      0.00
08:21:16         0.00      0.00      0.05      0.00      0.00      0.00      0.04      0.00
08:21:21         0.00      0.00      0.04      0.00      0.00      0.00      0.04      0.00
08:21:26         0.00      0.00      0.04      0.00      0.00      0.00      0.04      0.00
08:21:31         0.00      0.00      0.04      0.00      0.00      0.00      0.04      0.00
08:21:36         0.00      0.00      0.04      0.00      0.00      0.00      0.04      0.00
08:21:41         0.00      0.00      0.04      0.00      0.00      0.00      0.04      0.00
08:21:46         0.00      0.00      0.04      0.00      0.00      0.00      0.04      0.00
08:21:51         0.00      0.00      0.04      0.00      0.00      0.00      0.04      0.00
08:21:56         0.00      0.00      0.04      0.00      0.00      0.00      0.03      0.00
08:22:01         0.00      0.00      0.03      0.00      0.00      0.00      0.03      0.00
08:22:06         0.00      0.00      0.03      0.00      0.00      0.00      0.03      0.00
08:22:11         0.00      0.00      0.03      0.00      0.00      0.00      0.03      0.00
08:22:16         0.00      0.00      0.03      0.00      0.00      0.00      0.03      0.00
08:22:21         0.00      0.00      0.03      0.00      0.00      0.00      0.03      0.00
08:22:26         0.00      0.00      0.03      0.00      0.00      0.00      0.03      0.00
08:22:31         0.00      0.00      0.03      0.00      0.00      0.00      0.03      0.00
08:22:36         0.00      0.00      0.03      0.00      0.00      0.00      0.02      0.00
08:22:41         0.00      0.00      0.02      0.00      0.00      0.00      0.02      0.00
08:22:46         0.00      0.00      0.02      0.00      0.00      0.00      0.02      0.00
08:22:51         0.00      0.00      0.02      0.00      0.00      0.00      0.02      0.00
08:22:56         0.00      0.00      0.02      0.00      0.00      0.00      0.02      0.00
08:23:01         0.00      0.00      0.02      0.00      0.00      0.00      0.02      0.00
08:23:06         0.00      0.00      0.02      4.43      0.00      0.00      0.02      4.43
08:23:11         8.29      1.84      0.42     19.24      8.29      1.84      0.42     19.24
08:23:16         5.56      1.72      0.41      0.00      5.56      1.72      0.41      0.00
08:23:21         3.05      1.56      0.40      0.00      3.05      1.56      0.40      0.00
08:23:26         2.04      1.46      0.40      0.00      2.04      1.46      0.40      0.00
08:23:31         1.12      1.32      0.39      0.00      1.12      1.32      0.39      0.00
08:23:36         0.75      1.23      0.38      0.00      0.75      1.23      0.38      0.00
08:23:41         0.41      1.12      0.37      0.00      0.41      1.12      0.37      0.00
08:23:46         0.27      1.04      0.37      0.00      0.27      1.04      0.37      0.00
08:23:51         0.15      0.94      0.36      0.00      0.15      0.94      0.36      0.00
08:23:56         0.10      0.88      0.35      0.00      0.10      0.88      0.35      0.00
08:24:01         0.05      0.80      0.35      0.00      0.05      0.80      0.35      0.00
08:24:06         0.03      0.74      0.34      0.00      0.03      0.74      0.34      0.00
08:24:11         0.01      0.67      0.33      0.00      0.01      0.67      0.33      0.00
08:24:16         0.01      0.63      0.33      0.00      0.01      0.63      0.33      0.00
08:24:21         0.00      0.57      0.32      0.00      0.00      0.57      0.32      0.00
08:24:26         0.00      0.53      0.32      0.00      0.00      0.53      0.32      0.00
08:24:31         0.00      0.48      0.31      0.00      0.00      0.48      0.31      0.00
08:24:36         0.00      0.45      0.30      0.48      0.00      0.45      0.30      0.48
08:24:41        18.74      4.23      1.12     47.63     18.74      4.23      1.11     47.63
08:24:46        12.57      3.96      1.10      0.00     12.57      3.96      1.10      0.00
08:24:51         6.90      3.58      1.08      0.00      6.90      3.58      1.08      0.00
08:24:56         4.62      3.35      1.06      0.00      4.62      3.35      1.06      0.00
08:25:01         2.54      3.03      1.04      0.00      2.54      3.03      1.04      0.00
08:25:06         1.70      2.83      1.02      0.00      1.70      2.83      1.02      0.00
08:25:11         0.93      2.56      1.00      0.00      0.93      2.56      1.00      0.00
08:25:16         0.62      2.40      0.99      0.00      0.62      2.40      0.99      0.00
08:25:21         0.34      2.17      0.97      0.00      0.34      2.17      0.97      0.00
08:25:26         0.22      2.03      0.95      0.00      0.22      2.03      0.95      0.00
08:25:31         0.12      1.84      0.93      0.00      0.12      1.84      0.93      0.00
08:25:36         0.08      1.72      0.92      0.00      0.08      1.72      0.92      0.00
08:25:41         0.04      1.55      0.90      0.00      0.04      1.55      0.90      0.00
08:25:46         0.03      1.45      0.89      0.00      0.03      1.45      0.89      0.00
08:25:51         0.01      1.31      0.87      0.00      0.01      1.31      0.87      0.00
08:25:56         0.01      1.23      0.86      0.00      0.01      1.23      0.85      0.00
08:26:01         0.00      1.11      0.84      0.00      0.00      1.11      0.84      0.00
08:26:06         0.00      1.04      0.83      0.00      0.00      1.04      0.83      0.00
08:26:11         0.00      0.94      0.81      0.00      0.00      0.94      0.81      0.00
08:26:16         0.00      0.88      0.80      0.00      0.00      0.88      0.80      0.00
08:26:21         0.00      0.79      0.78      0.00      0.00      0.79      0.78      0.00
08:26:26         0.00      0.74      0.77      0.00      0.00      0.74      0.77      0.00
08:26:31         0.00      0.67      0.75      0.00      0.00      0.67      0.75      0.00
08:26:36         0.00      0.62      0.74      0.00      0.00      0.62      0.74      0.00
08:26:41         0.00      0.56      0.73      0.00      0.00      0.56      0.72      0.00
08:26:46         0.00      0.53      0.71      0.00      0.00      0.53      0.71      0.00
08:26:51         0.00      0.47      0.70      0.00      0.00      0.47      0.70      0.00
08:26:56         0.00      0.44      0.69      0.00      0.00      0.44      0.69      0.00
08:27:01         0.00      0.40      0.67      0.00      0.00      0.40      0.67      0.00
08:27:06         0.00      0.37      0.66      0.00      0.00      0.37      0.66      0.00
08:27:11         0.00      0.34      0.65      0.00      0.00      0.34      0.65      0.00
08:27:16         0.00      0.31      0.64      0.00      0.00      0.31      0.64      0.00
08:27:21         0.00      0.28      0.63      0.00      0.00      0.28      0.63      0.00
08:27:26         0.00      0.26      0.62      0.00      0.00      0.26      0.62      0.00
08:27:31         0.00      0.24      0.60      0.00      0.00      0.24      0.60      0.00
08:27:36         0.00      0.22      0.60      0.00      0.00      0.22      0.60      0.00
08:27:41         7.63      1.82      0.93     20.59      7.63      1.82      0.93     20.59
08:27:46         5.11      1.70      0.92      0.00      5.11      1.70      0.92      0.00
08:27:51         2.80      1.54      0.90      0.00      2.80      1.54      0.90      0.00
08:27:56         1.88      1.44      0.89      0.00      1.88      1.44      0.89      0.00
08:28:01         1.03      1.30      0.87      0.00      1.03      1.30      0.87      0.00
08:28:06         0.69      1.21      0.85      0.00      0.69      1.21      0.85      0.00
08:28:11         0.37      1.10      0.84      0.00      0.37      1.10      0.84      0.00
08:28:16         0.25      1.03      0.82      0.00      0.25      1.03      0.82      0.00
08:28:21         0.13      0.93      0.81      0.00      0.13      0.93      0.81      0.00
08:28:26         0.09      0.87      0.79      0.00      0.09      0.87      0.79      0.00
08:28:31         0.05      0.78      0.78      0.00      0.05      0.78      0.78      0.00
08:28:36         0.03      0.73      0.77      0.00      0.03      0.73      0.77      0.00
08:28:41         0.01      0.66      0.75      0.00      0.01      0.66      0.75      0.00
08:28:46         0.01      0.62      0.74      0.00      0.01      0.62      0.74      0.00
08:28:51         0.00      0.56      0.72      0.00      0.00      0.56      0.72      0.00
08:28:56         0.00      0.52      0.71      0.00      0.00      0.52      0.71      0.00
08:29:01         0.00      0.47      0.70      0.00      0.00      0.47      0.70      0.00
08:29:06         0.00      0.44      0.69      0.00      0.00      0.44      0.69      0.00
08:29:11         0.00      0.40      0.67      0.00      0.00      0.40      0.67      0.00
08:29:16         0.00      0.37      0.66      0.00      0.00      0.37      0.66      0.00
08:29:21         0.00      0.33      0.65      0.00      0.00      0.33      0.65      0.00
08:29:26         0.00      0.31      0.64      0.00      0.00      0.31      0.64      0.00
08:29:31         0.00      0.28      0.62      0.00      0.00      0.28      0.62      0.00
08:29:36         0.00      0.26      0.62      0.00      0.00      0.26      0.62      0.00
08:29:41         0.00      0.24      0.60      0.00      0.00      0.24      0.60      0.00
08:29:46         0.00      0.22      0.59      0.00      0.00      0.22      0.59      0.00
08:29:51         0.00      0.20      0.58      0.00      0.00      0.20      0.58      0.00
08:29:56         0.00      0.18      0.57      0.00      0.00      0.18      0.57      0.00
08:30:01         0.00      0.17      0.56      0.00      0.00      0.17      0.56      0.00
08:30:06         0.00      0.15      0.55      0.00      0.00      0.15      0.55      0.00
08:30:11         0.00      0.14      0.54      0.00      0.00      0.14      0.54      0.00
08:30:16         0.00      0.13      0.53      0.00      0.00      0.13      0.53      0.00
08:30:21         0.00      0.12      0.52      0.00      0.00      0.12      0.52      0.00
08:30:26         0.00      0.11      0.51      0.00      0.00      0.11      0.51      0.00
08:30:31         0.00      0.10      0.50      0.00      0.00      0.10      0.50      0.00
08:30:36         0.00      0.09      0.49      0.00      0.00      0.09      0.49      0.00
08:30:41         0.00      0.08      0.48      0.00      0.00      0.08      0.48      0.00
08:30:46         0.00      0.07      0.48      0.00      0.00      0.07      0.48      0.00
08:30:51         0.00      0.06      0.47      0.00      0.00      0.06      0.47      0.00
08:30:56         0.00      0.06      0.46      0.00      0.00      0.06      0.46      0.00
08:31:01         0.00      0.05      0.45      0.00      0.00      0.05      0.45      0.00
08:31:06         0.00      0.05      0.44      0.00      0.00      0.05      0.44      0.00
08:31:11         0.00      0.04      0.43      0.00      0.00      0.04      0.43      0.00
08:31:16         0.00      0.04      0.42      0.00      0.00      0.04      0.42      0.00
08:31:21         0.00      0.03      0.42      0.00      0.00      0.03      0.42      0.00
08:31:26         0.00      0.03      0.41      0.00      0.00      0.03      0.41      0.00
08:31:31         0.00      0.03      0.40      0.00      0.00      0.03      0.40      0.00
08:31:36         0.00      0.02      0.39      0.00      0.00      0.02      0.39      0.00
08:31:41         0.00      0.02      0.39      0.00      0.00      0.02      0.39      0.00
08:31:46         0.00      0.02      0.38      0.00      0.00      0.02      0.38      0.00
08:31:51         0.00      0.02      0.37      0.00      0.00      0.02      0.37      0.00
08:31:56         0.00      0.01      0.37      0.00      0.00      0.01      0.37      0.00
08:32:01         0.00      0.01      0.36      0.00      0.00      0.01      0.36      0.00
08:32:06         0.00      0.01      0.35      0.00      0.00      0.01      0.35      0.00
08:32:11         0.00      0.01      0.34      0.00      0.00      0.01      0.34      0.00
08:32:16         0.00      0.01      0.34      0.00      0.00      0.01      0.34      0.00
08:32:21         0.00      0.01      0.33      0.00      0.00      0.01      0.33      0.00
08:32:26         0.00      0.00      0.33      0.00      0.00      0.00      0.33      0.00
08:32:31         0.00      0.00      0.32      0.00      0.00      0.00      0.32      0.00
08:32:36         0.00      0.00      0.31      0.00      0.00      0.00      0.31      0.00
08:32:41         0.00      0.00      0.31      0.00      0.00      0.00      0.31      0.00
08:32:46         0.00      0.00      0.30      0.00      0.00      0.00      0.30      0.00
08:32:51         0.00      0.00      0.29      0.00      0.00      0.00      0.29      0.00
08:32:56         0.00      0.00      0.29      0.00      0.00      0.00      0.29      0.00
08:33:01         0.00      0.00      0.28      0.00      0.00      0.00      0.28      0.00
08:33:06         0.00      0.00      0.28      0.00      0.00      0.00      0.28      0.00
08:33:11         0.00      0.00      0.27      0.00      0.00      0.00      0.27      0.00
08:33:16         0.00      0.00      0.27      0.00      0.00      0.00      0.27      0.00
08:33:21         0.00      0.00      0.26      0.00      0.00      0.00      0.26      0.00
08:33:26         0.00      0.00      0.26      0.00      0.00      0.00      0.26      0.00
08:33:31         0.00      0.00      0.25      0.00      0.00      0.00      0.25      0.00
08:33:36         0.00      0.00      0.25      0.00      0.00      0.00      0.25      0.00
08:33:41         0.00      0.00      0.24      0.00      0.00      0.00      0.24      0.00
08:33:46         0.00      0.00      0.24      0.00      0.00      0.00      0.24      0.00
08:33:51         0.00      0.00      0.23      0.00      0.00      0.00      0.23      0.00
08:33:56         0.00      0.00      0.23      0.00      0.00      0.00      0.23      0.00
08:34:01         0.00      0.00      0.22      0.00      0.00      0.00      0.22      0.00
08:34:06         0.00      0.00      0.22      0.00      0.00      0.00      0.22      0.00
08:34:11         0.00      0.00      0.21      0.00      0.00      0.00      0.21      0.00
08:34:16         0.00      0.00      0.21      0.00      0.00      0.00      0.21      0.00
08:34:21         0.00      0.00      0.20      0.00      0.00      0.00      0.20      0.00
08:34:26         0.00      0.00      0.20      0.00      0.00      0.00      0.20      0.00
08:34:31         0.00      0.00      0.20      0.00      0.00      0.00      0.20      0.00
08:34:36         0.00      0.00      0.19      0.00      0.00      0.00      0.19      0.00
08:34:41         0.00      0.00      0.19      0.00      0.00      0.00      0.19      0.00
08:34:46         0.00      0.00      0.19      0.00      0.00      0.00      0.19      0.00
08:34:51         0.00      0.00      0.18      0.00      0.00      0.00      0.18      0.00
08:34:56         0.00      0.00      0.18      0.00      0.00      0.00      0.18      0.00
08:35:01         0.00      0.00      0.18      0.00      0.00      0.00      0.18      0.00
08:35:06         0.00      0.00      0.17      0.00      0.00      0.00      0.17      0.00
08:35:11         0.00      0.00      0.17      0.00      0.00      0.00      0.17      0.00
08:35:16         0.00      0.00      0.17      0.00      0.00      0.00      0.17      0.00
08:35:21         0.00      0.00      0.16      0.00      0.00      0.00      0.16      0.00
08:35:26         0.00      0.00      0.16      0.00      0.00      0.00      0.16      0.00
08:35:31         0.00      0.00      0.15      0.00      0.00      0.00      0.15      0.00
08:35:36         0.00      0.00      0.15      0.00      0.00      0.00      0.15      0.00
08:35:41         0.00      0.00      0.15      0.00      0.00      0.00      0.15      0.00
08:35:46         0.00      0.00      0.14      0.00      0.00      0.00      0.14      0.00
08:35:51         0.00      0.00      0.14      0.00      0.00      0.00      0.14      0.00
08:35:56         0.00      0.00      0.14      0.00      0.00      0.00      0.14      0.00
08:36:01         0.00      0.00      0.13      0.00      0.00      0.00      0.13      0.00
08:36:06         0.00      0.00      0.13      0.00      0.00      0.00      0.13      0.00
08:36:11         0.00      0.00      0.13      0.00      0.00      0.00      0.13      0.00
08:36:16         0.00      0.00      0.13      0.00      0.00      0.00      0.13      0.00
08:36:21         0.00      0.00      0.12      0.00      0.00      0.00      0.12      0.00
08:36:26         0.00      0.00      0.12      0.00      0.00      0.00      0.12      0.00
08:36:31         0.00      0.00      0.12      0.00      0.00      0.00      0.12      0.00
08:36:36         0.00      0.00      0.12      0.00      0.00      0.00      0.12      0.00
08:36:41         0.00      0.00      0.11      0.00      0.00      0.00      0.11      0.00
08:36:46         0.00      0.00      0.11      0.00      0.00      0.00      0.11      0.00
08:36:51         0.00      0.00      0.11      0.00      0.00      0.00      0.11      0.00
08:36:56         0.00      0.00      0.11      0.00      0.00      0.00      0.11      0.00
08:37:01         0.00      0.00      0.10      0.00      0.00      0.00      0.10      0.00
08:37:06         0.00      0.00      0.10      0.00      0.00      0.00      0.10      0.00
08:37:11         0.00      0.00      0.10      0.00      0.00      0.00      0.10      0.00
08:37:16         0.00      0.00      0.10      0.00      0.00      0.00      0.10      0.00
08:37:21         0.00      0.00      0.09      0.00      0.00      0.00      0.09      0.00
08:37:26         0.00      0.00      0.09      0.00      0.00      0.00      0.09      0.00
08:37:31         0.00      0.00      0.09      0.00      0.00      0.00      0.09      0.00
08:37:36         0.00      0.00      0.09      0.00      0.00      0.00      0.09      0.00
08:37:41         0.00      0.00      0.08      0.00      0.00      0.00      0.08      0.00
08:37:46         0.00      0.00      0.08      0.00      0.00      0.00      0.08      0.00
08:37:51         0.00      0.00      0.08      0.00      0.00      0.00      0.08      0.00
08:37:56         0.00      0.00      0.08      0.00      0.00      0.00      0.08      0.00
08:38:01         0.00      0.00      0.08      0.00      0.00      0.00      0.08      0.00
08:38:06         0.00      0.00      0.07      0.00      0.00      0.00      0.07      0.00
08:38:11         3.98      0.71      0.22     11.47      3.98      0.71      0.22     11.47
08:38:16        21.30      4.31      0.99     46.95     21.30      4.31      0.99     46.95
08:38:21        13.03      4.23      1.04      0.00     13.03      4.23      1.04      0.00
08:38:26         8.73      3.96      1.03      0.00      8.73      3.96      1.03      0.00
08:38:31         4.79      3.58      1.01      0.00      4.79      3.58      1.01      0.00
08:38:36         3.21      3.35      0.99      0.00      3.21      3.35      0.99      0.00
08:38:41         1.76      3.03      0.97      0.00      1.76      3.03      0.97      0.00
08:38:46         1.18      2.84      0.96      0.00      1.18      2.84      0.96      0.00
08:38:51         0.64      2.57      0.94      0.00      0.64      2.57      0.94      0.00
08:38:56         0.43      2.40      0.92      0.00      0.43      2.40      0.92      0.00
08:39:01         0.23      2.17      0.90      0.00      0.23      2.17      0.90      0.00
08:39:06         0.15      2.03      0.89      0.00      0.15      2.03      0.89      0.00
08:39:11         0.08      1.84      0.87      0.00      0.08      1.84      0.87      0.00
08:39:16         0.05      1.72      0.86      0.00      0.05      1.72      0.86      0.00
08:39:21         0.03      1.55      0.84      0.00      0.03      1.55      0.84      0.00
08:39:26         0.02      1.45      0.83      0.00      0.02      1.45      0.83      0.00
08:39:31         0.01      1.31      0.81      0.00      0.01      1.31      0.81      0.00
08:39:36         0.00      1.23      0.80      0.00      0.00      1.23      0.80      0.00
08:39:41         1.99      1.47      0.86      6.68      1.99      1.47      0.86      6.68
08:39:46        14.30      4.02      1.41     31.18     14.30      4.02      1.41     31.18
08:39:51         7.85      3.64      1.38      0.00      7.85      3.64      1.38      0.00
08:39:56         5.26      3.41      1.36      0.00      5.26      3.41      1.36      0.00
08:40:01         2.89      3.08      1.33      0.00      2.89      3.08      1.33      0.00
08:40:06         1.93      2.88      1.31      0.00      1.93      2.88      1.31      0.00
08:40:11         1.06      2.61      1.29      0.00      1.06      2.61      1.29      0.00
08:40:16         0.71      2.44      1.27      0.00      0.71      2.44      1.27      0.00
08:40:21         0.39      2.21      1.24      0.00      0.39      2.21      1.24      0.00
08:40:26         0.26      2.06      1.22      0.00      0.26      2.06      1.22      0.00
08:40:31         0.14      1.87      1.20      0.00      0.14      1.87      1.20      0.00
08:40:36         0.09      1.74      1.18      0.00      0.09      1.74      1.18      0.00
08:40:41         0.05      1.58      1.16      0.00      0.05      1.58      1.16      0.00
08:40:46         0.03      1.47      1.14      0.00      0.03      1.47      1.14      0.00
08:40:51         0.01      1.33      1.12      0.00      0.01      1.33      1.12      0.00
08:40:56         0.01      1.25      1.10      0.00      0.01      1.25      1.10      0.00
08:41:01         0.00      1.13      1.08      0.00      0.00      1.13      1.08      0.00
08:41:06         0.00      1.05      1.06      0.00      0.00      1.05      1.06      0.00
08:41:11         0.00      0.95      1.04      0.00      0.00      0.95      1.04      0.00
08:41:16         0.00      0.89      1.03      0.00      0.00      0.89      1.03      0.00
08:41:21         0.00      0.80      1.00      0.00      0.00      0.80      1.00      0.00
08:41:26         0.00      0.75      0.99      0.00      0.00      0.75      0.99      0.00
08:41:31         0.00      0.68      0.97      0.00      0.00      0.68      0.97      0.00
08:41:36         0.00      0.63      0.95      0.00      0.00      0.63      0.95      0.00
08:41:41         0.00      0.57      0.93      0.00      0.00      0.57      0.93      0.00
08:41:46         0.00      0.54      0.92      0.00      0.00      0.54      0.92      0.00
08:41:51         0.00      0.48      0.90      0.00      0.00      0.48      0.90      0.00
08:41:56         0.00      0.45      0.89      0.00      0.00      0.45      0.89      0.00
08:42:01         0.00      0.41      0.87      0.00      0.00      0.41      0.87      0.00
08:42:06         0.00      0.38      0.86      0.00      0.00      0.38      0.86      0.00
08:42:11         0.00      0.34      0.84      0.00      0.00      0.34      0.84      0.00
08:42:16         0.00      0.32      0.83      0.00      0.00      0.32      0.83      0.00
08:42:21         0.00      0.29      0.81      0.00      0.00      0.29      0.81      0.00
08:42:26         0.00      0.27      0.80      0.00      0.00      0.27      0.80      0.00
08:42:31         0.00      0.24      0.78      0.00      0.00      0.24      0.78      0.00
08:42:36         0.00      0.23      0.77      0.00      0.00      0.23      0.77      0.00
08:42:41         0.00      0.20      0.75      0.01      0.00      0.20      0.75      0.01
08:42:46         7.56      1.80      1.09     20.21      7.56      1.80      1.09     20.21
08:42:51         4.15      1.63      1.07      0.00      4.15      1.63      1.07      0.00
08:42:56         2.78      1.53      1.05      0.00      2.78      1.53      1.05      0.00
08:43:01         1.52      1.38      1.03      0.00      1.52      1.38      1.03      0.00
08:43:06         1.02      1.29      1.02      0.00      1.02      1.29      1.02      0.00
08:43:11         0.56      1.17      0.99      0.00      0.56      1.17      0.99      0.00
08:43:16         0.37      1.09      0.98      0.00      0.37      1.09      0.98      0.00
08:43:21         0.20      0.99      0.96      0.00      0.20      0.99      0.96      0.00
08:43:26         0.13      0.92      0.95      0.00      0.13      0.92      0.95      0.00
08:43:31         0.07      0.83      0.92      0.00      0.07      0.83      0.92      0.00
08:43:36         0.04      0.78      0.91      0.00      0.04      0.78      0.91      0.00
08:43:41         0.02      0.70      0.89      0.00      0.02      0.70      0.89      0.00
08:43:46         0.01      0.66      0.88      0.00      0.01      0.66      0.88      0.00
08:43:51         0.00      0.59      0.86      0.00      0.00      0.59      0.86      0.00
08:43:56         0.00      0.55      0.85      0.00      0.00      0.55      0.85      0.00
08:44:01         0.00      0.50      0.83      0.00      0.00      0.50      0.83      0.00
08:44:06         0.00      0.47      0.82      0.00      0.00      0.47      0.82      0.00
08:44:11         0.00      0.42      0.80      0.00      0.00      0.42      0.80      0.00
08:44:16         0.00      0.39      0.79      0.00      0.00      0.39      0.79      0.00
08:44:21         0.00      0.36      0.77      0.00      0.00      0.36      0.77      0.00
08:44:26         0.00      0.33      0.76      0.00      0.00      0.33      0.76      0.00
08:44:31         0.00      0.30      0.75      0.00      0.00      0.30      0.75      0.00
08:44:36         0.00      0.28      0.73      0.00      0.00      0.28      0.73      0.00
08:44:41         0.00      0.25      0.72      0.00      0.00      0.25      0.72      0.00
08:44:46         0.00      0.23      0.71      0.00      0.00      0.23      0.71      0.00
08:44:51         0.00      0.21      0.69      0.00      0.00      0.21      0.69      0.00
08:44:56         0.00      0.20      0.68      0.00      0.00      0.20      0.68      0.00
08:45:01         0.00      0.18      0.67      0.00      0.00      0.18      0.67      0.00
08:45:06         0.00      0.16      0.66      0.00      0.00      0.16      0.66      0.00
08:45:11         0.00      0.15      0.64      0.00      0.00      0.15      0.64      0.00
08:45:16         0.00      0.14      0.63      0.00      0.00      0.14      0.63      0.00
08:45:21         0.00      0.12      0.62      0.00      0.00      0.12      0.62      0.00
08:45:26         0.00      0.11      0.61      0.00      0.00      0.11      0.61      0.00
08:45:31         0.00      0.10      0.60      0.00      0.00      0.10      0.60      0.00
08:45:36         0.00      0.10      0.59      0.00      0.00      0.10      0.59      0.00
08:45:41         0.00      0.08      0.58      0.00      0.00      0.08      0.58      0.00
08:45:46         0.00      0.08      0.57      0.00      0.00      0.08      0.57      0.00
08:45:51         0.00      0.07      0.56      0.00      0.00      0.07      0.56      0.00
08:45:56         0.00      0.06      0.55      0.00      0.00      0.06      0.55      0.00
08:46:01         0.00      0.06      0.54      0.00      0.00      0.06      0.54      0.00
08:46:06         0.00      0.05      0.53      0.00      0.00      0.05      0.53      0.00
08:46:11         0.00      0.05      0.52      0.00      0.00      0.05      0.52      0.00
08:46:16         0.00      0.04      0.51      0.00      0.00      0.04      0.51      0.00
08:46:21         0.00      0.04      0.50      0.00      0.00      0.04      0.50      0.00
08:46:26         0.00      0.03      0.49      0.00      0.00      0.03      0.49      0.00
08:46:31         0.00      0.03      0.48      0.00      0.00      0.03      0.48      0.00
08:46:36         0.00      0.03      0.47      0.00      0.00      0.03      0.47      0.00
08:46:41         0.00      0.02      0.46      0.00      0.00      0.02      0.46      0.00
08:46:46         0.00      0.02      0.46      0.00      0.00      0.02      0.46      0.00
08:46:51         0.00      0.02      0.45      0.00      0.00      0.02      0.45      0.00
08:46:56         0.00      0.02      0.44      0.00      0.00      0.02      0.44      0.00
08:47:01         0.00      0.01      0.43      0.00      0.00      0.01      0.43      0.00
08:47:06         0.00      0.01      0.42      0.00      0.00      0.01      0.42      0.00
08:47:11         0.00      0.01      0.41      0.00      0.00      0.01      0.41      0.00
08:47:16         0.00      0.01      0.41      0.00      0.00      0.01      0.41      0.00
08:47:21         0.00      0.01      0.40      0.00      0.00      0.01      0.40      0.00
08:47:26         0.00      0.01      0.39      0.00      0.00      0.01      0.39      0.00
08:47:31         0.00      0.00      0.38      0.00      0.00      0.00      0.38      0.00
08:47:36         0.00      0.00      0.38      0.00      0.00      0.00      0.38      0.00
08:47:41         0.00      0.00      0.37      0.00      0.00      0.00      0.37      0.00
08:47:46         0.00      0.00      0.36      0.00      0.00      0.00      0.36      0.00
08:47:51         0.00      0.00      0.35      0.00      0.00      0.00      0.35      0.00
08:47:56         0.00      0.00      0.35      0.00      0.00      0.00      0.35      0.00
08:48:01         0.00      0.00      0.34      0.00      0.00      0.00      0.34      0.00
08:48:06         0.00      0.00      0.34      0.00      0.00      0.00      0.34      0.00
08:48:11         0.00      0.00      0.33      0.00      0.00      0.00      0.33      0.00
08:48:16         0.00      0.00      0.33      0.00      0.00      0.00      0.33      0.00
08:48:21         0.00      0.00      0.32      0.00      0.00      0.00      0.32      0.00
08:48:26         0.00      0.00      0.31      0.00      0.00      0.00      0.31      0.00
08:48:31         0.00      0.00      0.31      0.00      0.00      0.00      0.31      0.00
08:48:36         0.00      0.00      0.30      0.00      0.00      0.00      0.30      0.00
08:48:41         0.00      0.00      0.30      0.00      0.00      0.00      0.30      0.00
08:48:46         0.00      0.00      0.29      0.00      0.00      0.00      0.29      0.00
08:48:51         0.00      0.00      0.28      0.00      0.00      0.00      0.28      0.00
08:48:56         0.00      0.00      0.28      0.00      0.00      0.00      0.28      0.00
08:49:01         0.00      0.00      0.27      0.00      0.00      0.00      0.27      0.00
08:49:06         0.00      0.00      0.27      0.00      0.00      0.00      0.27      0.00
08:49:11         0.00      0.00      0.26      0.00      0.00      0.00      0.26      0.00
08:49:16         0.00      0.00      0.26      0.00      0.00      0.00      0.26      0.00
08:49:21         0.00      0.00      0.25      0.00      0.00      0.00      0.25      0.00
08:49:26         0.00      0.00      0.25      0.00      0.00      0.00      0.25      0.00
08:49:31         0.00      0.00      0.24      0.00      0.00      0.00      0.24      0.00
08:49:36         0.00      0.00      0.24      0.00      0.00      0.00      0.24      0.00
08:49:41         0.00      0.00      0.23      0.00      0.00      0.00      0.23      0.00
08:49:46         0.00      0.00      0.23      0.00      0.00      0.00      0.23      0.00
08:49:51         0.00      0.00      0.22      0.00      0.00      0.00      0.22      0.00
08:49:56         0.00      0.00      0.22      0.00      0.00      0.00      0.22      0.00
08:50:01         0.00      0.00      0.21      0.00      0.00      0.00      0.21      0.00
08:50:06         0.00      0.00      0.21      0.00      0.00      0.00      0.21      0.00
08:50:11         0.00      0.00      0.21      0.00      0.00      0.00      0.21      0.00
08:50:16         0.00      0.00      0.20      0.00      0.00      0.00      0.20      0.00
08:50:21         0.00      0.00      0.20      0.00      0.00      0.00      0.20      0.00
08:50:26         0.00      0.00      0.19      0.00      0.00      0.00      0.19      0.00
08:50:31         0.00      0.00      0.19      0.00      0.00      0.00      0.19      0.00
08:50:36         0.00      0.00      0.19      0.00      0.00      0.00      0.19      0.00
08:50:41         0.00      0.00      0.18      0.00      0.00      0.00      0.18      0.00
08:50:46         0.00      0.00      0.18      0.00      0.00      0.00      0.18      0.00
08:50:51         0.00      0.00      0.18      0.00      0.00      0.00      0.18      0.00
08:50:56         0.00      0.00      0.17      0.00      0.00      0.00      0.17      0.00
08:51:01         0.00      0.00      0.17      0.00      0.00      0.00      0.17      0.00
08:51:06         0.00      0.00      0.16      0.00      0.00      0.00      0.16      0.00
08:51:11         0.00      0.00      0.16      0.00      0.00      0.00      0.16      0.00
08:51:16         0.00      0.00      0.16      0.00      0.00      0.00      0.16      0.00
08:51:21         0.00      0.00      0.15      0.00      0.00      0.00      0.15      0.00
08:51:26         0.00      0.00      0.15      0.00      0.00      0.00      0.15      0.00
08:51:31         0.00      0.00      0.15      0.00      0.00      0.00      0.15      0.00
08:51:36         0.00      0.00      0.14      0.00      0.00      0.00      0.14      0.00
08:51:41         0.00      0.00      0.14      0.00      0.00      0.00      0.14      0.00
08:51:46         0.00      0.00      0.14      0.00      0.00      0.00      0.14      0.00
08:51:51         0.00      0.00      0.13      0.00      0.00      0.00      0.13      0.00
08:51:56         0.00      0.00      0.13      0.00      0.00      0.00      0.13      0.00
08:52:01         0.00      0.00      0.13      0.00      0.00      0.00      0.13      0.00
08:52:06         0.00      0.00      0.13      0.00      0.00      0.00      0.13      0.00
08:52:11         0.00      0.00      0.12      0.00      0.00      0.00      0.12      0.00
08:52:16         0.00      0.00      0.12      0.00      0.00      0.00      0.12      0.00
08:52:21         0.00      0.00      0.12      0.00      0.00      0.00      0.12      0.00
08:52:26         0.00      0.00      0.12      0.00      0.00      0.00      0.12      0.00
08:52:31         0.00      0.00      0.11      0.00      0.00      0.00      0.11      0.00
08:52:36         0.00      0.00      0.11      0.00      0.00      0.00      0.11      0.00
08:52:41         0.00      0.00      0.11      0.00      0.00      0.00      0.11      0.00
08:52:46         0.00      0.00      0.11      0.00      0.00      0.00      0.11      0.00
08:52:51         0.00      0.00      0.10      0.00      0.00      0.00      0.10      0.00
08:52:56         0.00      0.00      0.10      0.00      0.00      0.00      0.10      0.00
08:53:01         0.00      0.00      0.10      0.00      0.00      0.00      0.10      0.00
08:53:06         0.00      0.00      0.10      0.00      0.00      0.00      0.10      0.00
08:53:11         0.00      0.00      0.09      0.00      0.00      0.00      0.09      0.00
08:53:16         6.15      1.11      0.32     22.80      6.15      1.11      0.32     22.79
08:53:21         8.43      1.95      0.52      2.61      8.43      1.95      0.52      2.61
08:53:26         4.62      1.77      0.51      0.00      4.62      1.77      0.51      0.00
08:53:31         3.10      1.65      0.50      0.00      3.10      1.65      0.50      0.00
08:53:36         1.70      1.49      0.49      0.00      1.70      1.49      0.49      0.00
08:53:41         1.14      1.40      0.48      0.00      1.14      1.40      0.48      0.00
08:53:46         0.62      1.26      0.47      0.00      0.62      1.26      0.47      0.00
08:53:51         0.41      1.18      0.46      0.00      0.41      1.18      0.46      0.00
08:53:56         0.22      1.07      0.45      0.00      0.22      1.07      0.45      0.00
08:54:01         0.15      1.00      0.45      0.00      0.15      1.00      0.45      0.00
08:54:06         0.08      0.90      0.44      0.00      0.08      0.90      0.44      0.00
08:54:11         0.05      0.84      0.43      0.00      0.05      0.84      0.43      0.00
08:54:16         0.03      0.76      0.42      0.00      0.03      0.76      0.42      0.00
08:54:21         0.01      0.71      0.41      0.00      0.01      0.71      0.41      0.00
08:54:26         0.01      0.64      0.40      0.00      0.01      0.64      0.40      0.00
08:54:31         0.00      0.60      0.40      0.00      0.00      0.60      0.40      0.00
08:54:36         0.00      0.54      0.39      0.00      0.00      0.54      0.39      0.00
08:54:41         0.00      0.51      0.38      0.00      0.00      0.51      0.38      0.00
08:54:46         2.35      0.88      0.46     14.56      2.35      0.88      0.46     14.56
08:54:51         9.88      2.60      0.84     13.46      9.88      2.60      0.84     13.46
08:54:56         5.42      2.35      0.82      0.00      5.42      2.35      0.82      0.00
08:55:01         3.63      2.20      0.81      0.00      3.63      2.20      0.81      0.00
08:55:06         1.99      1.99      0.79      0.00      1.99      1.99      0.79      0.00
08:55:11         1.33      1.86      0.78      0.00      1.33      1.86      0.78      0.00
08:55:16         0.73      1.68      0.76      0.00      0.73      1.68      0.76      0.00
08:55:21         0.49      1.57      0.75      0.00      0.49      1.57      0.75      0.00
08:55:26         0.26      1.42      0.74      0.00      0.26      1.42      0.74      0.00
08:55:31         0.18      1.33      0.73      0.00      0.18      1.33      0.73      0.00
08:55:36         0.09      1.20      0.71      0.00      0.09      1.20      0.71      0.00
08:55:41         0.06      1.12      0.70      0.00      0.06      1.12      0.70      0.00
08:55:46         0.03      1.02      0.68      0.00      0.03      1.02      0.68      0.00
08:55:51         0.02      0.95      0.68      0.00      0.02      0.95      0.68      0.00
08:55:56         0.01      0.86      0.66      0.00      0.01      0.86      0.66      0.00
08:56:01         0.00      0.80      0.65      0.00      0.00      0.80      0.65      0.00
08:56:06         0.00      0.73      0.64      0.00      0.00      0.73      0.64      0.00
08:56:11         0.00      0.68      0.63      0.00      0.00      0.68      0.63      0.00
08:56:16         0.00      0.61      0.61      0.00      0.00      0.61      0.61      0.00
08:56:21         0.00      0.57      0.61      0.00      0.00      0.57      0.61      0.00
08:56:26         0.00      0.52      0.59      0.00      0.00      0.52      0.59      0.00
08:56:31         0.00      0.48      0.58      0.00      0.00      0.48      0.58      0.00
08:56:36         0.00      0.44      0.57      0.00      0.00      0.44      0.57      0.00
08:56:41         0.00      0.41      0.56      0.00      0.00      0.41      0.56      0.00
08:56:46         0.00      0.37      0.55      0.00      0.00      0.37      0.55      0.00
08:56:51         0.00      0.34      0.54      0.00      0.00      0.34      0.54      0.00
08:56:56         0.00      0.31      0.53      0.00      0.00      0.31      0.53      0.00
08:57:01         0.00      0.29      0.52      0.00      0.00      0.29      0.52      0.00
08:57:06         0.00      0.26      0.51      0.00      0.00      0.26      0.51      0.00
08:57:11         0.00      0.24      0.50      0.00      0.00      0.24      0.50      0.00
08:57:16         0.00      0.22      0.49      0.00      0.00      0.22      0.49      0.00
08:57:21         0.00      0.20      0.48      0.00      0.00      0.20      0.48      0.00
08:57:26         0.00      0.18      0.47      0.00      0.00      0.18      0.47      0.00
08:57:31         0.00      0.17      0.47      0.00      0.00      0.17      0.47      0.00
08:57:36         0.00      0.15      0.46      0.00      0.00      0.15      0.46      0.00
08:57:41         0.00      0.14      0.45      0.00      0.00      0.14      0.45      0.00
08:57:46         0.00      0.13      0.44      7.69      0.00      0.13      0.44      7.69
08:57:51         9.52      2.15      0.87     18.05      9.52      2.15      0.87     18.05
08:57:56         5.22      1.94      0.85      0.00      5.22      1.94      0.85      0.00
08:58:01         3.50      1.81      0.84      0.00      3.50      1.81      0.84      0.00
08:58:06         1.92      1.64      0.82      0.00      1.92      1.64      0.82      0.00
08:58:11         1.29      1.54      0.81      0.00      1.29      1.54      0.81      0.00
08:58:16         0.70      1.39      0.79      0.00      0.70      1.39      0.79      0.00
08:58:21         0.47      1.30      0.78      0.00      0.47      1.30      0.78      0.00
08:58:26         0.25      1.17      0.76      0.00      0.25      1.17      0.76      0.00
08:58:31         0.17      1.10      0.75      0.00      0.17      1.10      0.75      0.00
08:58:36         0.09      0.99      0.74      0.00      0.09      0.99      0.74      0.00
08:58:41         0.06      0.93      0.73      0.00      0.06      0.93      0.73      0.00
08:58:46         0.03      0.84      0.71      0.00      0.03      0.84      0.71      0.00
08:58:51         0.02      0.78      0.70      0.00      0.02      0.78      0.70      0.00
08:58:56         0.01      0.71      0.68      0.00      0.01      0.71      0.68      0.00
08:59:01         0.00      0.66      0.68      0.00      0.00      0.66      0.68      0.00
08:59:06         0.00      0.60      0.66      0.00      0.00      0.60      0.66      0.00
08:59:11         0.00      0.56      0.65      0.00      0.00      0.56      0.65      0.00
08:59:16         0.00      0.50      0.64      0.00      0.00      0.50      0.64      0.00
08:59:21         0.00      0.47      0.63      0.00      0.00      0.47      0.63      0.00
08:59:26         0.00      0.43      0.61      0.00      0.00      0.43      0.61      0.00
08:59:31         0.00      0.40      0.61      0.00      0.00      0.40      0.61      0.00
08:59:36         0.00      0.36      0.59      0.00      0.00      0.36      0.59      0.00
08:59:41         0.00      0.33      0.58      0.00      0.00      0.33      0.58      0.00
08:59:46         0.00      0.30      0.57      0.00      0.00      0.30      0.57      0.00
08:59:51         0.00      0.28      0.56      0.00      0.00      0.28      0.56      0.00
08:59:56         0.00      0.25      0.55      0.00      0.00      0.25      0.55      0.00
09:00:01         0.00      0.24      0.54      0.00      0.00      0.24      0.54      0.00
09:00:06         0.00      0.21      0.53      0.00      0.00      0.21      0.53      0.00
09:00:11         0.00      0.20      0.52      0.00      0.00      0.20      0.52      0.00
09:00:16         0.00      0.18      0.51      0.00      0.00      0.18      0.51      0.00
09:00:21         0.00      0.17      0.50      0.00      0.00      0.17      0.50      0.00
09:00:26         0.00      0.15      0.49      0.00      0.00      0.15      0.49      0.00
09:00:31         0.00      0.14      0.48      0.00      0.00      0.14      0.48      0.00
09:00:36         0.00      0.12      0.47      0.00      0.00      0.12      0.47      0.00
09:00:41         0.00      0.12      0.47      0.00      0.00      0.12      0.47      0.00
09:00:46         0.00      0.10      0.46      0.00      0.00      0.10      0.46      0.00
09:00:51         0.00      0.10      0.45      0.00      0.00      0.10      0.45      0.00
09:00:56         0.00      0.09      0.44      0.00      0.00      0.09      0.44      0.00
09:01:01         0.00      0.08      0.43      0.00      0.00      0.08      0.43      0.00
09:01:06         0.00      0.07      0.42      0.00      0.00      0.07      0.42      0.00
09:01:11         0.00      0.06      0.42      0.00      0.00      0.06      0.42      0.00
09:01:16         0.00      0.06      0.41      0.00      0.00      0.06      0.41      0.00
09:01:21         0.00      0.05      0.40      0.00      0.00      0.05      0.40      0.00
09:01:26         0.00      0.05      0.39      0.00      0.00      0.05      0.39      0.00
09:01:31         0.00      0.04      0.39      0.00      0.00      0.04      0.39      0.00
09:01:36         0.00      0.04      0.38      0.00      0.00      0.04      0.38      0.00
09:01:41         0.00      0.03      0.37      0.00      0.00      0.03      0.37      0.00
09:01:46         0.00      0.03      0.36      0.00      0.00      0.03      0.36      0.00
09:01:51         0.00      0.03      0.36      0.00      0.00      0.03      0.36      0.00
09:01:56         0.00      0.02      0.35      0.00      0.00      0.02      0.35      0.00
09:02:01         0.00      0.02      0.35      0.00      0.00      0.02      0.35      0.00
09:02:06         0.00      0.02      0.34      0.00      0.00      0.02      0.34      0.00
09:02:11         0.00      0.02      0.33      0.00      0.00      0.02      0.33      0.00
09:02:16         0.00      0.01      0.33      0.00      0.00      0.01      0.33      0.00
09:02:21         0.00      0.01      0.32      0.00      0.00      0.01      0.32      0.00
09:02:26         0.00      0.01      0.31      0.00      0.00      0.01      0.31      0.00
09:02:31         0.00      0.01      0.31      0.00      0.00      0.01      0.31      0.00
09:02:36         0.00      0.01      0.30      0.00      0.00      0.01      0.30      0.00
09:02:41         0.00      0.01      0.30      0.00      0.00      0.01      0.30      0.00
09:02:46         0.00      0.00      0.29      0.00      0.00      0.00      0.29      0.00
09:02:51         0.00      0.00      0.28      0.00      0.00      0.00      0.28      0.00
09:02:56         0.00      0.00      0.28      0.00      0.00      0.00      0.28      0.00
09:03:01         0.00      0.00      0.27      0.00      0.00      0.00      0.27      0.00
09:03:06         0.00      0.00      0.27      0.00      0.00      0.00      0.27      0.00
09:03:11         0.00      0.00      0.26      0.00      0.00      0.00      0.26      0.00
09:03:16         0.00      0.00      0.26      0.00      0.00      0.00      0.26      0.00
09:03:21         0.00      0.00      0.25      0.00      0.00      0.00      0.25      0.00
09:03:26         0.00      0.00      0.25      0.00      0.00      0.00      0.25      0.00
09:03:31         0.00      0.00      0.24      0.00      0.00      0.00      0.24      0.00
09:03:36         0.00      0.00      0.24      0.00      0.00      0.00      0.24      0.00
09:03:41         0.00      0.00      0.23      0.00      0.00      0.00      0.23      0.00
09:03:46         0.00      0.00      0.23      0.00      0.00      0.00      0.23      0.00
09:03:51         0.00      0.00      0.22      0.00      0.00      0.00      0.22      0.00
09:03:56         0.00      0.00      0.22      0.00      0.00      0.00      0.22      0.00
09:04:01         0.00      0.00      0.21      0.00      0.00      0.00      0.21      0.00
09:04:06         0.00      0.00      0.21      0.00      0.00      0.00      0.21      0.00
09:04:11         0.00      0.00      0.21      0.00      0.00      0.00      0.21      0.00
09:04:16         0.00      0.00      0.20      0.00      0.00      0.00      0.20      0.00
09:04:21         0.00      0.00      0.20      0.00      0.00      0.00      0.20      0.00
09:04:26         0.00      0.00      0.19      0.00      0.00      0.00      0.19      0.00
09:04:31         0.00      0.00      0.19      0.00      0.00      0.00      0.19      0.00
09:04:36         0.00      0.00      0.19      0.00      0.00      0.00      0.19      0.00
09:04:41         0.00      0.00      0.18      0.00      0.00      0.00      0.18      0.00
09:04:46         0.00      0.00      0.18      0.00      0.00      0.00      0.18      0.00
09:04:51         0.00      0.00      0.18      0.00      0.00      0.00      0.18      0.00
09:04:56         0.00      0.00      0.17      0.00      0.00      0.00      0.17      0.00
09:05:01         0.00      0.00      0.17      0.00      0.00      0.00      0.17      0.00
09:05:06         0.00      0.00      0.16      0.00      0.00      0.00      0.16      0.00
09:05:11         0.00      0.00      0.16      0.00      0.00      0.00      0.16      0.00
09:05:16         0.00      0.00      0.16      0.00      0.00      0.00      0.16      0.00
09:05:21         0.00      0.00      0.15      0.00      0.00      0.00      0.15      0.00
09:05:26         0.00      0.00      0.15      0.00      0.00      0.00      0.15      0.00
09:05:31         0.00      0.00      0.15      0.00      0.00      0.00      0.15      0.00
09:05:36         0.00      0.00      0.14      0.00      0.00      0.00      0.14      0.00
09:05:41         0.00      0.00      0.14      0.00      0.00      0.00      0.14      0.00
09:05:46         0.00      0.00      0.14      0.00      0.00      0.00      0.14      0.00
09:05:51         0.00      0.00      0.13      0.00      0.00      0.00      0.13      0.00
09:05:56         0.00      0.00      0.13      0.00      0.00      0.00      0.13      0.00
09:06:01         0.00      0.00      0.13      0.00      0.00      0.00      0.13      0.00
09:06:06         0.00      0.00      0.13      0.00      0.00      0.00      0.13      0.00
09:06:11         0.00      0.00      0.12      0.00      0.00      0.00      0.12      0.00
09:06:16         0.00      0.00      0.12      0.00      0.00      0.00      0.12      0.00
09:06:21         0.00      0.00      0.12      0.00      0.00      0.00      0.12      0.00
09:06:26         0.00      0.00      0.12      0.00      0.00      0.00      0.12      0.00
09:06:31         0.00      0.00      0.11      0.00      0.00      0.00      0.11      0.00
09:06:36         0.00      0.00      0.11      0.00      0.00      0.00      0.11      0.00
09:06:41         0.00      0.00      0.11      0.00      0.00      0.00      0.11      0.00
09:06:46         0.00      0.00      0.11      0.00      0.00      0.00      0.11      0.00
09:06:51         0.00      0.00      0.10      0.00      0.00      0.00      0.10      0.00
09:06:56         0.00      0.00      0.10      0.00      0.00      0.00      0.10      0.00
09:07:01         0.00      0.00      0.10      0.00      0.00      0.00      0.10      0.00
09:07:06         0.00      0.00      0.10      0.00      0.00      0.00      0.10      0.00
09:07:11         0.00      0.00      0.10      0.00      0.00      0.00      0.10      0.00
09:07:16         0.00      0.00      0.09      0.00      0.00      0.00      0.09      0.00
09:07:21         0.00      0.00      0.09      0.00      0.00      0.00      0.09      0.00
09:07:26         0.00      0.00      0.09      0.00      0.00      0.00      0.09      0.00
09:07:31         0.00      0.00      0.09      0.00      0.00      0.00      0.09      0.00
09:07:36         0.00      0.00      0.08      0.00      0.00      0.00      0.08      0.00
09:07:41         0.00      0.00      0.08      0.00      0.00      0.00      0.08      0.00
09:07:46         0.00      0.00      0.08      0.00      0.00      0.00      0.08      0.00
09:07:51         0.00      0.00      0.08      0.00      0.00      0.00      0.08      0.00
09:07:56         0.00      0.00      0.07      0.00      0.00      0.00      0.07      0.00
09:08:01         0.00      0.00      0.07      0.00      0.00      0.00      0.07      0.00
Average:         0.43      0.43      0.39      0.44      0.43      0.43      0.39      0.44
