Linux 7.2.0-rc5-virtme (virtme-ng) 	08/02/26 	_x86_64_	(4 CPU)

08:08:01    kbmemfree   kbavail kbmemused  %memused kbbuffers  kbcached  kbcommit   %commit  kbactive   kbinact   kbdirty   kbshmem
08:08:06      4898112   4854984   3288520     40.38         4     34896   8412944     68.19   3060136     34608         0       292
08:08:11      3752644   3709516   4433988     54.45         4     34896   8412944     68.19   4208260     34608         0       292
08:08:16      3752644   3709516   4433988     54.45         4     34896   8412944     68.19   4208260     34608         0       292
08:08:21      3754088   3710960   4432544     54.43         4     34896   8412944     68.19   4208260     34608         0       292
08:08:26      3754148   3711020   4432484     54.43         4     34896   8412944     68.19   4208260     34608         0       292
08:08:31      3754148   3711020   4432484     54.43         4     34896   8412944     68.19   4208260     34608         0       292
08:08:36      3754692   3711564   4431940     54.42         4     34896   8412944     68.19   4208260     34608         0       292
08:08:41      3756668   3713540   4429964     54.40         4     34896   8412944     68.19   4208260     34608         0       292
08:08:46      3756668   3713540   4429964     54.40         4     34896   8412944     68.19   4208260     34608         0       292
08:08:51      3756668   3713540   4429964     54.40         4     34896   8412944     68.19   4208260     34608         0       292
08:08:56      3756668   3713540   4429964     54.40         4     34896   8412944     68.19   4208260     34608         0       292
08:09:01      3756668   3713540   4429964     54.40         4     34896   8412944     68.19   4208260     34608         0       292
08:09:06      3756668   3713540   4429964     54.40         4     34896   8412944     68.19   4208260     34608         0       292
08:09:11      3756668   3713540   4429964     54.40         4     34896   8412944     68.19   4208260     34608         0       292
08:09:16      3756668   3713540   4429964     54.40         4     34896   8412944     68.19   4208260     34608         0       292
08:09:21      3756668   3713540   4429964     54.40         4     34896   8412944     68.19   4208260     34608         0       292
08:09:26      3756668   3713540   4429964     54.40         4     34896   8412944     68.19   4208260     34608         0       292
08:09:31      3756668   3713540   4429964     54.40         4     34896   8412944     68.19   4208260     34608         0       292
08:09:36      1628024   1584896   6558608     80.54         4     34896   8412944     68.19   6305472     34608         0       292
08:09:41      1628024   1584896   6558608     80.54         4     34896   8412944     68.19   6305472     34608         0       292
08:09:46      1628024   1584896   6558608     80.54         4     34896   8412944     68.19   6305472     34608         0       292
08:09:51      1632128   1589000   6554504     80.49         4     34896   8412944     68.19   6305472     34608         0       292
08:09:56      1644756   1601628   6541876     80.33         4     34896   8412944     68.19   6305472     34608         0       292
08:10:01      1651104   1607976   6535528     80.25         4     34896   8412944     68.19   6305472     34608         0       292
08:10:06      1653144   1610016   6533488     80.23         4     34896   8412944     68.19   6305472     34608         0       292
08:10:11      1653144   1610016   6533488     80.23         4     34896   8412944     68.19   6305472     34608         0       292
08:10:16      1653144   1610016   6533488     80.23         4     34896   8412944     68.19   6305472     34608         0       292
08:10:21      1653144   1610016   6533488     80.23         4     34896   8412944     68.19   6305472     34608         0       292
08:10:26      1653144   1610016   6533488     80.23         4     34896   8412944     68.19   6305472     34608         0       292
08:10:31      1653144   1610016   6533488     80.23         4     34896   8412944     68.19   6305472     34608         0       292
08:10:36      1653144   1610016   6533488     80.23         4     34896   8412944     68.19   6305472     34608         0       292
08:10:41      1653144   1610016   6533488     80.23         4     34896   8412944     68.19   6305472     34608         0       292
08:10:46      1653144   1610016   6533488     80.23         4     34896   8412944     68.19   6305472     34608         0       292
08:10:51      1653144   1610016   6533488     80.23         4     34896   8412944     68.19   6305472     34608         0       292
08:10:56      1653144   1610016   6533488     80.23         4     34896   8412944     68.19   6305472     34608         0       292
08:11:01      1653144   1610016   6533488     80.23         4     34896   8412944     68.19   6305472     34608         0       292
08:11:06      1653144   1610016   6533488     80.23         4     34896   8412944     68.19   6305472     34608         0       292
08:11:11      1653144   1610016   6533488     80.23         4     34896   8412944     68.19   6305472     34608         0       292
08:11:16      1653144   1610016   6533488     80.23         4     34896   8412944     68.19   6305472     34608         0       292
08:11:21      1653144   1610016   6533488     80.23         4     34896   8412944     68.19   6305472     34608         0       292
08:11:26      1653144   1610016   6533488     80.23         4     34896   8412944     68.19   6305472     34608         0       292
08:11:31      1653144   1610016   6533488     80.23         4     34896   8412944     68.19   6305472     34608         0       292
08:11:36      1653144   1610016   6533488     80.23         4     34896   8412944     68.19   6305472     34608         0       292
08:11:41      1653144   1610016   6533488     80.23         4     34896   8412944     68.19   6305472     34608         0       292
08:11:46      1653144   1610016   6533488     80.23         4     34896   8412944     68.19   6305472     34608         0       292
08:11:51      1653144   1610016   6533488     80.23         4     34896   8412944     68.19   6305472     34608         0       292
08:11:56      1653144   1610016   6533488     80.23         4     34896   8412944     68.19   6305472     34608         0       292
08:12:01      1653144   1610016   6533488     80.23         4     34896   8412944     68.19   6305472     34608         0       292
08:12:06      1653144   1610016   6533488     80.23         4     34896   8412944     68.19   6305472     34608         0       292
08:12:11      1653144   1610016   6533488     80.23         4     34896   8412944     68.19   6305472     34608         0       292
08:12:16      1653144   1610016   6533488     80.23         4     34896   8412944     68.19   6305472     34608         0       292
08:12:21      1653144   1610016   6533488     80.23         4     34896   8412944     68.19   6305472     34608         0       292
08:12:26      1653144   1610016   6533488     80.23         4     34896   8412944     68.19   6305472     34608         0       292
08:12:31      1653144   1610016   6533488     80.23         4     34896   8412944     68.19   6305472     34608         0       292
08:12:36        58052     58052   8085452     99.29         0      3040   8412884     68.19    202592   7737040         0        12
08:12:41        77176     18264   8125240     99.78         0      3164   8412884     68.19    656796   7247736         0         4
08:12:46        77176     18264   8125240     99.78         0      3164   8412884     68.19    656920   7247736         0         4
08:12:51        77176     18264   8125240     99.78         0      3164   8412884     68.19    656920   7247736         0         4
08:12:56        77176     18264   8125240     99.78         0      3164   8412884     68.19    656920   7247736         0         4
08:13:01        77176     18264   8125240     99.78         0      3164   8412884     68.19    656920   7247736         0         4
08:13:06        77176     18264   8125240     99.78         0      3164   8412884     68.19    656920   7247736         0         4
08:13:11        77176     18264   8125240     99.78         0      3164   8412884     68.19    656920   7247736         0         4
08:13:16        77176     18264   8125240     99.78         0      3164   8412884     68.19    657044   7247736         0         4
08:13:21        77176     18264   8125240     99.78         0      3164   8412884     68.19    657044   7247736         0         4
08:13:26        77176     18264   8125240     99.78         0      3164   8412884     68.19    657044   7247736         0         4
08:13:31        77176     18264   8125240     99.78         0      3164   8412884     68.19    657044   7247736         0         4
08:13:36        77176     18264   8125240     99.78         0      3164   8412884     68.19    657044   7247736         0         4
08:13:41        77176     18264   8125240     99.78         0      3164   8412884     68.19    657044   7247736         0         4
08:13:46        77176     18264   8125240     99.78         0      3164   8412884     68.19    657168   7247736         0         4
08:13:51        77176     18264   8125240     99.78         0      3164   8412884     68.19    657168   7247736         0         4
08:13:56        77176     18264   8125240     99.78         0      3164   8412884     68.19    657168   7247736         0         4
08:14:01        77176     18264   8125240     99.78         0      3164   8412884     68.19    657168   7247736         0         4
08:14:06        77176     18264   8125240     99.78         0      3164   8412884     68.19    657168   7247736         0         4
08:14:11        77176     18264   8125240     99.78         0      3164   8412884     68.19    657168   7247736         0         4
08:14:16        77176     18264   8125240     99.78         0      3164   8412884     68.19    657168   7247736         0         4
08:14:21        77176     18264   8125240     99.78         0      3164   8412884     68.19    657292   7247736         0         4
08:14:26        77176     18264   8125240     99.78         0      3164   8412884     68.19    657292   7247736         0         4
08:14:31        77176     18264   8125240     99.78         0      3164   8412884     68.19    657292   7247736         0         4
08:14:36        77176     18264   8125240     99.78         0      3164   8412884     68.19    657292   7247736         0         4
08:14:41        77176     18264   8125240     99.78         0      3164   8412884     68.19    657292   7247736         0         4
08:14:46        77176     18264   8125240     99.78         0      3164   8412884     68.19    657292   7247736         0         4
08:14:51        77176     18264   8125240     99.78         0      3164   8412884     68.19    657292   7247736         0         4
08:14:56        77176     18264   8125240     99.78         0      3164   8412884     68.19    657292   7247736         0         4
08:15:01        77176     18264   8125240     99.78         0      3164   8412884     68.19    657416   7247736         0         4
08:15:06        76936     18032   8125472     99.78         0      3164   8412884     68.19    657416   7247736         0         4
08:15:11        76936     18032   8125472     99.78         0      3164   8412884     68.19    657416   7247736         0         4
08:15:16        76936     18032   8125472     99.78         0      3164   8412884     68.19    657416   7247736         0         4
08:15:21        76936     18032   8125472     99.78         0      3164   8412884     68.19    657416   7247736         0         4
08:15:26        76936     18032   8125472     99.78         0      3164   8412884     68.19    657416   7247736         0         4
08:15:31        76936     18032   8125472     99.78         0      3164   8412884     68.19    657540   7247736         0         4
08:15:36        76936     18032   8125472     99.78         0      3164   8412884     68.19    657540   7247736         0         4
08:15:41        76936     18032   8125472     99.78         0      3164   8412884     68.19    657540   7247736         0         4
08:15:46        76936     18032   8125472     99.78         0      3164   8412884     68.19    657540   7247736         0         4
08:15:51        76936     18032   8125472     99.78         0      3164   8412884     68.19    657540   7247736         0         4
08:15:56        76936     18032   8125472     99.78         0      3164   8412884     68.19    657540   7247736         0         4
08:16:01        76936     18032   8125472     99.78         0      3164   8412884     68.19    657540   7247736         0         4
08:16:06        76936     18032   8125472     99.78         0      3164   8412884     68.19    657664   7247736         0         4
08:16:11        76936     18032   8125472     99.78         0      3164   8412884     68.19    657664   7247736         0         4
08:16:16        76936     18032   8125472     99.78         0      3164   8412884     68.19    657664   7247736         0         4
08:16:21        76936     18032   8125472     99.78         0      3164   8412884     68.19    657664   7247736         0         4
08:16:26        76936     18032   8125472     99.78         0      3164   8412884     68.19    657664   7247736         0         4
08:16:31        76936     18032   8125472     99.78         0      3164   8412884     68.19    657664   7247736         0         4
08:16:36        76936     18032   8125472     99.78         0      3164   8412884     68.19    657664   7247736         0         4
08:16:41        76936     18032   8125472     99.78         0      3164   8412884     68.19    657788   7247736         0         4
08:16:46        76936     18032   8125472     99.78         0      3164   8412884     68.19    657788   7247736         0         4
08:16:51        76936     18032   8125472     99.78         0      3164   8412884     68.19    657788   7247736         0         4
08:16:56        76936     18032   8125472     99.78         0      3164   8412884     68.19    657788   7247736         0         4
08:17:01        76936     18032   8125472     99.78         0      3164   8412884     68.19    657788   7247736         0         4
08:17:06        76936     18032   8125472     99.78         0      3164   8412884     68.19    657788   7247736         0         4
08:17:11        76936     18032   8125472     99.78         0      3164   8412884     68.19    657788   7247736         0         4
08:17:16        76936     18032   8125472     99.78         0      3164   8412884     68.19    657788   7247736         0         4
08:17:21        76936     18032   8125472     99.78         0      3164   8412884     68.19    657788   7247736         0         4
08:17:26        76936     18032   8125472     99.78         0      3164   8412884     68.19    657788   7247736         0         4
08:17:31        76936     18032   8125472     99.78         0      3164   8412884     68.19    657912   7247736         0         4
08:17:36        76936     18032   8125472     99.78         0      3164   8412884     68.19    657912   7247736         0         4
08:17:41        76936     18032   8125472     99.78         0      3164   8412884     68.19    657912   7247736         0         4
08:17:46        76936     18032   8125472     99.78         0      3164   8412884     68.19    657912   7247736         0         4
08:17:51        76936     18032   8125472     99.78         0      3164   8412884     68.19    657912   7247736         0         4
08:17:56        76936     18032   8125472     99.78         0      3164   8412884     68.19    657912   7247736         0         4
08:18:01        76936     18032   8125472     99.78         0      3164   8412884     68.19    658036   7247736         0         4
08:18:06        76936     18032   8125472     99.78         0      3164   8412884     68.19    658036   7247736         0         4
08:18:11        76936     18032   8125472     99.78         0      3164   8412884     68.19    658036   7247736         0         4
08:18:16        76936     18032   8125472     99.78         0      3164   8412884     68.19    658036   7247736         0         4
08:18:21        76936     18032   8125472     99.78         0      3164   8412884     68.19    658036   7247736         0         4
08:18:26        76936     18032   8125472     99.78         0      3164   8412884     68.19    658036   7247736         0         4
08:18:31        76936     18032   8125472     99.78         0      3164   8412884     68.19    658036   7247736         0         4
08:18:36        76936     18032   8125472     99.78         0      3164   8412884     68.19    658160   7247736         0         4
08:18:41        76936     18032   8125472     99.78         0      3164   8412884     68.19    658160   7247736         0         4
08:18:46        76936     18032   8125472     99.78         0      3164   8412884     68.19    658160   7247736         0         4
08:18:51        76936     18032   8125472     99.78         0      3164   8412884     68.19    658160   7247736         0         4
08:18:56        76936     18032   8125472     99.78         0      3164   8412884     68.19    658160   7247736         0         4
08:19:01        76936     18032   8125472     99.78         0      3164   8412884     68.19    658160   7247736         0         4
08:19:06        76936     18032   8125472     99.78         0      3164   8412884     68.19    658160   7247736         0         4
08:19:11        76936     18032   8125472     99.78         0      3164   8412884     68.19    658284   7247736         0         4
08:19:16        76936     18032   8125472     99.78         0      3164   8412884     68.19    658284   7247736         0         4
08:19:21        76936     18032   8125472     99.78         0      3164   8412884     68.19    658284   7247736         0         4
08:19:26        76936     18032   8125472     99.78         0      3164   8412884     68.19    658284   7247736         0         4
08:19:31        76936     18032   8125472     99.78         0      3164   8412884     68.19    658284   7247736         0         4
08:19:36        76936     18032   8125472     99.78         0      3164   8412884     68.19    658284   7247736         0         4
08:19:41        76936     18032   8125472     99.78         0      3164   8412884     68.19    658284   7247736         0         4
08:19:46        76936     18032   8125472     99.78         0      3164   8412884     68.19    658284   7247736         0         4
08:19:51        76936     18032   8125472     99.78         0      3164   8412884     68.19    658408   7247736         0         4
08:19:56        76936     18032   8125472     99.78         0      3164   8412884     68.19    658408   7247736         0         4
08:20:01        76936     18032   8125472     99.78         0      3164   8412884     68.19    658408   7247736         0         4
08:20:06        76936     18032   8125472     99.78         0      3164   8412884     68.19    658408   7247736         0         4
08:20:11        76936     18032   8125472     99.78         0      3164   8412884     68.19    658408   7247736         0         4
08:20:16        76936     18032   8125472     99.78         0      3164   8412884     68.19    658408   7247736         0         4
08:20:21        76936     18032   8125472     99.78         0      3164   8412884     68.19    658408   7247736         0         4
08:20:26        76936     18032   8125472     99.78         0      3164   8412884     68.19    658408   7247736         0         4
08:20:31        76936     18032   8125472     99.78         0      3164   8412884     68.19    658408   7247736         0         4
08:20:36        76936     18032   8125472     99.78         0      3164   8412884     68.19    658532   7247736         0         4
08:20:41        76936     18032   8125472     99.78         0      3164   8412884     68.19    658532   7247736         0         4
08:20:46        76936     18032   8125472     99.78         0      3164   8412884     68.19    658532   7247736         0         4
08:20:51        76936     18032   8125472     99.78         0      3164   8412884     68.19    658532   7247736         0         4
08:20:56        76936     18032   8125472     99.78         0      3164   8412884     68.19    658532   7247736         0         4
08:21:01        76936     18032   8125472     99.78         0      3164   8412884     68.19    658532   7247736         0         4
08:21:06        76936     18032   8125472     99.78         0      3164   8412884     68.19    658532   7247736         0         4
08:21:11        76936     18032   8125472     99.78         0      3164   8412884     68.19    658532   7247736         0         4
08:21:16        76936     18032   8125472     99.78         0      3164   8412884     68.19    658532   7247736         0         4
08:21:21        76936     18032   8125472     99.78         0      3164   8412884     68.19    658656   7247736         0         4
08:21:26        76936     18032   8125472     99.78         0      3164   8412884     68.19    658656   7247736         0         4
08:21:31        76936     18032   8125472     99.78         0      3164   8412884     68.19    658656   7247736         0         4
08:21:36        76936     18032   8125472     99.78         0      3164   8412884     68.19    658656   7247736         0         4
08:21:41        76936     18032   8125472     99.78         0      3164   8412884     68.19    658656   7247736         0         4
08:21:46        76936     18032   8125472     99.78         0      3164   8412884     68.19    658656   7247736         0         4
08:21:51        76936     18032   8125472     99.78         0      3164   8412884     68.19    658656   7247736         0         4
08:21:56        76936     18032   8125472     99.78         0      3164   8412884     68.19    658656   7247736         0         4
08:22:01        76936     18032   8125472     99.78         0      3164   8412884     68.19    658780   7247736         0         4
08:22:06        76936     18032   8125472     99.78         0      3164   8412884     68.19    658780   7247736         0         4
08:22:11        76936     18032   8125472     99.78         0      3164   8412884     68.19    658780   7247736         0         4
08:22:16        76936     18032   8125472     99.78         0      3164   8412884     68.19    658780   7247736         0         4
08:22:21        76936     18032   8125472     99.78         0      3164   8412884     68.19    658780   7247736         0         4
08:22:26        76936     18032   8125472     99.78         0      3164   8412884     68.19    658780   7247736         0         4
08:22:31        76936     18032   8125472     99.78         0      3164   8412884     68.19    658780   7247736         0         4
08:22:36        76936     18032   8125472     99.78         0      3164   8412884     68.19    658780   7247736         0         4
08:22:41        76936     18032   8125472     99.78         0      3164   8412884     68.19    658904   7247736         0         4
08:22:46        76936     18032   8125472     99.78         0      3164   8412884     68.19    658904   7247736         0         4
08:22:51        76936     18032   8125472     99.78         0      3164   8412884     68.19    658904   7247736         0         4
08:22:56        76936     18032   8125472     99.78         0      3164   8412884     68.19    658904   7247736         0         4
08:23:01        76936     18032   8125472     99.78         0      3164   8412884     68.19    658904   7247736         0         4
08:23:06        59028     59028   8084476     99.28         0      2728   8412884     68.19    833368   7093100         0         4
08:23:11        88248     28868   8114636     99.65         0      2808   8412884     68.19   2208096   5688284         0         4
08:23:16        88248     28868   8114636     99.65         0      2808   8412884     68.19   2208096   5688284         0         4
08:23:21        88248     28868   8114636     99.65         0      2808   8412884     68.19   2208096   5688284         0         4
08:23:26        88248     28868   8114636     99.65         0      2808   8412884     68.19   2208096   5688284         0         4
08:23:31        88248     28868   8114636     99.65         0      2808   8412884     68.19   2208096   5688284         0         4
08:23:36        88248     28868   8114636     99.65         0      2808   8412884     68.19   2208216   5688288         0         4
08:23:41        88248     28868   8114636     99.65         0      2808   8412884     68.19   2208216   5688288         0         4
08:23:46        88248     28868   8114636     99.65         0      2808   8412884     68.19   2208216   5688288         0         4
08:23:51        88248     28868   8114636     99.65         0      2808   8412884     68.19   2208216   5688288         0         4
08:23:56        88248     28868   8114636     99.65         0      2808   8412884     68.19   2208216   5688288         0         4
08:24:01        88248     28868   8114636     99.65         0      2808   8412884     68.19   2208216   5688288         0         4
08:24:06        88248     28868   8114636     99.65         0      2808   8412884     68.19   2208336   5688292         0         4
08:24:11        88248     28868   8114636     99.65         0      2808   8412884     68.19   2208336   5688292         0         4
08:24:16        88248     28868   8114636     99.65         0      2808   8412884     68.19   2208336   5688292         0         4
08:24:21        88248     28868   8114636     99.65         0      2808   8412884     68.19   2208336   5688292         0         4
08:24:26        88248     28868   8114636     99.65         0      2808   8412884     68.19   2208336   5688292         0         4
08:24:31        88248     28868   8114636     99.65         0      2808   8412884     68.19   2208336   5688292         0         4
08:24:36        55176     55176   8088328     99.32         0      1560   8412884     68.19   2334424   5594844         0         4
08:24:41        82060     21836   8121668     99.73         0      1116   8412884     68.19   4822312   3078976         0         0
08:24:46        82060     21836   8121668     99.73         0      1116   8412884     68.19   4822312   3078976         0         0
08:24:51        82060     21836   8121668     99.73         0      1116   8412884     68.19   4822312   3078976         0         0
08:24:56        82060     21836   8121668     99.73         0      1116   8412884     68.19   4822312   3078976         0         0
08:25:01        82060     21836   8121668     99.73         0      1116   8412884     68.19   4822312   3078976         0         0
08:25:06        82060     21836   8121668     99.73         0      1116   8412884     68.19   4822432   3078980         0         0
08:25:11        82060     21836   8121668     99.73         0      1116   8412884     68.19   4822432   3078980         0         0
08:25:16        82060     21836   8121668     99.73         0      1116   8412884     68.19   4822432   3078980         0         0
08:25:21        82060     21836   8121668     99.73         0      1116   8412884     68.19   4822432   3078980         0         0
08:25:26        82060     21836   8121668     99.73         0      1116   8412884     68.19   4822432   3078980         0         0
08:25:31        82060     21836   8121668     99.73         0      1116   8412884     68.19   4822432   3078980         0         0
08:25:36        82060     21836   8121668     99.73         0      1116   8412884     68.19   4822432   3078980         0         0
08:25:41        82060     21836   8121668     99.73         0      1116   8412884     68.19   4822432   3078980         0         0
08:25:46        82060     21836   8121668     99.73         0      1116   8412884     68.19   4822432   3078980         0         0
08:25:51        82060     21836   8121668     99.73         0      1116   8412884     68.19   4822432   3078980         0         0
08:25:56        82060     21836   8121668     99.73         0      1116   8412884     68.19   4822432   3078980         0         0
08:26:01        82060     21836   8121668     99.73         0      1116   8412884     68.19   4822552   3078984         0         0
08:26:06        82060     21836   8121668     99.73         0      1116   8412884     68.19   4822552   3078984         0         0
08:26:11        82060     21836   8121668     99.73         0      1116   8412884     68.19   4822552   3078984         0         0
08:26:16        82060     21836   8121668     99.73         0      1116   8412884     68.19   4822552   3078984         0         0
08:26:21        82060     21836   8121668     99.73         0      1116   8412884     68.19   4822552   3078984         0         0
08:26:26        82060     21836   8121668     99.73         0      1116   8412884     68.19   4822552   3078984         0         0
08:26:31        82060     21836   8121668     99.73         0      1116   8412884     68.19   4822552   3078984         0         0
08:26:36        82060     21836   8121668     99.73         0      1116   8412884     68.19   4822552   3078984         0         0
08:26:41        82060     21836   8121668     99.73         0      1116   8412884     68.19   4822552   3078984         0         0
08:26:46        82060     21836   8121668     99.73         0      1116   8412884     68.19   4822552   3078984         0         0
08:26:51        82060     21836   8121668     99.73         0      1116   8412884     68.19   4822552   3078984         0         0
08:26:56        82060     21836   8121668     99.73         0      1116   8412884     68.19   4822672   3078988         0         0
08:27:01        82060     21836   8121668     99.73         0      1116   8412884     68.19   4822672   3078988         0         0
08:27:06        82060     21836   8121668     99.73         0      1116   8412884     68.19   4822672   3078988         0         0
08:27:11        82060     21836   8121668     99.73         0      1116   8412884     68.19   4822672   3078988         0         0
08:27:16        82060     21836   8121668     99.73         0      1116   8412884     68.19   4822672   3078988         0         0
08:27:21        82060     21836   8121668     99.73         0      1116   8412884     68.19   4822672   3078988         0         0
08:27:26        82060     21836   8121668     99.73         0      1116   8412884     68.19   4822672   3078988         0         0
08:27:31        82060     21836   8121668     99.73         0      1116   8412884     68.19   4822672   3078988         0         0
08:27:36        82060     21836   8121668     99.73         0      1116   8412884     68.19   4822792   3078992         0         0
08:27:41        59364     59364   8084140     99.27         0       572   8412884     68.19   1741828   6184348         0         0
08:27:46        59032     59032   8084472     99.28         0       824   8412884     68.19   1741876   6184424         0         0
08:27:51        59032     59032   8084472     99.28         0       824   8412884     68.19   1741876   6184424         0         0
08:27:56        59032     59032   8084472     99.28         0       824   8412884     68.19   1741876   6184424         0         0
08:28:01        59032     59032   8084472     99.28         0       824   8412884     68.19   1741996   6184428         0         0
08:28:06        59032     59032   8084472     99.28         0       824   8412884     68.19   1741996   6184428         0         0
08:28:11        59032     59032   8084472     99.28         0       824   8412884     68.19   1741996   6184428         0         0
08:28:16        59032     59032   8084472     99.28         0       824   8412884     68.19   1741996   6184428         0         0
08:28:21        59032     59032   8084472     99.28         0       824   8412884     68.19   1741996   6184428         0         0
08:28:26        59032     59032   8084472     99.28         0       824   8412884     68.19   1741996   6184428         0         0
08:28:31        59032     59032   8084472     99.28         0       824   8412884     68.19   1741996   6184428         0         0
08:28:36        59032     59032   8084472     99.28         0       824   8412884     68.19   1741996   6184428         0         0
08:28:41        59032     59032   8084472     99.28         0       824   8412884     68.19   1741996   6184428         0         0
08:28:46        59032     59032   8084472     99.28         0       824   8412884     68.19   1741996   6184428         0         0
08:28:51        59032     59032   8084472     99.28         0       824   8412884     68.19   1741996   6184428         0         0
08:28:56        59032     59032   8084472     99.28         0       824   8412884     68.19   1741996   6184428         0         0
08:29:01        59032     59032   8084472     99.28         0       824   8412884     68.19   1741996   6184428         0         0
08:29:06        59032     59032   8084472     99.28         0       824   8412884     68.19   1742116   6184432         0         0
08:29:11        59032     59032   8084472     99.28         0       824   8412884     68.19   1742116   6184432         0         0
08:29:16        59032     59032   8084472     99.28         0       824   8412884     68.19   1742116   6184432         0         0
08:29:21        59032     59032   8084472     99.28         0       824   8412884     68.19   1742116   6184432         0         0
08:29:26        59032     59032   8084472     99.28         0       824   8412884     68.19   1742116   6184432         0         0
08:29:31        59032     59032   8084472     99.28         0       824   8412884     68.19   1742116   6184432         0         0
08:29:36        59032     59032   8084472     99.28         0       824   8412884     68.19   1742116   6184432         0         0
08:29:41        59032     59032   8084472     99.28         0       824   8412884     68.19   1742116   6184432         0         0
08:29:46        59032     59032   8084472     99.28         0       824   8412884     68.19   1742116   6184432         0         0
08:29:51        59032     59032   8084472     99.28         0       824   8412884     68.19   1742116   6184432         0         0
08:29:56        59032     59032   8084472     99.28         0       824   8412884     68.19   1742116   6184432         0         0
08:30:01        59032     59032   8084472     99.28         0       824   8412884     68.19   1742116   6184432         0         0
08:30:06        59032     59032   8084472     99.28         0       824   8412884     68.19   1742236   6184436         0         0
08:30:11        59032     59032   8084472     99.28         0       824   8412884     68.19   1742236   6184436         0         0
08:30:16        59032     59032   8084472     99.28         0       824   8412884     68.19   1742236   6184436         0         0
08:30:21        59032     59032   8084472     99.28         0       824   8412884     68.19   1742236   6184436         0         0
08:30:26        59032     59032   8084472     99.28         0       824   8412884     68.19   1742236   6184436         0         0
08:30:31        59032     59032   8084472     99.28         0       824   8412884     68.19   1742236   6184436         0         0
08:30:36        59032     59032   8084472     99.28         0       824   8412884     68.19   1742236   6184436         0         0
08:30:41        59032     59032   8084472     99.28         0       824   8412884     68.19   1742236   6184436         0         0
08:30:46        59032     59032   8084472     99.28         0       824   8412884     68.19   1742236   6184436         0         0
08:30:51        59032     59032   8084472     99.28         0       824   8412884     68.19   1742356   6184440         0         0
08:30:56        59032     59032   8084472     99.28         0       824   8412884     68.19   1742356   6184440         0         0
08:31:01        59032     59032   8084472     99.28         0       824   8412884     68.19   1742356   6184440         0         0
08:31:06        59032     59032   8084472     99.28         0       824   8412884     68.19   1742356   6184440         0         0
08:31:11        59032     59032   8084472     99.28         0       824   8412884     68.19   1742356   6184440         0         0
08:31:16        59032     59032   8084472     99.28         0       824   8412884     68.19   1742356   6184440         0         0
08:31:21        59032     59032   8084472     99.28         0       824   8412884     68.19   1742356   6184440         0         0
08:31:26        59032     59032   8084472     99.28         0       824   8412884     68.19   1742356   6184440         0         0
08:31:31        59032     59032   8084472     99.28         0       824   8412884     68.19   1742356   6184440         0         0
08:31:36        59032     59032   8084472     99.28         0       824   8412884     68.19   1742356   6184440         0         0
08:31:41        59032     59032   8084472     99.28         0       824   8412884     68.19   1742356   6184440         0         0
08:31:46        59032     59032   8084472     99.28         0       824   8412884     68.19   1742356   6184440         0         0
08:31:51        59032     59032   8084472     99.28         0       824   8412884     68.19   1742476   6184444         0         0
08:31:56        59032     59032   8084472     99.28         0       824   8412884     68.19   1742476   6184444         0         0
08:32:01        59032     59032   8084472     99.28         0       824   8412884     68.19   1742476   6184444         0         0
08:32:06        59032     59032   8084472     99.28         0       824   8412884     68.19   1742476   6184444         0         0
08:32:11        59032     59032   8084472     99.28         0       824   8412884     68.19   1742476   6184444         0         0
08:32:16        59032     59032   8084472     99.28         0       824   8412884     68.19   1742476   6184444         0         0
08:32:21        59032     59032   8084472     99.28         0       824   8412884     68.19   1742476   6184444         0         0
08:32:26        59032     59032   8084472     99.28         0       824   8412884     68.19   1742476   6184444         0         0
08:32:31        59032     59032   8084472     99.28         0       824   8412884     68.19   1742476   6184444         0         0
08:32:36        59032     59032   8084472     99.28         0       824   8412884     68.19   1742476   6184444         0         0
08:32:41        59032     59032   8084472     99.28         0       824   8412884     68.19   1742476   6184444         0         0
08:32:46        59032     59032   8084472     99.28         0       824   8412884     68.19   1742596   6184448         0         0
08:32:51        59032     59032   8084472     99.28         0       824   8412884     68.19   1742596   6184448         0         0
08:32:56        59032     59032   8084472     99.28         0       824   8412884     68.19   1742596   6184448         0         0
08:33:01        59032     59032   8084472     99.28         0       824   8412884     68.19   1742596   6184448         0         0
08:33:06        59032     59032   8084472     99.28         0       824   8412884     68.19   1742596   6184448         0         0
08:33:11        59032     59032   8084472     99.28         0       824   8412884     68.19   1742596   6184448         0         0
08:33:16        59032     59032   8084472     99.28         0       824   8412884     68.19   1742596   6184448         0         0
08:33:21        59032     59032   8084472     99.28         0       824   8412884     68.19   1742596   6184448         0         0
08:33:26        59032     59032   8084472     99.28         0       824   8412884     68.19   1742596   6184448         0         0
08:33:31        59032     59032   8084472     99.28         0       824   8412884     68.19   1742596   6184448         0         0
08:33:36        59032     59032   8084472     99.28         0       824   8412884     68.19   1742596   6184448         0         0
08:33:41        59032     59032   8084472     99.28         0       824   8412884     68.19   1742596   6184448         0         0
08:33:46        59032     59032   8084472     99.28         0       824   8412884     68.19   1742596   6184448         0         0
08:33:51        59032     59032   8084472     99.28         0       824   8412884     68.19   1742716   6184452         0         0
08:33:56        59032     59032   8084472     99.28         0       824   8412884     68.19   1742716   6184452         0         0
08:34:01        59032     59032   8084472     99.28         0       824   8412884     68.19   1742716   6184452         0         0
08:34:06        59032     59032   8084472     99.28         0       824   8412884     68.19   1742716   6184452         0         0
08:34:11        59032     59032   8084472     99.28         0       824   8412884     68.19   1742716   6184452         0         0
08:34:16        59032     59032   8084472     99.28         0       824   8412884     68.19   1742716   6184452         0         0
08:34:21        59032     59032   8084472     99.28         0       824   8412884     68.19   1742716   6184452         0         0
08:34:26        59032     59032   8084472     99.28         0       824   8412884     68.19   1742716   6184452         0         0
08:34:31        59032     59032   8084472     99.28         0       824   8412884     68.19   1742716   6184452         0         0
08:34:36        59032     59032   8084472     99.28         0       824   8412884     68.19   1742836   6184456         0         0
08:34:41        59032     59032   8084472     99.28         0       824   8412884     68.19   1742836   6184456         0         0
08:34:46        59032     59032   8084472     99.28         0       824   8412884     68.19   1742836   6184456         0         0
08:34:51        59032     59032   8084472     99.28         0       824   8412884     68.19   1742836   6184456         0         0
08:34:56        59032     59032   8084472     99.28         0       824   8412884     68.19   1742836   6184456         0         0
08:35:01        59032     59032   8084472     99.28         0       824   8412884     68.19   1742836   6184456         0         0
08:35:06        59032     59032   8084472     99.28         0       824   8412884     68.19   1742836   6184456         0         0
08:35:11        59032     59032   8084472     99.28         0       824   8412884     68.19   1742836   6184456         0         0
08:35:16        59032     59032   8084472     99.28         0       824   8412884     68.19   1742836   6184456         0         0
08:35:21        59032     59032   8084472     99.28         0       824   8412884     68.19   1742836   6184456         0         0
08:35:26        59032     59032   8084472     99.28         0       824   8412884     68.19   1742836   6184456         0         0
08:35:31        59032     59032   8084472     99.28         0       824   8412884     68.19   1742836   6184456         0         0
08:35:36        59032     59032   8084472     99.28         0       824   8412884     68.19   1742836   6184456         0         0
08:35:41        59032     59032   8084472     99.28         0       824   8412884     68.19   1742836   6184456         0         0
08:35:46        59032     59032   8084472     99.28         0       824   8412884     68.19   1742956   6184460         0         0
08:35:51        59032     59032   8084472     99.28         0       824   8412884     68.19   1742956   6184460         0         0
08:35:56        59032     59032   8084472     99.28         0       824   8412884     68.19   1742956   6184460         0         0
08:36:01        59032     59032   8084472     99.28         0       824   8412884     68.19   1742956   6184460         0         0
08:36:06        59032     59032   8084472     99.28         0       824   8412884     68.19   1742956   6184460         0         0
08:36:11        59032     59032   8084472     99.28         0       824   8412884     68.19   1742956   6184460         0         0
08:36:16        59032     59032   8084472     99.28         0       824   8412884     68.19   1742956   6184460         0         0
08:36:21        59032     59032   8084472     99.28         0       824   8412884     68.19   1742956   6184460         0         0
08:36:26        59032     59032   8084472     99.28         0       824   8412884     68.19   1742956   6184460         0         0
08:36:31        59032     59032   8084472     99.28         0       824   8412884     68.19   1742956   6184460         0         0
08:36:36        59032     59032   8084472     99.28         0       824   8412884     68.19   1742956   6184460         0         0
08:36:41        59032     59032   8084472     99.28         0       824   8412884     68.19   1742956   6184460         0         0
08:36:46        59032     59032   8084472     99.28         0       824   8412884     68.19   1742956   6184460         0         0
08:36:51        59032     59032   8084472     99.28         0       824   8412884     68.19   1742956   6184460         0         0
08:36:56        59032     59032   8084472     99.28         0       824   8412884     68.19   1742956   6184460         0         0
08:37:01        59032     59032   8084472     99.28         0       824   8412884     68.19   1743076   6184464         0         0
08:37:06        59032     59032   8084472     99.28         0       824   8412884     68.19   1743076   6184464         0         0
08:37:11        59032     59032   8084472     99.28         0       824   8412884     68.19   1743076   6184464         0         0
08:37:16        59032     59032   8084472     99.28         0       824   8412884     68.19   1743076   6184464         0         0
08:37:21        59032     59032   8084472     99.28         0       824   8412884     68.19   1743076   6184464         0         0
08:37:26        59032     59032   8084472     99.28         0       824   8412884     68.19   1743076   6184464         0         0
08:37:31        59032     59032   8084472     99.28         0       824   8412884     68.19   1743076   6184464         0         0
08:37:36        59032     59032   8084472     99.28         0       824   8412884     68.19   1743076   6184464         0         0
08:37:41        59032     59032   8084472     99.28         0       824   8412884     68.19   1743076   6184464         0         0
08:37:46        59032     59032   8084472     99.28         0       824   8412884     68.19   1743076   6184464         0         0
08:37:51        59032     59032   8084472     99.28         0       824   8412884     68.19   1743076   6184464         0         0
08:37:56        59032     59032   8084472     99.28         0       824   8412884     68.19   1743076   6184464         0         0
08:38:01        59032     59032   8084472     99.28         0       824   8412884     68.19   1743196   6184468         0         0
08:38:06        59032     59032   8084472     99.28         0       824   8412884     68.19   1743196   6184468         0         0
08:38:11        48840     48840   8094664     99.40         0       828   8412884     68.19   2494416   5442068         0         0
08:38:16        55512     55512   8087992     99.32         0       748   8412884     68.19   5212408   2711008         0         0
08:38:21        55512     55512   8087992     99.32         0       748   8412884     68.19   5212408   2711008         0         0
08:38:26        56712     56712   8086792     99.30         0       748   8412884     68.19   5212408   2711008         0         0
08:38:31        58580     58580   8084924     99.28         0       748   8412884     68.19   5212408   2711008         0         0
08:38:36        58896     58896   8084608     99.28         0       748   8412884     68.19   5212528   2711012         0         0
08:38:41        58896     58896   8084608     99.28         0       748   8412884     68.19   5212528   2711012         0         0
08:38:46        58896     58896   8084608     99.28         0       748   8412884     68.19   5212528   2711012         0         0
08:38:51        58896     58896   8084608     99.28         0       748   8412884     68.19   5212528   2711012         0         0
08:38:56        58896     58896   8084608     99.28         0       748   8412884     68.19   5212528   2711012         0         0
08:39:01        58896     58896   8084608     99.28         0       748   8412884     68.19   5212528   2711012         0         0
08:39:06        58896     58896   8084608     99.28         0       748   8412884     68.19   5212528   2711012         0         0
08:39:11        58896     58896   8084608     99.28         0       748   8412884     68.19   5212648   2711016         0         0
08:39:16        58896     58896   8084608     99.28         0       748   8412884     68.19   5212648   2711016         0         0
08:39:21        58896     58896   8084608     99.28         0       748   8412884     68.19   5212648   2711016         0         0
08:39:26        58896     58896   8084608     99.28         0       748   8412884     68.19   5212648   2711016         0         0
08:39:31        58896     58896   8084608     99.28         0       748   8412884     68.19   5212648   2711016         0         0
08:39:36        58896     58896   8084608     99.28         0       748   8412884     68.19   5212648   2711016         0         0
08:39:41        45728     45728   8097776     99.44         0       748   8412884     68.19   5823016   2116344         0         0
08:39:46        82192     21692   8121812     99.73         0       692   8412884     68.19   4312956   3586104         0         0
08:39:51        81688     21252   8122252     99.74         0       820   8412884     68.19   4313004   3586180         0         0
08:39:56        80680     20304   8123200     99.75         0       932   8412884     68.19   4313036   3586272         0         0
08:40:01        80680     20304   8123200     99.75         0       932   8412884     68.19   4313036   3586272         0         0
08:40:06        80680     20304   8123200     99.75         0       932   8412884     68.19   4313036   3586272         0         0
08:40:11        80680     20304   8123200     99.75         0       932   8412884     68.19   4313036   3586272         0         0
08:40:16        80680     20304   8123200     99.75         0       932   8412884     68.19   4313036   3586272         0         0
08:40:21        80680     20304   8123200     99.75         0       932   8412884     68.19   4313036   3586272         0         0
08:40:26        80680     20304   8123200     99.75         0       932   8412884     68.19   4313156   3586276         0         0
08:40:31        80680     20304   8123200     99.75         0       932   8412884     68.19   4313156   3586276         0         0
08:40:36        80680     20304   8123200     99.75         0       932   8412884     68.19   4313156   3586276         0         0
08:40:41        80680     20304   8123200     99.75         0       932   8412884     68.19   4313156   3586276         0         0
08:40:46        80680     20304   8123200     99.75         0       932   8412884     68.19   4313156   3586276         0         0
08:40:51        80680     20304   8123200     99.75         0       932   8412884     68.19   4313156   3586276         0         0
08:40:56        80680     20304   8123200     99.75         0       932   8412884     68.19   4313156   3586276         0         0
08:41:01        80680     20304   8123200     99.75         0       932   8412884     68.19   4313156   3586276         0         0
08:41:06        80680     20304   8123200     99.75         0       932   8412884     68.19   4313156   3586276         0         0
08:41:11        80680     20304   8123200     99.75         0       932   8412884     68.19   4313276   3586280         0         0
08:41:16        80680     20304   8123200     99.75         0       932   8412884     68.19   4313276   3586280         0         0
08:41:21        80680     20304   8123200     99.75         0       932   8412884     68.19   4313276   3586280         0         0
08:41:26        80680     20304   8123200     99.75         0       932   8412884     68.19   4313276   3586280         0         0
08:41:31        80680     20304   8123200     99.75         0       932   8412884     68.19   4313276   3586280         0         0
08:41:36        80680     20304   8123200     99.75         0       932   8412884     68.19   4313276   3586280         0         0
08:41:41        80680     20304   8123200     99.75         0       932   8412884     68.19   4313276   3586280         0         0
08:41:46        80680     20304   8123200     99.75         0       932   8412884     68.19   4313276   3586280         0         0
08:41:51        80680     20304   8123200     99.75         0       932   8412884     68.19   4313276   3586280         0         0
08:41:56        80680     20304   8123200     99.75         0       932   8412884     68.19   4313276   3586280         0         0
08:42:01        80680     20304   8123200     99.75         0       932   8412884     68.19   4313396   3586284         0         0
08:42:06        80680     20304   8123200     99.75         0       932   8412884     68.19   4313396   3586284         0         0
08:42:11        80680     20304   8123200     99.75         0       932   8412884     68.19   4313396   3586284         0         0
08:42:16        80680     20304   8123200     99.75         0       932   8412884     68.19   4313396   3586284         0         0
08:42:21        80680     20304   8123200     99.75         0       932   8412884     68.19   4313396   3586284         0         0
08:42:26        80680     20304   8123200     99.75         0       932   8412884     68.19   4313396   3586284         0         0
08:42:31        80680     20304   8123200     99.75         0       932   8412884     68.19   4313396   3586284         0         0
08:42:36        80680     20304   8123200     99.75         0       932   8412884     68.19   4313396   3586284         0         0
08:42:41        80680     20304   8123200     99.75         0       932   8412884     68.19   4314548   3586288         0         0
08:42:46        92500     32000   8111504     99.61         0       632   8412884     68.19   2075632   5812528         0         0
08:42:51        91160     31132   8112372     99.62         0      1676   8412884     68.19   2075804   5813348         0         0
08:42:56        91160     31132   8112372     99.62         0      1676   8412884     68.19   2075804   5813348         0         0
08:43:01        91160     31132   8112372     99.62         0      1676   8412884     68.19   2075924   5813352         0         0
08:43:06        91160     31132   8112372     99.62         0      1676   8412884     68.19   2075924   5813352         0         0
08:43:11        91160     31132   8112372     99.62         0      1676   8412884     68.19   2075924   5813352         0         0
08:43:16        91160     31132   8112372     99.62         0      1676   8412884     68.19   2075924   5813352         0         0
08:43:21        91160     31132   8112372     99.62         0      1676   8412884     68.19   2075924   5813352         0         0
08:43:26        91160     31132   8112372     99.62         0      1676   8412884     68.19   2075924   5813352         0         0
08:43:31        91160     31132   8112372     99.62         0      1676   8412884     68.19   2075924   5813352         0         0
08:43:36        91160     31132   8112372     99.62         0      1676   8412884     68.19   2075924   5813352         0         0
08:43:41        91160     31132   8112372     99.62         0      1676   8412884     68.19   2075924   5813352         0         0
08:43:46        91160     31132   8112372     99.62         0      1676   8412884     68.19   2076044   5813356         0         0
08:43:51        91160     31132   8112372     99.62         0      1676   8412884     68.19   2076044   5813356         0         0
08:43:56        91160     31132   8112372     99.62         0      1676   8412884     68.19   2076044   5813356         0         0
08:44:01        91160     31132   8112372     99.62         0      1676   8412884     68.19   2076044   5813356         0         0
08:44:06        91160     31132   8112372     99.62         0      1676   8412884     68.19   2076044   5813356         0         0
08:44:11        91160     31132   8112372     99.62         0      1676   8412884     68.19   2076044   5813356         0         0
08:44:16        91160     31132   8112372     99.62         0      1676   8412884     68.19   2076044   5813356         0         0
08:44:21        91160     31132   8112372     99.62         0      1676   8412884     68.19   2076164   5813360         0         0
08:44:26        91160     31132   8112372     99.62         0      1676   8412884     68.19   2076164   5813360         0         0
08:44:31        91160     31132   8112372     99.62         0      1676   8412884     68.19   2076164   5813360         0         0
08:44:36        91160     31132   8112372     99.62         0      1676   8412884     68.19   2076164   5813360         0         0
08:44:41        91160     31132   8112372     99.62         0      1676   8412884     68.19   2076164   5813360         0         0
08:44:46        91160     31132   8112372     99.62         0      1676   8412884     68.19   2076164   5813360         0         0
08:44:51        91160     31132   8112372     99.62         0      1676   8412884     68.19   2076164   5813360         0         0
08:44:56        91160     31132   8112372     99.62         0      1676   8412884     68.19   2076164   5813360         0         0
08:45:01        91160     31132   8112372     99.62         0      1676   8412884     68.19   2076164   5813360         0         0
08:45:06        91160     31132   8112372     99.62         0      1676   8412884     68.19   2076164   5813360         0         0
08:45:11        91160     31132   8112372     99.62         0      1676   8412884     68.19   2076164   5813360         0         0
08:45:16        91160     31132   8112372     99.62         0      1676   8412884     68.19   2076284   5813364         0         0
08:45:21        91160     31132   8112372     99.62         0      1676   8412884     68.19   2076284   5813364         0         0
08:45:26        91160     31132   8112372     99.62         0      1676   8412884     68.19   2076284   5813364         0         0
08:45:31        91160     31132   8112372     99.62         0      1676   8412884     68.19   2076284   5813364         0         0
08:45:36        91160     31132   8112372     99.62         0      1676   8412884     68.19   2076284   5813364         0         0
08:45:41        91160     31132   8112372     99.62         0      1676   8412884     68.19   2076284   5813364         0         0
08:45:46        91160     31132   8112372     99.62         0      1676   8412884     68.19   2076284   5813364         0         0
08:45:51        91160     31132   8112372     99.62         0      1676   8412884     68.19   2076284   5813364         0         0
08:45:56        91160     31132   8112372     99.62         0      1676   8412884     68.19   2076284   5813364         0         0
08:46:01        91160     31132   8112372     99.62         0      1676   8412884     68.19   2076404   5813368         0         0
08:46:06        91160     31132   8112372     99.62         0      1676   8412884     68.19   2076404   5813368         0         0
08:46:11        91160     31132   8112372     99.62         0      1676   8412884     68.19   2076404   5813368         0         0
08:46:16        91160     31132   8112372     99.62         0      1676   8412884     68.19   2076404   5813368         0         0
08:46:21        91160     31132   8112372     99.62         0      1676   8412884     68.19   2076404   5813368         0         0
08:46:26        91160     31132   8112372     99.62         0      1676   8412884     68.19   2076404   5813368         0         0
08:46:31        91160     31132   8112372     99.62         0      1676   8412884     68.19   2076404   5813368         0         0
08:46:36        91160     31132   8112372     99.62         0      1676   8412884     68.19   2076404   5813368         0         0
08:46:41        91160     31132   8112372     99.62         0      1676   8412884     68.19   2076404   5813368         0         0
08:46:46        91160     31132   8112372     99.62         0      1676   8412884     68.19   2076524   5813372         0         0
08:46:51        91160     31132   8112372     99.62         0      1676   8412884     68.19   2076524   5813372         0         0
08:46:56        91160     31132   8112372     99.62         0      1676   8412884     68.19   2076524   5813372         0         0
08:47:01        91160     31132   8112372     99.62         0      1676   8412884     68.19   2076524   5813372         0         0
08:47:06        91160     31132   8112372     99.62         0      1676   8412884     68.19   2076524   5813372         0         0
08:47:11        91160     31132   8112372     99.62         0      1676   8412884     68.19   2076524   5813372         0         0
08:47:16        91160     31132   8112372     99.62         0      1676   8412884     68.19   2076524   5813372         0         0
08:47:21        91160     31132   8112372     99.62         0      1676   8412884     68.19   2076524   5813372         0         0
08:47:26        91160     31132   8112372     99.62         0      1676   8412884     68.19   2076644   5813376         0         0
08:47:31        91160     31132   8112372     99.62         0      1676   8412884     68.19   2076644   5813376         0         0
08:47:36        91160     31132   8112372     99.62         0      1676   8412884     68.19   2076644   5813376         0         0
08:47:41        91160     31132   8112372     99.62         0      1676   8412884     68.19   2076644   5813376         0         0
08:47:46        91160     31132   8112372     99.62         0      1676   8412884     68.19   2076644   5813376         0         0
08:47:51        91160     31132   8112372     99.62         0      1676   8412884     68.19   2076644   5813376         0         0
08:47:56        91160     31132   8112372     99.62         0      1676   8412884     68.19   2076644   5813376         0         0
08:48:01        91160     31132   8112372     99.62         0      1676   8412884     68.19   2076644   5813376         0         0
08:48:06        91160     31132   8112372     99.62         0      1676   8412884     68.19   2076764   5813380         0         0
08:48:11        91160     31132   8112372     99.62         0      1676   8412884     68.19   2076764   5813380         0         0
08:48:16        91160     31132   8112372     99.62         0      1676   8412884     68.19   2076764   5813380         0         0
08:48:21        91160     31132   8112372     99.62         0      1676   8412884     68.19   2076764   5813380         0         0
08:48:26        91160     31132   8112372     99.62         0      1676   8412884     68.19   2076764   5813380         0         0
08:48:31        91160     31132   8112372     99.62         0      1676   8412884     68.19   2076764   5813380         0         0
08:48:36        91160     31132   8112372     99.62         0      1676   8412884     68.19   2076764   5813380         0         0
08:48:41        91160     31132   8112372     99.62         0      1676   8412884     68.19   2076764   5813380         0         0
08:48:46        91160     31132   8112372     99.62         0      1676   8412884     68.19   2076764   5813380         0         0
08:48:51        91160     31132   8112372     99.62         0      1676   8412884     68.19   2076884   5813384         0         0
08:48:56        91160     31132   8112372     99.62         0      1676   8412884     68.19   2076884   5813384         0         0
08:49:01        91160     31132   8112372     99.62         0      1676   8412884     68.19   2076884   5813384         0         0
08:49:06        91160     31132   8112372     99.62         0      1676   8412884     68.19   2076884   5813384         0         0
08:49:11        91160     31132   8112372     99.62         0      1676   8412884     68.19   2076884   5813384         0         0
08:49:16        91160     31132   8112372     99.62         0      1676   8412884     68.19   2076884   5813384         0         0
08:49:21        91160     31132   8112372     99.62         0      1676   8412884     68.19   2076884   5813384         0         0
08:49:26        91160     31132   8112372     99.62         0      1676   8412884     68.19   2076884   5813384         0         0
08:49:31        91160     31132   8112372     99.62         0      1676   8412884     68.19   2076884   5813384         0         0
08:49:36        91160     31132   8112372     99.62         0      1676   8412884     68.19   2076884   5813384         0         0
08:49:41        91160     31132   8112372     99.62         0      1676   8412884     68.19   2076884   5813384         0         0
08:49:46        91160     31132   8112372     99.62         0      1676   8412884     68.19   2077004   5813388         0         0
08:49:51        91160     31132   8112372     99.62         0      1676   8412884     68.19   2077004   5813388         0         0
08:49:56        91160     31132   8112372     99.62         0      1676   8412884     68.19   2077004   5813388         0         0
08:50:01        91160     31132   8112372     99.62         0      1676   8412884     68.19   2077004   5813388         0         0
08:50:06        91160     31132   8112372     99.62         0      1676   8412884     68.19   2077004   5813388         0         0
08:50:11        91160     31132   8112372     99.62         0      1676   8412884     68.19   2077004   5813388         0         0
08:50:16        91160     31132   8112372     99.62         0      1676   8412884     68.19   2077004   5813388         0         0
08:50:21        91160     31132   8112372     99.62         0      1676   8412884     68.19   2077004   5813388         0         0
08:50:26        91160     31132   8112372     99.62         0      1676   8412884     68.19   2077004   5813388         0         0
08:50:31        91160     31132   8112372     99.62         0      1676   8412884     68.19   2077004   5813388         0         0
08:50:36        91160     31132   8112372     99.62         0      1676   8412884     68.19   2077124   5813392         0         0
08:50:41        91160     31132   8112372     99.62         0      1676   8412884     68.19   2077124   5813392         0         0
08:50:46        91160     31132   8112372     99.62         0      1676   8412884     68.19   2077124   5813392         0         0
08:50:51        91160     31132   8112372     99.62         0      1676   8412884     68.19   2077124   5813392         0         0
08:50:56        91160     31132   8112372     99.62         0      1676   8412884     68.19   2077124   5813392         0         0
08:51:01        91160     31132   8112372     99.62         0      1676   8412884     68.19   2077124   5813392         0         0
08:51:06        91160     31132   8112372     99.62         0      1676   8412884     68.19   2077124   5813392         0         0
08:51:11        91160     31132   8112372     99.62         0      1676   8412884     68.19   2077124   5813392         0         0
08:51:16        91160     31132   8112372     99.62         0      1676   8412884     68.19   2077124   5813392         0         0
08:51:21        91160     31132   8112372     99.62         0      1676   8412884     68.19   2077244   5813396         0         0
08:51:26        91160     31132   8112372     99.62         0      1676   8412884     68.19   2077244   5813396         0         0
08:51:31        91160     31132   8112372     99.62         0      1676   8412884     68.19   2077244   5813396         0         0
08:51:36        91160     31132   8112372     99.62         0      1676   8412884     68.19   2077244   5813396         0         0
08:51:41        91160     31132   8112372     99.62         0      1676   8412884     68.19   2077244   5813396         0         0
08:51:46        91160     31132   8112372     99.62         0      1676   8412884     68.19   2077244   5813396         0         0
08:51:51        91160     31132   8112372     99.62         0      1676   8412884     68.19   2077244   5813396         0         0
08:51:56        91160     31132   8112372     99.62         0      1676   8412884     68.19   2077244   5813396         0         0
08:52:01        91160     31132   8112372     99.62         0      1676   8412884     68.19   2077244   5813396         0         0
08:52:06        91160     31132   8112372     99.62         0      1676   8412884     68.19   2077244   5813396         0         0
08:52:11        91160     31132   8112372     99.62         0      1676   8412884     68.19   2077244   5813396         0         0
08:52:16        91160     31132   8112372     99.62         0      1676   8412884     68.19   2077364   5813400         0         0
08:52:21        91160     31132   8112372     99.62         0      1676   8412884     68.19   2077364   5813400         0         0
08:52:26        91160     31132   8112372     99.62         0      1676   8412884     68.19   2077364   5813400         0         0
08:52:31        91160     31132   8112372     99.62         0      1676   8412884     68.19   2077364   5813400         0         0
08:52:36        91160     31132   8112372     99.62         0      1676   8412884     68.19   2077364   5813400         0         0
08:52:41        91160     31132   8112372     99.62         0      1676   8412884     68.19   2077364   5813400         0         0
08:52:46        91160     31132   8112372     99.62         0      1676   8412884     68.19   2077364   5813400         0         0
08:52:51        91160     31132   8112372     99.62         0      1676   8412884     68.19   2077364   5813400         0         0
08:52:56        91160     31132   8112372     99.62         0      1676   8412884     68.19   2077364   5813400         0         0
08:53:01        91160     31132   8112372     99.62         0      1676   8412884     68.19   2077364   5813400         0         0
08:53:06        91160     31132   8112372     99.62         0      1676   8412884     68.19   2077484   5813404         0         0
08:53:11        91160     31132   8112372     99.62         0      1676   8412884     68.19   2077484   5813404         0         0
08:53:16        52472     52472   8091032     99.36         0      1680   8412884     68.19   5018764   2912740         0         0
08:53:21        81332     21084   8122420     99.74         0      1164   8412884     68.19   5602664   2298140         0         0
08:53:26        81332     21084   8122420     99.74         0      1164   8412884     68.19   5602664   2298140         0         0
08:53:31        81332     21084   8122420     99.74         0      1164   8412884     68.19   5602664   2298140         0         0
08:53:36        81480     21232   8122272     99.74         0      1164   8412884     68.19   5602664   2298140         0         0
08:53:41        82540     22292   8121212     99.73         0      1164   8412884     68.19   5602664   2298140         0         0
08:53:46        82540     22292   8121212     99.73         0      1164   8412884     68.19   5602664   2298140         0         0
08:53:51        82540     22292   8121212     99.73         0      1164   8412884     68.19   5602664   2298140         0         0
08:53:56        82540     22292   8121212     99.73         0      1164   8412884     68.19   5602784   2298144         0         0
08:54:01        82540     22292   8121212     99.73         0      1164   8412884     68.19   5602784   2298144         0         0
08:54:06        82540     22292   8121212     99.73         0      1164   8412884     68.19   5602784   2298144         0         0
08:54:11        82540     22292   8121212     99.73         0      1164   8412884     68.19   5602784   2298144         0         0
08:54:16        82540     22292   8121212     99.73         0      1164   8412884     68.19   5602784   2298144         0         0
08:54:21        82540     22292   8121212     99.73         0      1164   8412884     68.19   5602784   2298144         0         0
08:54:26        82540     22292   8121212     99.73         0      1164   8412884     68.19   5602784   2298144         0         0
08:54:31        82540     22292   8121212     99.73         0      1164   8412884     68.19   5602784   2298144         0         0
08:54:36        82540     22292   8121212     99.73         0      1164   8412884     68.19   5602784   2298144         0         0
08:54:41        82540     22292   8121212     99.73         0      1164   8412884     68.19   5602904   2298148         0         0
08:54:46        46580     46580   8096924     99.43         0       820   8412884     68.19   5259124   2678540         0         0
08:54:51        76696     16420   8127084     99.80         0      1208   8412884     68.19   3132288   4773440         0         0
08:54:56        76696     16420   8127084     99.80         0      1208   8412884     68.19   3132288   4773440         0         0
08:55:01        76696     16420   8127084     99.80         0      1208   8412884     68.19   3132288   4773440         0         0
08:55:06        76696     16420   8127084     99.80         0      1208   8412884     68.19   3132288   4773440         0         0
08:55:11        76696     16420   8127084     99.80         0      1208   8412884     68.19   3132288   4773440         0         0
08:55:16        76696     16420   8127084     99.80         0      1208   8412884     68.19   3132288   4773440         0         0
08:55:21        76696     16420   8127084     99.80         0      1208   8412884     68.19   3132288   4773440         0         0
08:55:26        76696     16420   8127084     99.80         0      1208   8412884     68.19   3132288   4773440         0         0
08:55:31        76696     16420   8127084     99.80         0      1208   8412884     68.19   3132288   4773440         0         0
08:55:36        76696     16420   8127084     99.80         0      1208   8412884     68.19   3132408   4773444         0         0
08:55:41        76696     16420   8127084     99.80         0      1208   8412884     68.19   3132408   4773444         0         0
08:55:46        76696     16420   8127084     99.80         0      1208   8412884     68.19   3132408   4773444         0         0
08:55:51        76696     16420   8127084     99.80         0      1208   8412884     68.19   3132408   4773444         0         0
08:55:56        76696     16420   8127084     99.80         0      1208   8412884     68.19   3132408   4773444         0         0
08:56:01        76696     16420   8127084     99.80         0      1208   8412884     68.19   3132408   4773444         0         0
08:56:06        76696     16420   8127084     99.80         0      1208   8412884     68.19   3132408   4773444         0         0
08:56:11        76696     16420   8127084     99.80         0      1208   8412884     68.19   3132408   4773444         0         0
08:56:16        76696     16420   8127084     99.80         0      1208   8412884     68.19   3132528   4773448         0         0
08:56:21        76696     16420   8127084     99.80         0      1208   8412884     68.19   3132528   4773448         0         0
08:56:26        76696     16420   8127084     99.80         0      1208   8412884     68.19   3132528   4773448         0         0
08:56:31        76696     16420   8127084     99.80         0      1208   8412884     68.19   3132528   4773448         0         0
08:56:36        76696     16420   8127084     99.80         0      1208   8412884     68.19   3132528   4773448         0         0
08:56:41        76696     16420   8127084     99.80         0      1208   8412884     68.19   3132528   4773448         0         0
08:56:46        76696     16420   8127084     99.80         0      1208   8412884     68.19   3132528   4773448         0         0
08:56:51        76696     16420   8127084     99.80         0      1208   8412884     68.19   3132528   4773448         0         0
08:56:56        76696     16420   8127084     99.80         0      1208   8412884     68.19   3132648   4773452         0         0
08:57:01        76696     16420   8127084     99.80         0      1208   8412884     68.19   3132648   4773452         0         0
08:57:06        76696     16420   8127084     99.80         0      1208   8412884     68.19   3132648   4773452         0         0
08:57:11        76696     16420   8127084     99.80         0      1208   8412884     68.19   3132648   4773452         0         0
08:57:16        76696     16420   8127084     99.80         0      1208   8412884     68.19   3132648   4773452         0         0
08:57:21        76696     16420   8127084     99.80         0      1208   8412884     68.19   3132648   4773452         0         0
08:57:26        76696     16420   8127084     99.80         0      1208   8412884     68.19   3132648   4773452         0         0
08:57:31        76696     16420   8127084     99.80         0      1208   8412884     68.19   3132648   4773452         0         0
08:57:36        76696     16420   8127084     99.80         0      1208   8412884     68.19   3132648   4773452         0         0
08:57:41        76696     16420   8127084     99.80         0      1208   8412884     68.19   3132648   4773452         0         0
08:57:46        48020     48020   8095484     99.41         0      1212   8412884     68.19   4593580   3344100         0         0
08:57:51        71820     11296   8132208     99.86         0       884   8412884     68.19   3687028   4219248         0         0
08:57:56        70352     10612   8132892     99.87         0      2172   8412884     68.19   3687544   4220296         0         0
08:58:01        70352     10612   8132892     99.87         0      2172   8412884     68.19   3687544   4220296         0         0
08:58:06        70352     10612   8132892     99.87         0      2172   8412884     68.19   3687544   4220296         0         0
08:58:11        70352     10612   8132892     99.87         0      2172   8412884     68.19   3687544   4220296         0         0
08:58:16        70352     10612   8132892     99.87         0      2172   8412884     68.19   3687544   4220296         0         0
08:58:21        70352     10612   8132892     99.87         0      2172   8412884     68.19   3687544   4220296         0         0
08:58:26        70352     10612   8132892     99.87         0      2172   8412884     68.19   3687664   4220300         0         0
08:58:31        70352     10612   8132892     99.87         0      2172   8412884     68.19   3687664   4220300         0         0
08:58:36        70352     10612   8132892     99.87         0      2172   8412884     68.19   3687664   4220300         0         0
08:58:41        70352     10612   8132892     99.87         0      2172   8412884     68.19   3687664   4220300         0         0
08:58:46        70352     10612   8132892     99.87         0      2172   8412884     68.19   3687664   4220300         0         0
08:58:51        70352     10612   8132892     99.87         0      2172   8412884     68.19   3687664   4220300         0         0
08:58:56        70352     10612   8132892     99.87         0      2172   8412884     68.19   3687664   4220300         0         0
08:59:01        70352     10612   8132892     99.87         0      2172   8412884     68.19   3687664   4220300         0         0
08:59:06        70352     10612   8132892     99.87         0      2172   8412884     68.19   3687784   4220304         0         0
08:59:11        70352     10612   8132892     99.87         0      2172   8412884     68.19   3687784   4220304         0         0
08:59:16        70352     10612   8132892     99.87         0      2172   8412884     68.19   3687784   4220304         0         0
08:59:21        70352     10612   8132892     99.87         0      2172   8412884     68.19   3687784   4220304         0         0
08:59:26        70352     10612   8132892     99.87         0      2172   8412884     68.19   3687784   4220304         0         0
08:59:31        70352     10612   8132892     99.87         0      2172   8412884     68.19   3687784   4220304         0         0
08:59:36        70352     10612   8132892     99.87         0      2172   8412884     68.19   3687784   4220304         0         0
08:59:41        70352     10612   8132892     99.87         0      2172   8412884     68.19   3687784   4220304         0         0
08:59:46        70352     10612   8132892     99.87         0      2172   8412884     68.19   3687784   4220304         0         0
08:59:51        70352     10612   8132892     99.87         0      2172   8412884     68.19   3687904   4220308         0         0
08:59:56        70352     10612   8132892     99.87         0      2172   8412884     68.19   3687904   4220308         0         0
09:00:01        70352     10612   8132892     99.87         0      2172   8412884     68.19   3687904   4220308         0         0
09:00:06        70352     10612   8132892     99.87         0      2172   8412884     68.19   3687904   4220308         0         0
09:00:11        70352     10612   8132892     99.87         0      2172   8412884     68.19   3687904   4220308         0         0
09:00:16        70352     10612   8132892     99.87         0      2172   8412884     68.19   3687904   4220308         0         0
09:00:21        70352     10612   8132892     99.87         0      2172   8412884     68.19   3687904   4220308         0         0
09:00:26        70352     10612   8132892     99.87         0      2172   8412884     68.19   3687904   4220308         0         0
09:00:31        70352     10612   8132892     99.87         0      2172   8412884     68.19   3687904   4220308         0         0
09:00:36        70352     10612   8132892     99.87         0      2172   8412884     68.19   3688024   4220312         0         0
09:00:41        70352     10612   8132892     99.87         0      2172   8412884     68.19   3688024   4220312         0         0
09:00:46        70352     10612   8132892     99.87         0      2172   8412884     68.19   3688024   4220312         0         0
09:00:51        70352     10612   8132892     99.87         0      2172   8412884     68.19   3688024   4220312         0         0
09:00:56        70352     10612   8132892     99.87         0      2172   8412884     68.19   3688024   4220312         0         0
09:01:01        70352     10612   8132892     99.87         0      2172   8412884     68.19   3688024   4220312         0         0
09:01:06        70352     10612   8132892     99.87         0      2172   8412884     68.19   3688024   4220312         0         0
09:01:11        70352     10612   8132892     99.87         0      2172   8412884     68.19   3688024   4220312         0         0
09:01:16        70352     10612   8132892     99.87         0      2172   8412884     68.19   3688144   4220316         0         0
09:01:21        70352     10612   8132892     99.87         0      2172   8412884     68.19   3688144   4220316         0         0
09:01:26        70352     10612   8132892     99.87         0      2172   8412884     68.19   3688144   4220316         0         0
09:01:31        70352     10612   8132892     99.87         0      2172   8412884     68.19   3688144   4220316         0         0
09:01:36        70352     10612   8132892     99.87         0      2172   8412884     68.19   3688144   4220316         0         0
09:01:41        70352     10612   8132892     99.87         0      2172   8412884     68.19   3688144   4220316         0         0
09:01:46        70352     10612   8132892     99.87         0      2172   8412884     68.19   3688144   4220316         0         0
09:01:51        70352     10612   8132892     99.87         0      2172   8412884     68.19   3688264   4220320         0         0
09:01:56        70352     10612   8132892     99.87         0      2172   8412884     68.19   3688264   4220320         0         0
09:02:01        70352     10612   8132892     99.87         0      2172   8412884     68.19   3688264   4220320         0         0
09:02:06        70352     10612   8132892     99.87         0      2172   8412884     68.19   3688264   4220320         0         0
09:02:11        70352     10612   8132892     99.87         0      2172   8412884     68.19   3688264   4220320         0         0
09:02:16        70352     10612   8132892     99.87         0      2172   8412884     68.19   3688264   4220320         0         0
09:02:21        70352     10612   8132892     99.87         0      2172   8412884     68.19   3688264   4220320         0         0
09:02:26        70352     10612   8132892     99.87         0      2172   8412884     68.19   3688264   4220320         0         0
09:02:31        70352     10612   8132892     99.87         0      2172   8412884     68.19   3688264   4220320         0         0
09:02:36        70352     10612   8132892     99.87         0      2172   8412884     68.19   3688384   4220324         0         0
09:02:41        70352     10612   8132892     99.87         0      2172   8412884     68.19   3688384   4220324         0         0
09:02:46        70352     10612   8132892     99.87         0      2172   8412884     68.19   3688384   4220324         0         0
09:02:51        70352     10612   8132892     99.87         0      2172   8412884     68.19   3688384   4220324         0         0
09:02:56        70352     10612   8132892     99.87         0      2172   8412884     68.19   3688384   4220324         0         0
09:03:01        70352     10612   8132892     99.87         0      2172   8412884     68.19   3688384   4220324         0         0
09:03:06        70352     10612   8132892     99.87         0      2172   8412884     68.19   3688384   4220324         0         0
09:03:11        70352     10612   8132892     99.87         0      2172   8412884     68.19   3688384   4220324         0         0
09:03:16        70352     10612   8132892     99.87         0      2172   8412884     68.19   3688384   4220324         0         0
09:03:21        70352     10612   8132892     99.87         0      2172   8412884     68.19   3688384   4220324         0         0
09:03:26        70352     10612   8132892     99.87         0      2172   8412884     68.19   3688504   4220328         0         0
09:03:31        70352     10612   8132892     99.87         0      2172   8412884     68.19   3688504   4220328         0         0
09:03:36        70352     10612   8132892     99.87         0      2172   8412884     68.19   3688504   4220328         0         0
09:03:41        70352     10612   8132892     99.87         0      2172   8412884     68.19   3688504   4220328         0         0
09:03:46        70352     10612   8132892     99.87         0      2172   8412884     68.19   3688504   4220328         0         0
09:03:51        70352     10612   8132892     99.87         0      2172   8412884     68.19   3688504   4220328         0         0
09:03:56        70352     10612   8132892     99.87         0      2172   8412884     68.19   3688504   4220328         0         0
09:04:01        70352     10612   8132892     99.87         0      2172   8412884     68.19   3688504   4220328         0         0
09:04:06        70352     10612   8132892     99.87         0      2172   8412884     68.19   3688504   4220328         0         0
09:04:11        70352     10612   8132892     99.87         0      2172   8412884     68.19   3688624   4220332         0         0
09:04:16        70352     10612   8132892     99.87         0      2172   8412884     68.19   3688624   4220332         0         0
09:04:21        70352     10612   8132892     99.87         0      2172   8412884     68.19   3688624   4220332         0         0
09:04:26        70352     10612   8132892     99.87         0      2172   8412884     68.19   3688624   4220332         0         0
09:04:31        70352     10612   8132892     99.87         0      2172   8412884     68.19   3688624   4220332         0         0
09:04:36        70352     10612   8132892     99.87         0      2172   8412884     68.19   3688624   4220332         0         0
09:04:41        70352     10612   8132892     99.87         0      2172   8412884     68.19   3688624   4220332         0         0
09:04:46        70352     10612   8132892     99.87         0      2172   8412884     68.19   3688624   4220332         0         0
09:04:51        70352     10612   8132892     99.87         0      2172   8412884     68.19   3688744   4220336         0         0
09:04:56        70352     10612   8132892     99.87         0      2172   8412884     68.19   3688744   4220336         0         0
09:05:01        70352     10612   8132892     99.87         0      2172   8412884     68.19   3688744   4220336         0         0
09:05:06        70352     10612   8132892     99.87         0      2172   8412884     68.19   3688744   4220336         0         0
09:05:11        70352     10612   8132892     99.87         0      2172   8412884     68.19   3688744   4220336         0         0
09:05:16        70352     10612   8132892     99.87         0      2172   8412884     68.19   3688744   4220336         0         0
09:05:21        70352     10612   8132892     99.87         0      2172   8412884     68.19   3688744   4220336         0         0
09:05:26        70352     10612   8132892     99.87         0      2172   8412884     68.19   3688744   4220336         0         0
09:05:31        70352     10612   8132892     99.87         0      2172   8412884     68.19   3688744   4220336         0         0
09:05:36        70352     10612   8132892     99.87         0      2172   8412884     68.19   3688744   4220336         0         0
09:05:41        70352     10612   8132892     99.87         0      2172   8412884     68.19   3688864   4220340         0         0
09:05:46        70352     10612   8132892     99.87         0      2172   8412884     68.19   3688864   4220340         0         0
09:05:51        70352     10612   8132892     99.87         0      2172   8412884     68.19   3688864   4220340         0         0
09:05:56        70352     10612   8132892     99.87         0      2172   8412884     68.19   3688864   4220340         0         0
09:06:01        70352     10612   8132892     99.87         0      2172   8412884     68.19   3688864   4220340         0         0
09:06:06        70352     10612   8132892     99.87         0      2172   8412884     68.19   3688864   4220340         0         0
09:06:11        70352     10612   8132892     99.87         0      2172   8412884     68.19   3688864   4220340         0         0
09:06:16        70352     10612   8132892     99.87         0      2172   8412884     68.19   3688984   4220344         0         0
09:06:21        70352     10612   8132892     99.87         0      2172   8412884     68.19   3688984   4220344         0         0
09:06:26        70352     10612   8132892     99.87         0      2172   8412884     68.19   3688984   4220344         0         0
09:06:31        70352     10612   8132892     99.87         0      2172   8412884     68.19   3688984   4220344         0         0
09:06:36        70352     10612   8132892     99.87         0      2172   8412884     68.19   3688984   4220344         0         0
09:06:41        70352     10612   8132892     99.87         0      2172   8412884     68.19   3688984   4220344         0         0
09:06:46        70352     10612   8132892     99.87         0      2172   8412884     68.19   3688984   4220344         0         0
09:06:51        70352     10612   8132892     99.87         0      2172   8412884     68.19   3688984   4220344         0         0
09:06:56        70352     10612   8132892     99.87         0      2172   8412884     68.19   3688984   4220344         0         0
09:07:01        70352     10612   8132892     99.87         0      2172   8412884     68.19   3689104   4220348         0         0
09:07:06        70352     10612   8132892     99.87         0      2172   8412884     68.19   3689104   4220348         0         0
09:07:11        70352     10612   8132892     99.87         0      2172   8412884     68.19   3689104   4220348         0         0
09:07:16        70352     10612   8132892     99.87         0      2172   8412884     68.19   3689104   4220348         0         0
09:07:21        70352     10612   8132892     99.87         0      2172   8412884     68.19   3689104   4220348         0         0
09:07:26        70352     10612   8132892     99.87         0      2172   8412884     68.19   3689104   4220348         0         0
09:07:31        70352     10612   8132892     99.87         0      2172   8412884     68.19   3689104   4220348         0         0
09:07:36        70352     10612   8132892     99.87         0      2172   8412884     68.19   3689104   4220348         0         0
09:07:41        70352     10612   8132892     99.87         0      2172   8412884     68.19   3689104   4220348         0         0
09:07:46        70352     10612   8132892     99.87         0      2172   8412884     68.19   3689104   4220348         0         0
09:07:51        70352     10612   8132892     99.87         0      2172   8412884     68.19   3689104   4220348         0         0
09:07:56        70352     10612   8132892     99.87         0      2172   8412884     68.19   3689104   4220348         0         0
09:08:01        70352     10612   8132892     99.87         0      2172   8412884     68.19   3689224   4220352         0         0
Average:       247507    201548   7941956     97.53         0      4261   8412888     68.19   2785014   4950631         0        23
