Linux 7.2.0-rc5-virtme (virtme-ng) 	08/02/26 	_x86_64_	(4 CPU)

21:27:30      %sio-10   %sio-60  %sio-300      %sio   %fio-10   %fio-60  %fio-300      %fio
21:27:35         0.36      0.09      0.01      0.00      0.24      0.06      0.01      0.00
21:27:40         0.24      0.08      0.01      0.03      0.16      0.05      0.01      0.00
21:27:45         0.13      0.07      0.01      0.02      0.08      0.05      0.01      0.00
21:27:50         0.08      0.07      0.01      0.01      0.05      0.04      0.00      0.00
21:27:55         0.04      0.06      0.01      0.00      0.03      0.04      0.00      0.00
21:28:00         0.03      0.05      0.01      0.00      0.02      0.03      0.00      0.00
21:28:05         0.01      0.05      0.01      0.00      0.01      0.03      0.00      0.00
21:28:10         0.01      0.04      0.01      0.00      0.00      0.03      0.00      0.00
21:28:15         0.00      0.04      0.00      0.00      0.00      0.02      0.00      0.00
21:28:20         0.00      0.04      0.00      0.00      0.00      0.02      0.00      0.00
21:28:25         0.00      0.03      0.00      0.00      0.00      0.02      0.00      0.00
21:28:30         0.00      0.03      0.00      0.00      0.00      0.02      0.00      0.00
21:28:35         0.00      0.02      0.00      0.00      0.00      0.01      0.00      0.00
21:28:40         0.00      0.02      0.00      0.00      0.00      0.01      0.00      0.00
21:28:45         0.00      0.02      0.00      0.00      0.00      0.01      0.00      0.00
21:28:50         0.00      0.02      0.00      0.00      0.00      0.01      0.00      0.00
21:28:55         0.00      0.01      0.00      0.00      0.00      0.01      0.00      0.00
21:29:00         0.00      0.01      0.00      0.00      0.00      0.01      0.00      0.00
21:29:05         0.00      0.01      0.00      0.00      0.00      0.00      0.00      0.00
21:29:10         0.00      0.01      0.00      0.00      0.00      0.00      0.00      0.00
21:29:15         0.00      0.01      0.00      0.00      0.00      0.00      0.00      0.00
21:29:20         0.00      0.01      0.00      0.00      0.00      0.00      0.00      0.00
21:29:25         0.00      0.00      0.00      0.00      0.00      0.00      0.00      0.00
21:29:30         0.00      0.00      0.00      0.00      0.00      0.00      0.00      0.00
21:29:35         0.00      0.00      0.00      0.00      0.00      0.00      0.00      0.00
21:29:40         0.00      0.00      0.00      0.00      0.00      0.00      0.00      0.00
21:29:45         0.00      0.00      0.00      0.00      0.00      0.00      0.00      0.00
21:29:50         0.00      0.00      0.00      0.00      0.00      0.00      0.00      0.00
21:29:55         0.00      0.00      0.00      0.00      0.00      0.00      0.00      0.00
21:30:00         0.00      0.00      0.00      0.00      0.00      0.00      0.00      0.00
21:30:05         0.00      0.00      0.00      0.00      0.00      0.00      0.00      0.00
21:30:10         0.00      0.00      0.00      0.00      0.00      0.00      0.00      0.00
21:30:15         0.00      0.00      0.00      0.00      0.00      0.00      0.00      0.00
21:30:20         0.00      0.00      0.00      0.00      0.00      0.00      0.00      0.00
21:30:25         0.00      0.00      0.00      0.00      0.00      0.00      0.00      0.00
21:30:30         0.00      0.00      0.00      0.00      0.00      0.00      0.00      0.00
21:30:35         0.00      0.00      0.00      0.00      0.00      0.00      0.00      0.00
21:30:40         0.00      0.00      0.00      0.00      0.00      0.00      0.00      0.00
21:30:45         0.00      0.00      0.00      0.00      0.00      0.00      0.00      0.00
21:30:50         0.00      0.00      0.00      0.00      0.00      0.00      0.00      0.00
21:30:55         0.00      0.00      0.00      0.00      0.00      0.00      0.00      0.00
21:31:00         0.00      0.00      0.00      0.00      0.00      0.00      0.00      0.00
21:31:05         0.00      0.00      0.00      0.01      0.00      0.00      0.00      0.01
21:31:10         0.00      0.00      0.00      0.00      0.00      0.00      0.00      0.00
21:31:15         0.00      0.00      0.00      0.00      0.00      0.00      0.00      0.00
21:31:20         0.00      0.00      0.00      0.00      0.00      0.00      0.00      0.00
21:31:25         0.00      0.00      0.00      0.00      0.00      0.00      0.00      0.00
21:31:30         0.00      0.00      0.00      0.01      0.00      0.00      0.00      0.01
21:31:35         0.00      0.00      0.00      0.01      0.00      0.00      0.00      0.01
21:31:40         0.00      0.00      0.00      0.00      0.00      0.00      0.00      0.00
21:31:45         0.00      0.00      0.00      0.00      0.00      0.00      0.00      0.00
21:31:50         0.00      0.00      0.00      0.01      0.00      0.00      0.00      0.01
21:31:55         0.00      0.00      0.00      0.00      0.00      0.00      0.00      0.00
21:32:00         0.00      0.00      0.00      0.00      0.00      0.00      0.00      0.00
21:32:05         0.00      0.00      0.00      0.00      0.00      0.00      0.00      0.00
21:32:10         0.00      0.00      0.00      0.00      0.00      0.00      0.00      0.00
21:32:15         0.00      0.00      0.00      0.00      0.00      0.00      0.00      0.00
21:32:20         0.00      0.00      0.00      0.00      0.00      0.00      0.00      0.00
21:32:25         0.00      0.00      0.00      0.00      0.00      0.00      0.00      0.00
21:32:30         0.00      0.00      0.00      0.00      0.00      0.00      0.00      0.00
21:32:35         0.00      0.00      0.00      0.00      0.00      0.00      0.00      0.00
21:32:40         0.00      0.00      0.00      0.00      0.00      0.00      0.00      0.00
21:32:45         0.00      0.00      0.00      0.00      0.00      0.00      0.00      0.00
21:32:50         0.00      0.00      0.00      0.00      0.00      0.00      0.00      0.00
21:32:55         0.00      0.00      0.00      0.00      0.00      0.00      0.00      0.00
21:33:00         0.00      0.00      0.00      0.00      0.00      0.00      0.00      0.00
21:33:05         0.00      0.00      0.00      0.00      0.00      0.00      0.00      0.00
21:33:10         0.00      0.00      0.00      0.00      0.00      0.00      0.00      0.00
21:33:15         0.00      0.00      0.00      0.00      0.00      0.00      0.00      0.00
21:33:20         0.00      0.00      0.00      0.00      0.00      0.00      0.00      0.00
21:33:25         0.00      0.00      0.00      0.00      0.00      0.00      0.00      0.00
21:33:30         0.00      0.00      0.00      0.00      0.00      0.00      0.00      0.00
21:33:35         0.00      0.00      0.00      0.00      0.00      0.00      0.00      0.00
21:33:40         0.00      0.00      0.00      0.00      0.00      0.00      0.00      0.00
21:33:45         0.00      0.00      0.00      0.00      0.00      0.00      0.00      0.00
21:33:50         0.00      0.00      0.00      0.01      0.00      0.00      0.00      0.01
21:33:55         0.00      0.00      0.00      0.01      0.00      0.00      0.00      0.01
21:34:00         0.00      0.00      0.00      0.00      0.00      0.00      0.00      0.00
21:34:05         0.00      0.00      0.00      0.01      0.00      0.00      0.00      0.01
21:34:10         0.00      0.00      0.00      0.01      0.00      0.00      0.00      0.01
21:34:15         0.00      0.00      0.00      0.00      0.00      0.00      0.00      0.00
21:34:20         0.00      0.00      0.00      0.00      0.00      0.00      0.00      0.00
21:34:25         0.00      0.00      0.00      0.01      0.00      0.00      0.00      0.01
21:34:30         0.00      0.00      0.00      0.00      0.00      0.00      0.00      0.00
21:34:35         0.00      0.00      0.00      0.00      0.00      0.00      0.00      0.00
21:34:40         0.00      0.00      0.00      0.00      0.00      0.00      0.00      0.00
21:34:45         0.00      0.00      0.00      0.00      0.00      0.00      0.00      0.00
21:34:50         0.00      0.00      0.00      0.00      0.00      0.00      0.00      0.00
21:34:55         0.00      0.00      0.00      0.00      0.00      0.00      0.00      0.00
21:35:00         0.00      0.00      0.00      0.00      0.00      0.00      0.00      0.00
21:35:05         0.00      0.00      0.00      0.01      0.00      0.00      0.00      0.01
21:35:10         0.00      0.00      0.00      0.00      0.00      0.00      0.00      0.00
21:35:15         0.00      0.00      0.00      0.00      0.00      0.00      0.00      0.00
21:35:20         0.00      0.00      0.00      0.01      0.00      0.00      0.00      0.01
21:35:25         0.00      0.00      0.00      0.01      0.00      0.00      0.00      0.01
21:35:30         0.00      0.00      0.00      0.00      0.00      0.00      0.00      0.00
21:35:35         0.00      0.00      0.00      0.01      0.00      0.00      0.00      0.01
21:35:40         0.00      0.00      0.00      0.00      0.00      0.00      0.00      0.00
21:35:45         0.00      0.00      0.00      0.00      0.00      0.00      0.00      0.00
21:35:50         0.00      0.00      0.00      0.00      0.00      0.00      0.00      0.00
21:35:55         0.00      0.00      0.00      0.01      0.00      0.00      0.00      0.01
21:36:00         0.00      0.00      0.00      0.01      0.00      0.00      0.00      0.01
21:36:05         0.00      0.00      0.00      0.00      0.00      0.00      0.00      0.00
21:36:10         0.00      0.00      0.00      0.01      0.00      0.00      0.00      0.01
21:36:15         0.00      0.00      0.00      0.01      0.00      0.00      0.00      0.01
21:36:20         0.00      0.00      0.00      0.00      0.00      0.00      0.00      0.00
21:36:25         0.00      0.00      0.00      0.00      0.00      0.00      0.00      0.00
21:36:30         0.00      0.00      0.00      0.01      0.00      0.00      0.00      0.01
21:36:35         0.00      0.00      0.00      0.01      0.00      0.00      0.00      0.01
21:36:40         0.00      0.00      0.00      0.01      0.00      0.00      0.00      0.01
21:36:45         0.00      0.00      0.00      0.01      0.00      0.00      0.00      0.01
21:36:50         0.00      0.00      0.00      0.01      0.00      0.00      0.00      0.01
21:36:55         0.00      0.00      0.00      0.01      0.00      0.00      0.00      0.01
21:37:00         0.00      0.00      0.00      0.01      0.00      0.00      0.00      0.01
21:37:05         0.00      0.00      0.00      0.01      0.00      0.00      0.00      0.01
21:37:10         0.00      0.00      0.00      0.01      0.00      0.00      0.00      0.01
21:37:15         0.00      0.00      0.00      0.01      0.00      0.00      0.00      0.01
21:37:20         0.00      0.00      0.00      0.01      0.00      0.00      0.00      0.01
21:37:25         0.00      0.00      0.00      0.01      0.00      0.00      0.00      0.01
21:37:30         0.00      0.00      0.00      0.01      0.00      0.00      0.00      0.01
21:37:35         0.00      0.00      0.00      0.01      0.00      0.00      0.00      0.01
21:37:40         0.00      0.00      0.00      0.01      0.00      0.00      0.00      0.01
21:37:45         0.00      0.00      0.00      0.01      0.00      0.00      0.00      0.01
21:37:50         0.00      0.00      0.00      0.01      0.00      0.00      0.00      0.01
21:37:55         0.00      0.00      0.00      0.01      0.00      0.00      0.00      0.01
21:38:00         0.00      0.00      0.00      0.01      0.00      0.00      0.00      0.01
21:38:05         0.00      0.00      0.00      0.01      0.00      0.00      0.00      0.01
21:38:10         0.00      0.00      0.00      0.01      0.00      0.00      0.00      0.01
21:38:15         0.00      0.00      0.00      0.01      0.00      0.00      0.00      0.01
21:38:20         0.00      0.00      0.00      0.01      0.00      0.00      0.00      0.01
21:38:25         0.00      0.00      0.00      0.01      0.00      0.00      0.00      0.01
21:38:30         0.00      0.00      0.00      0.01      0.00      0.00      0.00      0.01
21:38:35         0.00      0.00      0.00      0.01      0.00      0.00      0.00      0.01
21:38:40         0.00      0.00      0.00      0.01      0.00      0.00      0.00      0.01
21:38:45         0.00      0.00      0.00      0.01      0.00      0.00      0.00      0.01
21:38:50         0.00      0.00      0.00      0.01      0.00      0.00      0.00      0.01
21:38:55         0.00      0.00      0.00      0.01      0.00      0.00      0.00      0.01
21:39:00         0.00      0.00      0.00      0.01      0.00      0.00      0.00      0.01
21:39:05         0.00      0.00      0.00      0.01      0.00      0.00      0.00      0.01
21:39:10         0.00      0.00      0.00      0.02      0.00      0.00      0.00      0.02
21:39:15         0.00      0.00      0.00      0.02      0.00      0.00      0.00      0.02
21:39:20         0.00      0.00      0.00      0.01      0.00      0.00      0.00      0.01
21:39:25         0.00      0.00      0.00      0.01      0.00      0.00      0.00      0.01
21:39:30         0.00      0.00      0.00      0.01      0.00      0.00      0.00      0.01
21:39:35         0.00      0.00      0.00      0.01      0.00      0.00      0.00      0.01
21:39:40         0.00      0.00      0.00      0.01      0.00      0.00      0.00      0.01
21:39:45         0.00      0.00      0.00      0.01      0.00      0.00      0.00      0.01
21:39:50         0.00      0.00      0.00      0.01      0.00      0.00      0.00      0.01
21:39:55         0.00      0.00      0.00      0.01      0.00      0.00      0.00      0.01
21:40:00         0.00      0.00      0.00      0.02      0.00      0.00      0.00      0.02
21:40:05         0.00      0.00      0.00      0.02      0.00      0.00      0.00      0.02
21:40:10         0.00      0.00      0.00      0.01      0.00      0.00      0.00      0.01
21:40:15         0.00      0.00      0.00      0.01      0.00      0.00      0.00      0.01
21:40:20         0.00      0.00      0.00      0.01      0.00      0.00      0.00      0.01
21:40:25         0.00      0.00      0.00      0.01      0.00      0.00      0.00      0.01
21:40:30         0.00      0.00      0.00      0.01      0.00      0.00      0.00      0.01
21:40:35         0.00      0.00      0.00      0.01      0.00      0.00      0.00      0.01
21:40:40         0.00      0.00      0.00      0.01      0.00      0.00      0.00      0.01
21:40:45         0.00      0.00      0.00      0.01      0.00      0.00      0.00      0.01
21:40:50         0.00      0.00      0.00      0.01      0.00      0.00      0.00      0.01
21:40:55         0.00      0.00      0.00      0.02      0.00      0.00      0.00      0.02
21:41:00         0.00      0.00      0.00      0.02      0.00      0.00      0.00      0.02
21:41:05         0.00      0.00      0.00      0.01      0.00      0.00      0.00      0.01
21:41:10         0.00      0.00      0.00      0.01      0.00      0.00      0.00      0.01
21:41:15         0.00      0.00      0.00      0.01      0.00      0.00      0.00      0.01
21:41:20         0.00      0.00      0.00      0.01      0.00      0.00      0.00      0.01
21:41:25         0.00      0.00      0.00      0.02      0.00      0.00      0.00      0.02
21:41:30         0.00      0.00      0.00      0.01      0.00      0.00      0.00      0.01
21:41:35         0.00      0.00      0.00      0.01      0.00      0.00      0.00      0.01
21:41:40         0.00      0.00      0.00      0.00      0.00      0.00      0.00      0.00
21:41:45         0.00      0.00      0.00      0.02      0.00      0.00      0.00      0.02
21:41:50         0.00      0.00      0.00      0.01      0.00      0.00      0.00      0.01
21:41:55         0.00      0.00      0.00      0.02      0.00      0.00      0.00      0.02
21:42:00         0.00      0.00      0.00      0.01      0.00      0.00      0.00      0.01
21:42:05         0.00      0.00      0.00      0.00      0.00      0.00      0.00      0.00
21:42:10         0.00      0.00      0.00      0.02      0.00      0.00      0.00      0.02
21:42:15         0.00      0.00      0.00      0.01      0.00      0.00      0.00      0.01
21:42:20         0.00      0.00      0.00      0.01      0.00      0.00      0.00      0.01
21:42:25         0.00      0.00      0.00      0.01      0.00      0.00      0.00      0.01
21:42:30         0.00      0.00      0.00      0.02      0.00      0.00      0.00      0.02
21:42:35         0.00      0.00      0.00      0.01      0.00      0.00      0.00      0.01
21:42:40         0.00      0.00      0.00      0.01      0.00      0.00      0.00      0.01
21:42:45         0.00      0.00      0.00      0.01      0.00      0.00      0.00      0.01
21:42:50         0.00      0.00      0.00      0.01      0.00      0.00      0.00      0.01
21:42:55         0.00      0.00      0.00      0.01      0.00      0.00      0.00      0.01
21:43:00         0.00      0.00      0.00      0.01      0.00      0.00      0.00      0.01
21:43:05         0.00      0.00      0.00      0.01      0.00      0.00      0.00      0.01
21:43:10         0.00      0.00      0.00      0.02      0.00      0.00      0.00      0.02
21:43:15         0.00      0.00      0.00      0.02      0.00      0.00      0.00      0.02
21:43:20         0.00      0.00      0.00      0.01      0.00      0.00      0.00      0.01
21:43:25         0.00      0.00      0.00      0.01      0.00      0.00      0.00      0.01
21:43:30         0.00      0.00      0.00      0.01      0.00      0.00      0.00      0.01
21:43:35         0.00      0.00      0.00      0.01      0.00      0.00      0.00      0.01
21:43:40         0.00      0.00      0.00      0.01      0.00      0.00      0.00      0.01
21:43:45         0.00      0.00      0.00      0.01      0.00      0.00      0.00      0.01
21:43:50         0.00      0.00      0.00      0.01      0.00      0.00      0.00      0.01
21:43:55         0.00      0.00      0.00      0.01      0.00      0.00      0.00      0.01
21:44:00         0.00      0.00      0.00      0.01      0.00      0.00      0.00      0.01
21:44:05         0.00      0.00      0.00      0.01      0.00      0.00      0.00      0.01
21:44:10         0.00      0.00      0.00      0.01      0.00      0.00      0.00      0.01
21:44:15         0.00      0.00      0.00      0.02      0.00      0.00      0.00      0.02
21:44:20         0.00      0.00      0.00      0.01      0.00      0.00      0.00      0.01
21:44:25         0.00      0.00      0.00      0.01      0.00      0.00      0.00      0.01
21:44:30         0.00      0.00      0.00      0.01      0.00      0.00      0.00      0.01
21:44:35         0.00      0.00      0.00      0.01      0.00      0.00      0.00      0.01
21:44:40         0.00      0.00      0.00      0.02      0.00      0.00      0.00      0.02
21:44:45         0.00      0.00      0.00      0.01      0.00      0.00      0.00      0.01
21:44:50         0.00      0.00      0.00      0.02      0.00      0.00      0.00      0.02
21:44:55         0.00      0.00      0.00      0.02      0.00      0.00      0.00      0.02
21:45:00         0.00      0.00      0.00      0.01      0.00      0.00      0.00      0.01
21:45:05         0.00      0.00      0.00      0.01      0.00      0.00      0.00      0.01
21:45:10         0.00      0.00      0.00      0.01      0.00      0.00      0.00      0.01
21:45:15         0.00      0.00      0.00      0.02      0.00      0.00      0.00      0.02
21:45:20         0.00      0.00      0.00      0.01      0.00      0.00      0.00      0.01
21:45:25         0.00      0.00      0.00      0.02      0.00      0.00      0.00      0.02
21:45:30         0.00      0.00      0.00      0.01      0.00      0.00      0.00      0.01
21:45:35         0.00      0.00      0.00      0.00      0.00      0.00      0.00      0.00
21:45:40         0.00      0.00      0.00      0.01      0.00      0.00      0.00      0.01
21:45:45         0.00      0.00      0.00      0.02      0.00      0.00      0.00      0.02
21:45:50         0.00      0.00      0.00      0.01      0.00      0.00      0.00      0.01
21:45:55         0.00      0.00      0.00      0.01      0.00      0.00      0.00      0.01
21:46:00         0.00      0.00      0.00      0.02      0.00      0.00      0.00      0.02
21:46:05         0.00      0.00      0.00      0.01      0.00      0.00      0.00      0.01
21:46:10         0.00      0.00      0.00      0.01      0.00      0.00      0.00      0.01
21:46:15         0.00      0.00      0.00      0.02      0.00      0.00      0.00      0.02
21:46:20         0.00      0.00      0.00      0.01      0.00      0.00      0.00      0.01
21:46:25         0.00      0.00      0.00      0.01      0.00      0.00      0.00      0.01
21:46:30         0.00      0.00      0.00      0.01      0.00      0.00      0.00      0.01
21:46:35         0.00      0.00      0.00      0.00      0.00      0.00      0.00      0.00
21:46:40         0.00      0.00      0.00      0.01      0.00      0.00      0.00      0.01
21:46:45         0.00      0.00      0.00      0.01      0.00      0.00      0.00      0.01
21:46:50         0.00      0.00      0.00      0.02      0.00      0.00      0.00      0.02
21:46:55         0.00      0.00      0.00      0.04      0.00      0.00      0.00      0.04
21:47:00         0.00      0.00      0.00      0.01      0.00      0.00      0.00      0.01
21:47:05         0.00      0.00      0.00      0.00      0.00      0.00      0.00      0.00
21:47:10         0.00      0.00      0.00      0.02      0.00      0.00      0.00      0.02
21:47:15         0.00      0.00      0.00      0.01      0.00      0.00      0.00      0.01
21:47:20         0.00      0.00      0.00      0.01      0.00      0.00      0.00      0.01
21:47:25         0.00      0.00      0.00      0.01      0.00      0.00      0.00      0.01
21:47:30         0.00      0.00      0.00      0.02      0.00      0.00      0.00      0.02
21:47:35         0.00      0.00      0.00      0.02      0.00      0.00      0.00      0.02
21:47:40         0.00      0.00      0.00      0.01      0.00      0.00      0.00      0.01
21:47:45         0.00      0.00      0.00      0.02      0.00      0.00      0.00      0.02
21:47:50         0.00      0.00      0.00      0.01      0.00      0.00      0.00      0.01
21:47:55         0.00      0.00      0.00      0.01      0.00      0.00      0.00      0.01
21:48:00         0.00      0.00      0.00      0.01      0.00      0.00      0.00      0.01
21:48:05         0.00      0.00      0.00      0.01      0.00      0.00      0.00      0.01
21:48:10         0.00      0.00      0.00      0.01      0.00      0.00      0.00      0.01
21:48:15         0.00      0.00      0.00      0.01      0.00      0.00      0.00      0.01
21:48:20         0.00      0.00      0.00      0.01      0.00      0.00      0.00      0.01
21:48:25         0.00      0.00      0.00      0.01      0.00      0.00      0.00      0.01
21:48:30         0.00      0.00      0.00      0.00      0.00      0.00      0.00      0.00
21:48:35         0.00      0.00      0.00      0.01      0.00      0.00      0.00      0.01
21:48:40         0.00      0.00      0.00      0.00      0.00      0.00      0.00      0.00
21:48:45         0.00      0.00      0.00      0.02      0.00      0.00      0.00      0.02
21:48:50         0.00      0.00      0.00      0.00      0.00      0.00      0.00      0.00
21:48:55         0.00      0.00      0.00      0.02      0.00      0.00      0.00      0.02
21:49:00         0.00      0.00      0.00      0.02      0.00      0.00      0.00      0.01
21:49:05         0.00      0.00      0.00      0.01      0.00      0.00      0.00      0.01
21:49:10         0.00      0.00      0.00      0.01      0.00      0.00      0.00      0.01
21:49:15         0.00      0.00      0.00      0.01      0.00      0.00      0.00      0.01
21:49:20         0.00      0.00      0.00      0.01      0.00      0.00      0.00      0.01
21:49:25         0.00      0.00      0.00      0.01      0.00      0.00      0.00      0.01
21:49:30         0.00      0.00      0.00      0.01      0.00      0.00      0.00      0.01
21:49:35         0.00      0.00      0.00      0.01      0.00      0.00      0.00      0.01
21:49:40         0.00      0.00      0.00      0.01      0.00      0.00      0.00      0.01
21:49:45         0.00      0.00      0.00      0.01      0.00      0.00      0.00      0.01
21:49:50         0.00      0.00      0.00      0.01      0.00      0.00      0.00      0.01
21:49:55         0.00      0.00      0.00      0.01      0.00      0.00      0.00      0.01
21:50:00         0.00      0.00      0.00      0.01      0.00      0.00      0.00      0.01
21:50:05         0.00      0.00      0.00      0.01      0.00      0.00      0.00      0.01
21:50:10         0.00      0.00      0.00      0.02      0.00      0.00      0.00      0.01
21:50:15         0.00      0.00      0.00      0.01      0.00      0.00      0.00      0.01
21:50:20         0.00      0.00      0.00      0.01      0.00      0.00      0.00      0.01
21:50:25         0.00      0.00      0.00      0.01      0.00      0.00      0.00      0.01
21:50:30         0.00      0.00      0.00      0.01      0.00      0.00      0.00      0.01
21:50:35         0.00      0.00      0.00      0.01      0.00      0.00      0.00      0.01
21:50:40         0.00      0.00      0.00      0.02      0.00      0.00      0.00      0.01
21:50:45         0.00      0.00      0.00      0.01      0.00      0.00      0.00      0.01
21:50:50         0.00      0.00      0.00      0.01      0.00      0.00      0.00      0.01
21:50:55         0.00      0.00      0.00      0.01      0.00      0.00      0.00      0.01
21:51:00         0.00      0.00      0.00      0.01      0.00      0.00      0.00      0.01
21:51:05         0.00      0.00      0.00      0.01      0.00      0.00      0.00      0.01
21:51:10         0.00      0.00      0.00      0.01      0.00      0.00      0.00      0.01
21:51:15         0.00      0.00      0.00      0.01      0.00      0.00      0.00      0.01
21:51:20         0.00      0.00      0.00      0.01      0.00      0.00      0.00      0.01
21:51:25         0.00      0.00      0.00      0.01      0.00      0.00      0.00      0.01
21:51:30         0.00      0.00      0.00      0.01      0.00      0.00      0.00      0.01
21:51:35         0.00      0.00      0.00      0.01      0.00      0.00      0.00      0.01
21:51:40         0.00      0.00      0.00      0.01      0.00      0.00      0.00      0.01
21:51:45         0.00      0.00      0.00      0.00      0.00      0.00      0.00      0.00
21:51:50         0.00      0.00      0.00      0.01      0.00      0.00      0.00      0.01
21:51:55         0.00      0.00      0.00      0.01      0.00      0.00      0.00      0.01
21:52:00         0.00      0.00      0.00      0.00      0.00      0.00      0.00      0.00
21:52:05         0.00      0.00      0.00      0.01      0.00      0.00      0.00      0.01
21:52:10         0.00      0.00      0.00      0.01      0.00      0.00      0.00      0.01
21:52:15         0.00      0.00      0.00      0.01      0.00      0.00      0.00      0.01
21:52:20         0.00      0.00      0.00      0.01      0.00      0.00      0.00      0.01
21:52:25         0.00      0.00      0.00      0.01      0.00      0.00      0.00      0.01
21:52:30         0.00      0.00      0.00      0.01      0.00      0.00      0.00      0.01
21:52:35         0.00      0.00      0.00      0.01      0.00      0.00      0.00      0.01
21:52:40         0.00      0.00      0.00      0.01      0.00      0.00      0.00      0.01
21:52:45         0.00      0.00      0.00      0.01      0.00      0.00      0.00      0.01
21:52:50         0.00      0.00      0.00      0.01      0.00      0.00      0.00      0.01
21:52:55         0.00      0.00      0.00      0.01      0.00      0.00      0.00      0.01
21:53:00         0.00      0.00      0.00      0.01      0.00      0.00      0.00      0.01
21:53:05         0.00      0.00      0.00      0.01      0.00      0.00      0.00      0.01
21:53:10         0.00      0.00      0.00      0.01      0.00      0.00      0.00      0.01
21:53:15         0.00      0.00      0.00      0.01      0.00      0.00      0.00      0.01
21:53:20         0.00      0.00      0.00      0.01      0.00      0.00      0.00      0.01
21:53:25         0.00      0.00      0.00      0.01      0.00      0.00      0.00      0.01
21:53:30         0.00      0.00      0.00      0.01      0.00      0.00      0.00      0.01
21:53:35         0.00      0.00      0.00      0.01      0.00      0.00      0.00      0.01
21:53:40         0.00      0.00      0.00      0.01      0.00      0.00      0.00      0.01
21:53:45         0.00      0.00      0.00      0.01      0.00      0.00      0.00      0.01
21:53:50         0.00      0.00      0.00      0.01      0.00      0.00      0.00      0.01
21:53:55         0.00      0.00      0.00      0.01      0.00      0.00      0.00      0.01
21:54:00         0.00      0.00      0.00      0.01      0.00      0.00      0.00      0.01
21:54:05         0.00      0.00      0.00      0.01      0.00      0.00      0.00      0.01
21:54:10         0.00      0.00      0.00      0.01      0.00      0.00      0.00      0.01
21:54:15         0.00      0.00      0.00      0.01      0.00      0.00      0.00      0.01
21:54:20         0.00      0.00      0.00      0.01      0.00      0.00      0.00      0.01
21:54:25         0.00      0.00      0.00      0.01      0.00      0.00      0.00      0.01
21:54:30         0.00      0.00      0.00      0.01      0.00      0.00      0.00      0.01
21:54:35         0.00      0.00      0.00      0.01      0.00      0.00      0.00      0.01
21:54:40         0.00      0.00      0.00      0.01      0.00      0.00      0.00      0.01
21:54:45         0.00      0.00      0.00      0.01      0.00      0.00      0.00      0.01
21:54:50         0.00      0.00      0.00      0.01      0.00      0.00      0.00      0.01
21:54:55         0.00      0.00      0.00      0.01      0.00      0.00      0.00      0.01
21:55:00         0.00      0.00      0.00      0.00      0.00      0.00      0.00      0.00
21:55:05         0.00      0.00      0.00      0.01      0.00      0.00      0.00      0.01
21:55:10         0.00      0.00      0.00      0.00      0.00      0.00      0.00      0.00
21:55:15         0.00      0.00      0.00      0.00      0.00      0.00      0.00      0.00
21:55:20         0.00      0.00      0.00      0.00      0.00      0.00      0.00      0.00
21:55:25         0.00      0.00      0.00      0.01      0.00      0.00      0.00      0.01
21:55:30         0.00      0.00      0.00      0.01      0.00      0.00      0.00      0.01
21:55:35         0.00      0.00      0.00      0.01      0.00      0.00      0.00      0.01
21:55:40         0.00      0.00      0.00      0.01      0.00      0.00      0.00      0.01
21:55:45         0.00      0.00      0.00      0.01      0.00      0.00      0.00      0.01
21:55:50         0.00      0.00      0.00      0.01      0.00      0.00      0.00      0.01
21:55:55         0.00      0.00      0.00      0.01      0.00      0.00      0.00      0.01
21:56:00         0.00      0.00      0.00      0.01      0.00      0.00      0.00      0.01
21:56:05         0.00      0.00      0.00      0.01      0.00      0.00      0.00      0.01
21:56:10         0.00      0.00      0.00      0.06      0.00      0.00      0.00      0.06
21:56:15         0.00      0.00      0.00      0.01      0.00      0.00      0.00      0.01
21:56:20         0.00      0.00      0.00      0.01      0.00      0.00      0.00      0.01
21:56:25         0.00      0.00      0.00      0.01      0.00      0.00      0.00      0.01
21:56:30         0.00      0.00      0.00      0.01      0.00      0.00      0.00      0.01
21:56:35         0.00      0.00      0.00      0.01      0.00      0.00      0.00      0.01
21:56:40         0.00      0.00      0.00      0.01      0.00      0.00      0.00      0.00
21:56:45         0.00      0.00      0.00      0.01      0.00      0.00      0.00      0.01
21:56:50         0.00      0.00      0.00      0.01      0.00      0.00      0.00      0.01
21:56:55         0.00      0.00      0.00      0.01      0.00      0.00      0.00      0.01
21:57:00         0.00      0.00      0.00      0.01      0.00      0.00      0.00      0.01
21:57:05         0.00      0.00      0.00      0.01      0.00      0.00      0.00      0.00
21:57:10         0.00      0.00      0.00      0.01      0.00      0.00      0.00      0.01
21:57:15         0.00      0.00      0.00      0.01      0.00      0.00      0.00      0.01
21:57:20         0.00      0.00      0.00      0.01      0.00      0.00      0.00      0.01
21:57:25         0.00      0.00      0.00      0.01      0.00      0.00      0.00      0.01
21:57:30         0.00      0.00      0.00      0.01      0.00      0.00      0.00      0.01
21:57:35         0.00      0.00      0.00      0.01      0.00      0.00      0.00      0.01
21:57:40         0.00      0.00      0.00      0.01      0.00      0.00      0.00      0.01
21:57:45         0.00      0.00      0.00      0.01      0.00      0.00      0.00      0.01
21:57:50         0.00      0.00      0.00      0.01      0.00      0.00      0.00      0.01
21:57:55         0.00      0.00      0.00      0.01      0.00      0.00      0.00      0.01
21:58:00         0.00      0.00      0.00      0.01      0.00      0.00      0.00      0.01
21:58:05         0.00      0.00      0.00      0.01      0.00      0.00      0.00      0.01
21:58:10         0.00      0.00      0.00      0.00      0.00      0.00      0.00      0.00
21:58:15         0.00      0.00      0.00      0.01      0.00      0.00      0.00      0.01
21:58:20         0.00      0.00      0.00      0.00      0.00      0.00      0.00      0.00
21:58:25         0.00      0.00      0.00      0.01      0.00      0.00      0.00      0.01
21:58:30         0.00      0.00      0.00      0.01      0.00      0.00      0.00      0.01
21:58:35         0.00      0.00      0.00      0.01      0.00      0.00      0.00      0.01
21:58:40         0.00      0.00      0.00      0.01      0.00      0.00      0.00      0.01
21:58:45         0.00      0.00      0.00      0.01      0.00      0.00      0.00      0.01
21:58:50         0.00      0.00      0.00      0.01      0.00      0.00      0.00      0.01
21:58:55         0.00      0.00      0.00      0.01      0.00      0.00      0.00      0.01
21:59:00         0.00      0.00      0.00      0.01      0.00      0.00      0.00      0.01
21:59:05         0.00      0.00      0.00      0.01      0.00      0.00      0.00      0.01
21:59:10         0.00      0.00      0.00      0.01      0.00      0.00      0.00      0.01
21:59:15         0.00      0.00      0.00      0.01      0.00      0.00      0.00      0.01
21:59:20         0.00      0.00      0.00      0.01      0.00      0.00      0.00      0.01
21:59:25         0.00      0.00      0.00      0.01      0.00      0.00      0.00      0.01
21:59:30         0.00      0.00      0.00      0.01      0.00      0.00      0.00      0.01
21:59:35         0.00      0.00      0.00      0.01      0.00      0.00      0.00      0.01
21:59:40         0.00      0.00      0.00      0.01      0.00      0.00      0.00      0.01
21:59:45         0.00      0.00      0.00      0.01      0.00      0.00      0.00      0.01
21:59:50         0.00      0.00      0.00      0.01      0.00      0.00      0.00      0.01
21:59:55         0.00      0.00      0.00      0.01      0.00      0.00      0.00      0.01
22:00:00         0.00      0.00      0.00      0.01      0.00      0.00      0.00      0.01
22:00:05         0.00      0.00      0.00      0.01      0.00      0.00      0.00      0.01
22:00:10         0.00      0.00      0.00      0.01      0.00      0.00      0.00      0.01
22:00:15         0.00      0.00      0.00      0.01      0.00      0.00      0.00      0.01
22:00:20         0.00      0.00      0.00      0.01      0.00      0.00      0.00      0.01
22:00:25         0.00      0.00      0.00      0.01      0.00      0.00      0.00      0.01
22:00:30         0.00      0.00      0.00      0.01      0.00      0.00      0.00      0.01
22:00:35         0.00      0.00      0.00      0.01      0.00      0.00      0.00      0.01
22:00:40         0.00      0.00      0.00      0.01      0.00      0.00      0.00      0.01
22:00:45         0.00      0.00      0.00      0.01      0.00      0.00      0.00      0.01
22:00:50         0.00      0.00      0.00      0.01      0.00      0.00      0.00      0.01
22:00:55         0.00      0.00      0.00      0.01      0.00      0.00      0.00      0.01
22:01:00         0.00      0.00      0.00      0.00      0.00      0.00      0.00      0.00
22:01:05         0.00      0.00      0.00      0.01      0.00      0.00      0.00      0.01
22:01:10         0.00      0.00      0.00      0.01      0.00      0.00      0.00      0.01
22:01:15         0.00      0.00      0.00      0.01      0.00      0.00      0.00      0.01
22:01:20         0.00      0.00      0.00      0.01      0.00      0.00      0.00      0.01
22:01:25         0.00      0.00      0.00      0.01      0.00      0.00      0.00      0.01
22:01:30         0.00      0.00      0.00      0.01      0.00      0.00      0.00      0.01
22:01:35         0.00      0.00      0.00      0.01      0.00      0.00      0.00      0.01
22:01:40         0.00      0.00      0.00      0.00      0.00      0.00      0.00      0.00
22:01:45         0.00      0.00      0.00      0.01      0.00      0.00      0.00      0.01
22:01:50         0.00      0.00      0.00      0.01      0.00      0.00      0.00      0.01
22:01:55         0.00      0.00      0.00      0.01      0.00      0.00      0.00      0.01
22:02:00         0.00      0.00      0.00      0.01      0.00      0.00      0.00      0.01
22:02:05         0.00      0.00      0.00      0.01      0.00      0.00      0.00      0.01
22:02:10         0.00      0.00      0.00      0.01      0.00      0.00      0.00      0.01
22:02:15         0.00      0.00      0.00      0.01      0.00      0.00      0.00      0.01
22:02:20         0.00      0.00      0.00      0.01      0.00      0.00      0.00      0.01
22:02:25         0.00      0.00      0.00      0.01      0.00      0.00      0.00      0.01
22:02:30         0.00      0.00      0.00      0.01      0.00      0.00      0.00      0.01
22:02:35         0.00      0.00      0.00      0.01      0.00      0.00      0.00      0.01
22:02:40         0.00      0.00      0.00      0.01      0.00      0.00      0.00      0.01
22:02:45         0.00      0.00      0.00      0.01      0.00      0.00      0.00      0.01
22:02:50         0.00      0.00      0.00      0.01      0.00      0.00      0.00      0.01
22:02:55         0.00      0.00      0.00      0.01      0.00      0.00      0.00      0.01
22:03:00         0.00      0.00      0.00      0.01      0.00      0.00      0.00      0.01
22:03:05         0.00      0.00      0.00      0.01      0.00      0.00      0.00      0.01
22:03:10         0.00      0.00      0.00      0.01      0.00      0.00      0.00      0.01
22:03:15         0.00      0.00      0.00      0.01      0.00      0.00      0.00      0.01
22:03:20         0.00      0.00      0.00      0.01      0.00      0.00      0.00      0.01
22:03:25         0.00      0.00      0.00      0.01      0.00      0.00      0.00      0.01
22:03:30         0.00      0.00      0.00      0.01      0.00      0.00      0.00      0.01
22:03:35         0.00      0.00      0.00      0.01      0.00      0.00      0.00      0.01
22:03:40         0.00      0.00      0.00      0.01      0.00      0.00      0.00      0.01
22:03:45         0.00      0.00      0.00      0.02      0.00      0.00      0.00      0.02
22:03:50         0.00      0.00      0.00      0.01      0.00      0.00      0.00      0.01
22:03:55         0.00      0.00      0.00      0.01      0.00      0.00      0.00      0.01
22:04:00         0.00      0.00      0.00      0.01      0.00      0.00      0.00      0.01
22:04:05         0.00      0.00      0.00      0.01      0.00      0.00      0.00      0.01
22:04:10         0.00      0.00      0.00      0.01      0.00      0.00      0.00      0.01
22:04:15         0.00      0.00      0.00      0.01      0.00      0.00      0.00      0.01
22:04:20         0.00      0.00      0.00      0.00      0.00      0.00      0.00      0.00
22:04:25         0.00      0.00      0.00      0.02      0.00      0.00      0.00      0.01
22:04:30         0.00      0.00      0.00      0.01      0.00      0.00      0.00      0.01
22:04:35         0.00      0.00      0.00      0.01      0.00      0.00      0.00      0.01
22:04:40         0.00      0.00      0.00      0.01      0.00      0.00      0.00      0.01
22:04:45         0.00      0.00      0.00      0.01      0.00      0.00      0.00      0.01
22:04:50         0.00      0.00      0.00      0.01      0.00      0.00      0.00      0.01
22:04:55         0.00      0.00      0.00      0.01      0.00      0.00      0.00      0.01
22:05:00         0.00      0.00      0.00      0.01      0.00      0.00      0.00      0.01
22:05:05         0.00      0.00      0.00      0.01      0.00      0.00      0.00      0.01
22:05:10         0.00      0.00      0.00      0.01      0.00      0.00      0.00      0.01
22:05:15         0.00      0.00      0.00      0.00      0.00      0.00      0.00      0.00
22:05:20         0.00      0.00      0.00      0.01      0.00      0.00      0.00      0.01
22:05:25         0.00      0.00      0.00      0.01      0.00      0.00      0.00      0.01
22:05:30         0.00      0.00      0.00      0.01      0.00      0.00      0.00      0.01
22:05:35         0.00      0.00      0.00      0.01      0.00      0.00      0.00      0.01
22:05:40         0.00      0.00      0.00      0.01      0.00      0.00      0.00      0.01
22:05:45         0.00      0.00      0.00      0.01      0.00      0.00      0.00      0.01
22:05:50         0.00      0.00      0.00      0.01      0.00      0.00      0.00      0.01
22:05:55         0.00      0.00      0.00      0.00      0.00      0.00      0.00      0.00
22:06:00         0.00      0.00      0.00      0.01      0.00      0.00      0.00      0.01
22:06:05         0.00      0.00      0.00      0.01      0.00      0.00      0.00      0.01
22:06:10         0.00      0.00      0.00      0.01      0.00      0.00      0.00      0.01
22:06:15         0.00      0.00      0.00      0.01      0.00      0.00      0.00      0.01
22:06:20         0.00      0.00      0.00      0.01      0.00      0.00      0.00      0.01
22:06:25         0.00      0.00      0.00      0.01      0.00      0.00      0.00      0.01
22:06:30         0.00      0.00      0.00      0.01      0.00      0.00      0.00      0.01
22:06:35         0.00      0.00      0.00      0.01      0.00      0.00      0.00      0.01
22:06:40         0.00      0.00      0.00      0.01      0.00      0.00      0.00      0.01
22:06:45         0.00      0.00      0.00      0.01      0.00      0.00      0.00      0.01
22:06:50         0.00      0.00      0.00      0.01      0.00      0.00      0.00      0.01
22:06:55         0.00      0.00      0.00      0.01      0.00      0.00      0.00      0.01
22:07:00         0.00      0.00      0.00      0.01      0.00      0.00      0.00      0.01
22:07:05         0.00      0.00      0.00      0.01      0.00      0.00      0.00      0.01
22:07:10         0.00      0.00      0.00      0.01      0.00      0.00      0.00      0.01
22:07:15         0.00      0.00      0.00      0.01      0.00      0.00      0.00      0.01
22:07:20         0.00      0.00      0.00      0.01      0.00      0.00      0.00      0.01
22:07:25         0.00      0.00      0.00      0.01      0.00      0.00      0.00      0.01
22:07:30         0.00      0.00      0.00      0.01      0.00      0.00      0.00      0.01
22:07:35         0.00      0.00      0.00      0.01      0.00      0.00      0.00      0.01
22:07:40         0.00      0.00      0.00      0.01      0.00      0.00      0.00      0.01
22:07:45         0.00      0.00      0.00      0.01      0.00      0.00      0.00      0.01
22:07:50         0.00      0.00      0.00      0.01      0.00      0.00      0.00      0.01
22:07:55         0.00      0.00      0.00      0.01      0.00      0.00      0.00      0.01
22:08:00         0.00      0.00      0.00      0.01      0.00      0.00      0.00      0.01
22:08:05         0.00      0.00      0.00      0.01      0.00      0.00      0.00      0.01
22:08:10         0.00      0.00      0.00      0.01      0.00      0.00      0.00      0.01
22:08:15         0.00      0.00      0.00      0.01      0.00      0.00      0.00      0.01
22:08:20         0.00      0.00      0.00      0.01      0.00      0.00      0.00      0.01
22:08:25         0.00      0.00      0.00      0.01      0.00      0.00      0.00      0.01
22:08:30         0.00      0.00      0.00      0.01      0.00      0.00      0.00      0.01
22:08:35         0.00      0.00      0.00      0.01      0.00      0.00      0.00      0.01
22:08:40         0.00      0.00      0.00      0.01      0.00      0.00      0.00      0.01
22:08:45         0.00      0.00      0.00      0.01      0.00      0.00      0.00      0.01
22:08:50         0.00      0.00      0.00      0.01      0.00      0.00      0.00      0.01
22:08:55         0.00      0.00      0.00      0.01      0.00      0.00      0.00      0.01
22:09:00         0.00      0.00      0.00      0.01      0.00      0.00      0.00      0.01
22:09:05         0.00      0.00      0.00      0.01      0.00      0.00      0.00      0.01
22:09:10         0.00      0.00      0.00      0.01      0.00      0.00      0.00      0.01
22:09:15         0.00      0.00      0.00      0.01      0.00      0.00      0.00      0.01
22:09:20         0.00      0.00      0.00      0.01      0.00      0.00      0.00      0.01
22:09:25         0.00      0.00      0.00      0.01      0.00      0.00      0.00      0.01
22:09:30         0.00      0.00      0.00      0.01      0.00      0.00      0.00      0.01
22:09:35         0.00      0.00      0.00      0.01      0.00      0.00      0.00      0.01
22:09:40         0.00      0.00      0.00      0.01      0.00      0.00      0.00      0.01
22:09:45         0.00      0.00      0.00      0.01      0.00      0.00      0.00      0.01
22:09:50         0.00      0.00      0.00      0.01      0.00      0.00      0.00      0.01
22:09:55         0.00      0.00      0.00      0.01      0.00      0.00      0.00      0.01
22:10:00         0.00      0.00      0.00      0.01      0.00      0.00      0.00      0.01
22:10:05         0.00      0.00      0.00      0.01      0.00      0.00      0.00      0.01
22:10:10         0.00      0.00      0.00      0.01      0.00      0.00      0.00      0.01
22:10:15         0.00      0.00      0.00      0.01      0.00      0.00      0.00      0.01
22:10:20         0.00      0.00      0.00      0.00      0.00      0.00      0.00      0.00
22:10:25         0.00      0.00      0.00      0.01      0.00      0.00      0.00      0.01
22:10:30         0.00      0.00      0.00      0.01      0.00      0.00      0.00      0.01
22:10:35         0.00      0.00      0.00      0.01      0.00      0.00      0.00      0.01
22:10:40         0.00      0.00      0.00      0.01      0.00      0.00      0.00      0.01
22:10:45         0.00      0.00      0.00      0.01      0.00      0.00      0.00      0.01
22:10:50         0.00      0.00      0.00      0.01      0.00      0.00      0.00      0.01
22:10:55         0.00      0.00      0.00      0.01      0.00      0.00      0.00      0.01
22:11:00         0.00      0.00      0.00      0.01      0.00      0.00      0.00      0.01
22:11:05         0.00      0.00      0.00      0.00      0.00      0.00      0.00      0.00
22:11:10         0.00      0.00      0.00      0.01      0.00      0.00      0.00      0.01
22:11:15         0.00      0.00      0.00      0.01      0.00      0.00      0.00      0.01
22:11:20         0.00      0.00      0.00      0.01      0.00      0.00      0.00      0.01
22:11:25         0.00      0.00      0.00      0.01      0.00      0.00      0.00      0.01
22:11:30         0.00      0.00      0.00      0.01      0.00      0.00      0.00      0.01
22:11:35         0.00      0.00      0.00      0.01      0.00      0.00      0.00      0.01
22:11:40         0.00      0.00      0.00      0.01      0.00      0.00      0.00      0.01
22:11:45         0.00      0.00      0.00      0.01      0.00      0.00      0.00      0.01
22:11:50         0.00      0.00      0.00      0.01      0.00      0.00      0.00      0.01
22:11:55         0.00      0.00      0.00      0.01      0.00      0.00      0.00      0.01
22:12:00         0.00      0.00      0.00      0.00      0.00      0.00      0.00      0.00
22:12:05         0.00      0.00      0.00      0.01      0.00      0.00      0.00      0.01
22:12:10         0.00      0.00      0.00      0.01      0.00      0.00      0.00      0.01
22:12:15         0.00      0.00      0.00      0.01      0.00      0.00      0.00      0.01
22:12:20         0.00      0.00      0.00      0.01      0.00      0.00      0.00      0.01
22:12:25         0.00      0.00      0.00      0.01      0.00      0.00      0.00      0.01
22:12:30         0.00      0.00      0.00      0.01      0.00      0.00      0.00      0.01
22:12:35         0.00      0.00      0.00      0.01      0.00      0.00      0.00      0.01
22:12:40         0.00      0.00      0.00      0.01      0.00      0.00      0.00      0.01
22:12:45         0.00      0.00      0.00      0.01      0.00      0.00      0.00      0.01
22:12:50         0.00      0.00      0.00      0.01      0.00      0.00      0.00      0.01
22:12:55         0.00      0.00      0.00      0.01      0.00      0.00      0.00      0.01
22:13:00         0.00      0.00      0.00      0.01      0.00      0.00      0.00      0.01
22:13:05         0.00      0.00      0.00      0.01      0.00      0.00      0.00      0.01
22:13:10         0.00      0.00      0.00      0.00      0.00      0.00      0.00      0.00
22:13:15         0.00      0.00      0.00      0.01      0.00      0.00      0.00      0.01
22:13:20         0.00      0.00      0.00      0.00      0.00      0.00      0.00      0.00
22:13:25         0.00      0.00      0.00      0.01      0.00      0.00      0.00      0.01
22:13:30         0.00      0.00      0.00      0.01      0.00      0.00      0.00      0.01
22:13:35         0.00      0.00      0.00      0.01      0.00      0.00      0.00      0.01
22:13:40         0.00      0.00      0.00      0.01      0.00      0.00      0.00      0.01
22:13:45         0.00      0.00      0.00      0.01      0.00      0.00      0.00      0.01
22:13:50         0.00      0.00      0.00      0.01      0.00      0.00      0.00      0.01
22:13:55         0.00      0.00      0.00      0.01      0.00      0.00      0.00      0.01
22:14:00         0.00      0.00      0.00      0.01      0.00      0.00      0.00      0.01
22:14:05         0.00      0.00      0.00      0.01      0.00      0.00      0.00      0.01
22:14:10         0.00      0.00      0.00      0.01      0.00      0.00      0.00      0.01
22:14:15         0.00      0.00      0.00      0.01      0.00      0.00      0.00      0.01
22:14:20         0.00      0.00      0.00      0.00      0.00      0.00      0.00      0.00
22:14:25         0.00      0.00      0.00      0.01      0.00      0.00      0.00      0.01
22:14:30         0.00      0.00      0.00      0.01      0.00      0.00      0.00      0.01
22:14:35         0.00      0.00      0.00      0.00      0.00      0.00      0.00      0.00
22:14:40         0.00      0.00      0.00      0.01      0.00      0.00      0.00      0.01
22:14:45         0.00      0.00      0.00      0.01      0.00      0.00      0.00      0.01
22:14:50         0.00      0.00      0.00      0.01      0.00      0.00      0.00      0.01
22:14:55         0.00      0.00      0.00      0.00      0.00      0.00      0.00      0.00
22:15:00         0.00      0.00      0.00      0.01      0.00      0.00      0.00      0.01
22:15:05         0.00      0.00      0.00      0.01      0.00      0.00      0.00      0.01
22:15:10         0.00      0.00      0.00      0.00      0.00      0.00      0.00      0.00
22:15:15         0.00      0.00      0.00      0.01      0.00      0.00      0.00      0.01
22:15:20         0.00      0.00      0.00      0.00      0.00      0.00      0.00      0.00
22:15:25         0.00      0.00      0.00      0.01      0.00      0.00      0.00      0.01
22:15:30         0.00      0.00      0.00      0.01      0.00      0.00      0.00      0.01
22:15:35         0.00      0.00      0.00      0.01      0.00      0.00      0.00      0.01
22:15:40         0.00      0.00      0.00      0.01      0.00      0.00      0.00      0.01
22:15:45         0.00      0.00      0.00      0.01      0.00      0.00      0.00      0.01
22:15:50         0.00      0.00      0.00      0.01      0.00      0.00      0.00      0.01
22:15:55         0.00      0.00      0.00      0.01      0.00      0.00      0.00      0.01
22:16:00         0.00      0.00      0.00      0.01      0.00      0.00      0.00      0.01
22:16:05         0.00      0.00      0.00      0.01      0.00      0.00      0.00      0.01
22:16:10         0.00      0.00      0.00      0.01      0.00      0.00      0.00      0.01
22:16:15         0.00      0.00      0.00      0.01      0.00      0.00      0.00      0.01
22:16:20         0.00      0.00      0.00      0.01      0.00      0.00      0.00      0.01
22:16:25         0.00      0.00      0.00      0.01      0.00      0.00      0.00      0.01
22:16:30         0.00      0.00      0.00      0.01      0.00      0.00      0.00      0.01
22:16:35         0.00      0.00      0.00      0.01      0.00      0.00      0.00      0.01
22:16:40         0.00      0.00      0.00      0.01      0.00      0.00      0.00      0.01
22:16:45         0.00      0.00      0.00      0.01      0.00      0.00      0.00      0.01
22:16:50         0.00      0.00      0.00      0.01      0.00      0.00      0.00      0.01
22:16:55         0.00      0.00      0.00      0.01      0.00      0.00      0.00      0.01
22:17:00         0.00      0.00      0.00      0.01      0.00      0.00      0.00      0.01
22:17:05         0.00      0.00      0.00      0.01      0.00      0.00      0.00      0.01
22:17:10         0.00      0.00      0.00      0.01      0.00      0.00      0.00      0.01
22:17:15         0.00      0.00      0.00      0.01      0.00      0.00      0.00      0.01
22:17:20         0.00      0.00      0.00      0.01      0.00      0.00      0.00      0.01
22:17:25         0.00      0.00      0.00      0.01      0.00      0.00      0.00      0.01
22:17:30         0.00      0.00      0.00      0.01      0.00      0.00      0.00      0.01
22:17:35         0.00      0.00      0.00      0.01      0.00      0.00      0.00      0.01
22:17:40         0.00      0.00      0.00      0.01      0.00      0.00      0.00      0.01
22:17:45         0.00      0.00      0.00      0.01      0.00      0.00      0.00      0.01
22:17:50         0.00      0.00      0.00      0.01      0.00      0.00      0.00      0.01
22:17:55         0.00      0.00      0.00      0.01      0.00      0.00      0.00      0.01
22:18:00         0.00      0.00      0.00      0.01      0.00      0.00      0.00      0.01
22:18:05         0.00      0.00      0.00      0.01      0.00      0.00      0.00      0.01
22:18:10         0.00      0.00      0.00      0.01      0.00      0.00      0.00      0.01
22:18:15         0.00      0.00      0.00      0.01      0.00      0.00      0.00      0.01
22:18:20         0.00      0.00      0.00      0.00      0.00      0.00      0.00      0.00
22:18:25         0.00      0.00      0.00      0.01      0.00      0.00      0.00      0.01
22:18:30         0.00      0.00      0.00      0.01      0.00      0.00      0.00      0.01
22:18:35         0.00      0.00      0.00      0.00      0.00      0.00      0.00      0.00
22:18:40         0.00      0.00      0.00      0.00      0.00      0.00      0.00      0.00
22:18:45         0.00      0.00      0.00      0.01      0.00      0.00      0.00      0.01
22:18:50         0.00      0.00      0.00      0.01      0.00      0.00      0.00      0.01
22:18:55         0.00      0.00      0.00      0.01      0.00      0.00      0.00      0.01
22:19:00         0.00      0.00      0.00      0.01      0.00      0.00      0.00      0.01
22:19:05         0.00      0.00      0.00      0.01      0.00      0.00      0.00      0.01
22:19:10         0.00      0.00      0.00      0.01      0.00      0.00      0.00      0.01
22:19:15         0.00      0.00      0.00      0.01      0.00      0.00      0.00      0.01
22:19:20         0.00      0.00      0.00      0.01      0.00      0.00      0.00      0.01
22:19:25         0.00      0.00      0.00      0.01      0.00      0.00      0.00      0.01
22:19:30         0.00      0.00      0.00      0.01      0.00      0.00      0.00      0.01
22:19:35         0.00      0.00      0.00      0.00      0.00      0.00      0.00      0.00
22:19:40         0.00      0.00      0.00      0.01      0.00      0.00      0.00      0.01
22:19:45         0.00      0.00      0.00      0.01      0.00      0.00      0.00      0.01
22:19:50         0.00      0.00      0.00      0.01      0.00      0.00      0.00      0.01
22:19:55         0.00      0.00      0.00      0.00      0.00      0.00      0.00      0.00
22:20:00         0.00      0.00      0.00      0.01      0.00      0.00      0.00      0.01
22:20:05         0.00      0.00      0.00      0.01      0.00      0.00      0.00      0.01
22:20:10         0.00      0.00      0.00      0.01      0.00      0.00      0.00      0.01
22:20:15         0.00      0.00      0.00      0.01      0.00      0.00      0.00      0.01
22:20:20         0.00      0.00      0.00      0.01      0.00      0.00      0.00      0.01
22:20:25         0.00      0.00      0.00      0.01      0.00      0.00      0.00      0.01
22:20:30         0.00      0.00      0.00      0.01      0.00      0.00      0.00      0.01
22:20:35         0.00      0.00      0.00      0.01      0.00      0.00      0.00      0.01
22:20:40         0.00      0.00      0.00      0.01      0.00      0.00      0.00      0.01
22:20:45         0.00      0.00      0.00      0.01      0.00      0.00      0.00      0.01
22:20:50         0.00      0.00      0.00      0.01      0.00      0.00      0.00      0.01
22:20:55         0.00      0.00      0.00      0.01      0.00      0.00      0.00      0.01
22:21:00         0.00      0.00      0.00      0.01      0.00      0.00      0.00      0.01
22:21:05         0.00      0.00      0.00      0.01      0.00      0.00      0.00      0.01
22:21:10         0.00      0.00      0.00      0.01      0.00      0.00      0.00      0.01
22:21:15         0.00      0.00      0.00      0.01      0.00      0.00      0.00      0.01
22:21:20         0.00      0.00      0.00      0.01      0.00      0.00      0.00      0.01
22:21:25         0.00      0.00      0.00      0.01      0.00      0.00      0.00      0.01
22:21:30         0.00      0.00      0.00      0.00      0.00      0.00      0.00      0.00
22:21:35         0.00      0.00      0.00      0.01      0.00      0.00      0.00      0.01
22:21:40         0.00      0.00      0.00      0.01      0.00      0.00      0.00      0.01
22:21:45         0.00      0.00      0.00      0.01      0.00      0.00      0.00      0.01
22:21:50         0.00      0.00      0.00      0.01      0.00      0.00      0.00      0.01
22:21:55         0.00      0.00      0.00      0.01      0.00      0.00      0.00      0.01
22:22:00         0.00      0.00      0.00      0.01      0.00      0.00      0.00      0.01
22:22:05         0.00      0.00      0.00      0.01      0.00      0.00      0.00      0.01
22:22:10         0.00      0.00      0.00      0.01      0.00      0.00      0.00      0.01
22:22:15         0.00      0.00      0.00      0.01      0.00      0.00      0.00      0.01
22:22:20         0.00      0.00      0.00      0.01      0.00      0.00      0.00      0.01
22:22:25         0.00      0.00      0.00      0.01      0.00      0.00      0.00      0.01
22:22:30         0.00      0.00      0.00      0.01      0.00      0.00      0.00      0.01
22:22:35         0.00      0.00      0.00      0.01      0.00      0.00      0.00      0.01
22:22:40         0.00      0.00      0.00      0.01      0.00      0.00      0.00      0.01
22:22:45         0.00      0.00      0.00      0.01      0.00      0.00      0.00      0.01
22:22:50         0.00      0.00      0.00      0.01      0.00      0.00      0.00      0.01
22:22:55         0.00      0.00      0.00      0.01      0.00      0.00      0.00      0.01
22:23:00         0.00      0.00      0.00      0.00      0.00      0.00      0.00      0.00
22:23:05         0.00      0.00      0.00      0.01      0.00      0.00      0.00      0.01
22:23:10         0.00      0.00      0.00      0.01      0.00      0.00      0.00      0.01
22:23:15         0.00      0.00      0.00      0.01      0.00      0.00      0.00      0.01
22:23:20         0.00      0.00      0.00      0.00      0.00      0.00      0.00      0.00
22:23:25         0.00      0.00      0.00      0.01      0.00      0.00      0.00      0.01
22:23:30         0.00      0.00      0.00      0.01      0.00      0.00      0.00      0.01
22:23:35         0.00      0.00      0.00      0.01      0.00      0.00      0.00      0.01
22:23:40         0.00      0.00      0.00      0.01      0.00      0.00      0.00      0.01
22:23:45         0.00      0.00      0.00      0.01      0.00      0.00      0.00      0.01
22:23:50         0.00      0.00      0.00      0.01      0.00      0.00      0.00      0.01
22:23:55         0.00      0.00      0.00      0.07      0.00      0.00      0.00      0.07
22:24:00         0.00      0.00      0.00      0.01      0.00      0.00      0.00      0.01
22:24:05         0.00      0.00      0.00      0.00      0.00      0.00      0.00      0.00
22:24:10         0.00      0.00      0.00      0.01      0.00      0.00      0.00      0.01
22:24:15         0.00      0.00      0.00      0.01      0.00      0.00      0.00      0.01
22:24:20         0.00      0.00      0.00      0.01      0.00      0.00      0.00      0.00
22:24:25         0.00      0.00      0.00      0.01      0.00      0.00      0.00      0.01
22:24:30         0.00      0.00      0.00      0.01      0.00      0.00      0.00      0.01
22:24:35         0.00      0.00      0.00      0.00      0.00      0.00      0.00      0.00
22:24:40         0.00      0.00      0.00      0.01      0.00      0.00      0.00      0.01
22:24:45         0.00      0.00      0.00      0.01      0.00      0.00      0.00      0.01
22:24:50         0.00      0.00      0.00      0.01      0.00      0.00      0.00      0.01
22:24:55         0.00      0.00      0.00      0.01      0.00      0.00      0.00      0.01
22:25:00         0.00      0.00      0.00      0.01      0.00      0.00      0.00      0.01
22:25:05         0.00      0.00      0.00      0.01      0.00      0.00      0.00      0.01
22:25:10         0.00      0.00      0.00      0.01      0.00      0.00      0.00      0.01
22:25:15         0.00      0.00      0.00      0.01      0.00      0.00      0.00      0.01
22:25:20         0.00      0.00      0.00      0.01      0.00      0.00      0.00      0.01
22:25:25         0.00      0.00      0.00      0.00      0.00      0.00      0.00      0.00
22:25:30         0.00      0.00      0.00      0.01      0.00      0.00      0.00      0.01
22:25:35         0.00      0.00      0.00      0.01      0.00      0.00      0.00      0.01
22:25:40         0.00      0.00      0.00      0.01      0.00      0.00      0.00      0.01
22:25:45         0.00      0.00      0.00      0.01      0.00      0.00      0.00      0.01
22:25:50         0.00      0.00      0.00      0.01      0.00      0.00      0.00      0.01
22:25:55         0.00      0.00      0.00      0.01      0.00      0.00      0.00      0.01
22:26:00         0.00      0.00      0.00      0.01      0.00      0.00      0.00      0.01
22:26:05         0.00      0.00      0.00      0.01      0.00      0.00      0.00      0.01
22:26:10         0.00      0.00      0.00      0.01      0.00      0.00      0.00      0.01
22:26:15         0.00      0.00      0.00      0.00      0.00      0.00      0.00      0.00
22:26:20         0.00      0.00      0.00      0.00      0.00      0.00      0.00      0.00
22:26:25         0.00      0.00      0.00      0.01      0.00      0.00      0.00      0.01
22:26:30         0.00      0.00      0.00      0.01      0.00      0.00      0.00      0.01
22:26:35         0.00      0.00      0.00      0.01      0.00      0.00      0.00      0.01
22:26:40         0.00      0.00      0.00      0.01      0.00      0.00      0.00      0.01
22:26:45         0.00      0.00      0.00      0.01      0.00      0.00      0.00      0.01
22:26:50         0.00      0.00      0.00      0.01      0.00      0.00      0.00      0.01
22:26:55         0.00      0.00      0.00      0.01      0.00      0.00      0.00      0.01
22:27:00         0.00      0.00      0.00      0.01      0.00      0.00      0.00      0.01
22:27:05         0.00      0.00      0.00      0.01      0.00      0.00      0.00      0.01
22:27:10         0.00      0.00      0.00      0.01      0.00      0.00      0.00      0.01
22:27:15         0.00      0.00      0.00      0.01      0.00      0.00      0.00      0.01
22:27:20         0.00      0.00      0.00      0.01      0.00      0.00      0.00      0.01
22:27:25         0.00      0.00      0.00      0.01      0.00      0.00      0.00      0.01
22:27:30         0.00      0.00      0.00      0.02      0.00      0.00      0.00      0.02
Average:         0.00      0.00      0.00      0.01      0.00      0.00      0.00      0.01
