Linux 7.2.0-rc5-virtme (virtme-ng) 	08/02/26 	_x86_64_	(4 CPU)

21:27:30    kbmemfree   kbavail kbmemused  %memused kbbuffers  kbcached  kbcommit   %commit  kbactive   kbinact   kbdirty   kbshmem
21:27:35      6682580   6639484   1504020     18.47         4     35008   8413084     68.19   1272392     34720         0       292
21:27:40      6682580   6639484   1504020     18.47         4     35008   8413084     68.19   1272392     34720         0       292
21:27:45      6682580   6639484   1504020     18.47         4     35008   8413084     68.19   1272392     34720         0       292
21:27:50      6682580   6639484   1504020     18.47         4     35008   8413084     68.19   1272392     34720         0       292
21:27:55      6688708   6645612   1497892     18.39         4     35008   8413084     68.19   1272392     34720         0       292
21:28:00      6692272   6649176   1494328     18.35         4     35008   8413084     68.19   1272392     34720         0       292
21:28:05      6693032   6649936   1493568     18.34         4     35008   8413084     68.19   1272392     34720         0       292
21:28:10      6693032   6649936   1493568     18.34         4     35008   8413084     68.19   1272392     34720         0       292
21:28:15      6693032   6649936   1493568     18.34         4     35008   8413084     68.19   1272392     34720         0       292
21:28:20      6693032   6649936   1493568     18.34         4     35008   8413084     68.19   1272392     34720         0       292
21:28:25      6693032   6649936   1493568     18.34         4     35008   8413084     68.19   1272392     34720         0       292
21:28:30      6693032   6649936   1493568     18.34         4     35008   8413084     68.19   1272392     34720         0       292
21:28:35      6693032   6649936   1493568     18.34         4     35008   8413084     68.19   1272392     34720         0       292
21:28:40      6693924   6650828   1492676     18.33         4     35008   8413084     68.19   1272392     34720         0       292
21:28:45      6694640   6651544   1491960     18.32         4     35008   8413084     68.19   1272392     34720         0       292
21:28:50      6695156   6652060   1491444     18.31         4     35008   8413084     68.19   1272392     34720         0       292
21:28:55      6695780   6652684   1490820     18.31         4     35008   8413084     68.19   1272392     34720         0       292
21:29:00      6696156   6653060   1490444     18.30         4     35008   8413084     68.19   1272392     34720         0       292
21:29:05      6696464   6653368   1490136     18.30         4     35008   8413084     68.19   1272392     34720         0       292
21:29:10      6696616   6653520   1489984     18.30         4     35008   8413084     68.19   1272392     34720         0       292
21:29:15      6696616   6653520   1489984     18.30         4     35008   8413084     68.19   1272392     34720         0       292
21:29:20      6696616   6653520   1489984     18.30         4     35008   8413084     68.19   1272392     34720         0       292
21:29:25      6696616   6653520   1489984     18.30         4     35008   8413084     68.19   1272392     34720         0       292
21:29:30      6696616   6653520   1489984     18.30         4     35008   8413084     68.19   1272392     34720         0       292
21:29:35      6696616   6653520   1489984     18.30         4     35008   8413084     68.19   1272392     34720         0       292
21:29:40      6696616   6653520   1489984     18.30         4     35008   8413084     68.19   1272392     34720         0       292
21:29:45      6696616   6653520   1489984     18.30         4     35008   8413084     68.19   1272392     34720         0       292
21:29:50      6696616   6653520   1489984     18.30         4     35008   8413084     68.19   1272392     34720         0       292
21:29:55      6696616   6653520   1489984     18.30         4     35008   8413084     68.19   1272392     34720         0       292
21:30:00      6696616   6653520   1489984     18.30         4     35008   8413084     68.19   1272392     34720         0       292
21:30:05      6696616   6653520   1489984     18.30         4     35008   8413084     68.19   1272392     34720         0       292
21:30:10      6696616   6653520   1489984     18.30         4     35008   8413084     68.19   1272392     34720         0       292
21:30:15      6696616   6653520   1489984     18.30         4     35008   8413084     68.19   1272392     34720         0       292
21:30:20      6696616   6653520   1489984     18.30         4     35008   8413084     68.19   1272392     34720         0       292
21:30:25      6696616   6653520   1489984     18.30         4     35008   8413084     68.19   1272392     34720         0       292
21:30:30      6696616   6653520   1489984     18.30         4     35008   8413084     68.19   1272392     34720         0       292
21:30:35      6688804   6645708   1497796     18.39         4     35008   8413084     68.19   1272392     34720         0       292
21:30:40      6691876   6648780   1494724     18.35         4     35008   8413084     68.19   1272392     34720         0       292
21:30:45      6692528   6649432   1494072     18.35         4     35008   8413084     68.19   1272392     34720         0       292
21:30:50      6692528   6649432   1494072     18.35         4     35008   8413084     68.19   1272392     34720         0       292
21:30:55      6692528   6649432   1494072     18.35         4     35008   8413084     68.19   1272392     34720         0       292
21:31:00      6692528   6649432   1494072     18.35         4     35008   8413084     68.19   1272392     34720         0       292
21:31:05      6692528   6649432   1494072     18.35         4     35008   8413084     68.19   1272392     34720         0       292
21:31:10      6692528   6649432   1494072     18.35         4     35008   8413084     68.19   1272392     34720         0       292
21:31:15      6692528   6649432   1494072     18.35         4     35008   8413084     68.19   1272392     34720         0       292
21:31:20      6692528   6649432   1494072     18.35         4     35008   8413084     68.19   1272392     34720         0       292
21:31:25      6692528   6649432   1494072     18.35         4     35008   8413084     68.19   1272392     34720         0       292
21:31:30      6692528   6649432   1494072     18.35         4     35008   8413084     68.19   1272392     34720         0       292
21:31:35      6692528   6649432   1494072     18.35         4     35008   8413084     68.19   1272392     34720         0       292
21:31:40      6692528   6649432   1494072     18.35         4     35008   8413084     68.19   1272392     34720         0       292
21:31:45      6692528   6649432   1494072     18.35         4     35008   8413084     68.19   1272392     34720         0       292
21:31:50      3862092   3818996   4324508     53.10         4     35008   8413084     68.19   4093648     34720         0       292
21:31:55      3329840   3286744   4856760     59.64         4     35008   8413084     68.19   4627832     34720         0       292
21:32:00      3329840   3286744   4856760     59.64         4     35008   8413084     68.19   4627832     34720         0       292
21:32:05      3329840   3286744   4856760     59.64         4     35008   8413084     68.19   4627832     34720         0       292
21:32:10      3329840   3286744   4856760     59.64         4     35008   8413084     68.19   4627832     34720         0       292
21:32:15      3329840   3286744   4856760     59.64         4     35008   8413084     68.19   4627832     34720         0       292
21:32:20      3330184   3287088   4856416     59.64         4     35008   8413084     68.19   4627832     34720         0       292
21:32:25      3324472   3281376   4862128     59.71         4     35008   8413084     68.19   4627832     34720         0       292
21:32:30      3328092   3284996   4858508     59.66         4     35008   8413084     68.19   4627832     34720         0       292
21:32:35      3328908   3285812   4857692     59.65         4     35008   8413084     68.19   4627832     34720         0       292
21:32:40      3328908   3285812   4857692     59.65         4     35008   8413084     68.19   4627832     34720         0       292
21:32:45      3328908   3285812   4857692     59.65         4     35008   8413084     68.19   4627832     34720         0       292
21:32:50      3328908   3285812   4857692     59.65         4     35008   8413084     68.19   4627832     34720         0       292
21:32:55      3328908   3285812   4857692     59.65         4     35008   8413084     68.19   4627832     34720         0       292
21:33:00      3328908   3285812   4857692     59.65         4     35008   8413084     68.19   4627832     34720         0       292
21:33:05      3328908   3285812   4857692     59.65         4     35008   8413084     68.19   4627832     34720         0       292
21:33:10      3328908   3285812   4857692     59.65         4     35008   8413084     68.19   4627832     34720         0       292
21:33:15      3328908   3285812   4857692     59.65         4     35008   8413084     68.19   4627832     34720         0       292
21:33:20      3328908   3285812   4857692     59.65         4     35008   8413084     68.19   4627832     34720         0       292
21:33:25      3328908   3285812   4857692     59.65         4     35008   8413084     68.19   4627832     34720         0       292
21:33:30      3328908   3285812   4857692     59.65         4     35008   8413084     68.19   4627832     34720         0       292
21:33:35      3328908   3285812   4857692     59.65         4     35008   8413084     68.19   4627832     34720         0       292
21:33:40      3328908   3285812   4857692     59.65         4     35008   8413084     68.19   4627832     34720         0       292
21:33:45      3328908   3285812   4857692     59.65         4     35008   8413084     68.19   4627832     34720         0       292
21:33:50      3328908   3285812   4857692     59.65         4     35008   8413084     68.19   4627832     34720         0       292
21:33:55      3328908   3285812   4857692     59.65         4     35008   8413084     68.19   4627832     34720         0       292
21:34:00      3328908   3285812   4857692     59.65         4     35008   8413084     68.19   4627832     34720         0       292
21:34:05      3328908   3285812   4857692     59.65         4     35008   8413084     68.19   4627832     34720         0       292
21:34:10      3328908   3285812   4857692     59.65         4     35008   8413084     68.19   4627832     34720         0       292
21:34:15      3328908   3285812   4857692     59.65         4     35008   8413084     68.19   4627832     34720         0       292
21:34:20      3328908   3285812   4857692     59.65         4     35008   8413084     68.19   4627832     34720         0       292
21:34:25      3328908   3285812   4857692     59.65         4     35008   8413084     68.19   4627832     34720         0       292
21:34:30      3328908   3285812   4857692     59.65         4     35008   8413084     68.19   4627832     34720         0       292
21:34:35      3328908   3285812   4857692     59.65         4     35008   8413084     68.19   4627832     34720         0       292
21:34:40      3328908   3285812   4857692     59.65         4     35008   8413084     68.19   4627832     34720         0       292
21:34:45      3328908   3285812   4857692     59.65         4     35008   8413084     68.19   4627832     34720         0       292
21:34:50      3328908   3285812   4857692     59.65         4     35008   8413084     68.19   4627832     34720         0       292
21:34:55      3328908   3285812   4857692     59.65         4     35008   8413084     68.19   4627832     34720         0       292
21:35:00      3328908   3285812   4857692     59.65         4     35008   8413084     68.19   4627832     34720         0       292
21:35:05      3328908   3285812   4857692     59.65         4     35008   8413084     68.19   4627832     34720         0       292
21:35:10      3328908   3285812   4857692     59.65         4     35008   8413084     68.19   4627832     34720         0       292
21:35:15      3328908   3285812   4857692     59.65         4     35008   8413084     68.19   4627832     34720         0       292
21:35:20      3328908   3285812   4857692     59.65         4     35008   8413084     68.19   4627832     34720         0       292
21:35:25      3328908   3285812   4857692     59.65         4     35008   8413084     68.19   4627832     34720         0       292
21:35:30      3328908   3285812   4857692     59.65         4     35008   8413084     68.19   4627832     34720         0       292
21:35:35      3328908   3285812   4857692     59.65         4     35008   8413084     68.19   4627832     34720         0       292
21:35:40      3328908   3285812   4857692     59.65         4     35008   8413084     68.19   4627832     34720         0       292
21:35:45      3328908   3285812   4857692     59.65         4     35008   8413084     68.19   4627832     34720         0       292
21:35:50      3328908   3285812   4857692     59.65         4     35008   8413084     68.19   4627832     34720         0       292
21:35:55      3328908   3285812   4857692     59.65         4     35008   8413084     68.19   4627832     34720         0       292
21:36:00      3328908   3285812   4857692     59.65         4     35008   8413084     68.19   4627832     34720         0       292
21:36:05      3328908   3285812   4857692     59.65         4     35008   8413084     68.19   4627832     34720         0       292
21:36:10      3328908   3285812   4857692     59.65         4     35008   8413084     68.19   4627832     34720         0       292
21:36:15      3328908   3285812   4857692     59.65         4     35008   8413084     68.19   4627832     34720         0       292
21:36:20      3328908   3285812   4857692     59.65         4     35008   8413084     68.19   4627832     34720         0       292
21:36:25      3328908   3285812   4857692     59.65         4     35008   8413084     68.19   4627832     34720         0       292
21:36:30      3328908   3285812   4857692     59.65         4     35008   8413084     68.19   4627832     34720         0       292
21:36:35      3328908   3285812   4857692     59.65         4     35008   8413084     68.19   4627832     34720         0       292
21:36:40      3328908   3285812   4857692     59.65         4     35008   8413084     68.19   4627832     34720         0       292
21:36:45      3328908   3285812   4857692     59.65         4     35008   8413084     68.19   4627832     34720         0       292
21:36:50      3328908   3285812   4857692     59.65         4     35008   8413084     68.19   4627832     34720         0       292
21:36:55      3328908   3285812   4857692     59.65         4     35008   8413084     68.19   4627832     34720         0       292
21:37:00      3328908   3285812   4857692     59.65         4     35008   8413084     68.19   4627832     34720         0       292
21:37:05      3328908   3285812   4857692     59.65         4     35008   8413084     68.19   4627832     34720         0       292
21:37:10      3328908   3285812   4857692     59.65         4     35008   8413084     68.19   4627832     34720         0       292
21:37:15      3328908   3285812   4857692     59.65         4     35008   8413084     68.19   4627832     34720         0       292
21:37:20      3328908   3285812   4857692     59.65         4     35008   8413084     68.19   4627832     34720         0       292
21:37:25      3328908   3285812   4857692     59.65         4     35008   8413084     68.19   4627832     34720         0       292
21:37:30      3328908   3285812   4857692     59.65         4     35008   8413084     68.19   4627832     34720         0       292
21:37:35      3328908   3285812   4857692     59.65         4     35008   8413084     68.19   4627832     34720         0       292
21:37:40      3328908   3285812   4857692     59.65         4     35008   8413084     68.19   4627832     34720         0       292
21:37:45      3328908   3285812   4857692     59.65         4     35008   8413084     68.19   4627832     34720         0       292
21:37:50      3328908   3285812   4857692     59.65         4     35008   8413084     68.19   4627832     34720         0       292
21:37:55      3328908   3285812   4857692     59.65         4     35008   8413084     68.19   4627832     34720         0       292
21:38:00      3328908   3285812   4857692     59.65         4     35008   8413084     68.19   4627832     34720         0       292
21:38:05      3328908   3285812   4857692     59.65         4     35008   8413084     68.19   4627832     34720         0       292
21:38:10      3328908   3285812   4857692     59.65         4     35008   8413084     68.19   4627832     34720         0       292
21:38:15      3328908   3285812   4857692     59.65         4     35008   8413084     68.19   4627832     34720         0       292
21:38:20      3328908   3285812   4857692     59.65         4     35008   8413084     68.19   4627832     34720         0       292
21:38:25      3328908   3285812   4857692     59.65         4     35008   8413084     68.19   4627832     34720         0       292
21:38:30      3328908   3285812   4857692     59.65         4     35008   8413084     68.19   4627832     34720         0       292
21:38:35      3328908   3285812   4857692     59.65         4     35008   8413084     68.19   4627832     34720         0       292
21:38:40      3328908   3285812   4857692     59.65         4     35008   8413084     68.19   4627832     34720         0       292
21:38:45      3328908   3285812   4857692     59.65         4     35008   8413084     68.19   4627832     34720         0       292
21:38:50      3328908   3285812   4857692     59.65         4     35008   8413084     68.19   4627832     34720         0       292
21:38:55      3328908   3285812   4857692     59.65         4     35008   8413084     68.19   4627832     34720         0       292
21:39:00      3328908   3285812   4857692     59.65         4     35008   8413084     68.19   4627832     34720         0       292
21:39:05      3328908   3285812   4857692     59.65         4     35008   8413084     68.19   4627832     34720         0       292
21:39:10      3328908   3285812   4857692     59.65         4     35008   8413084     68.19   4627832     34720         0       292
21:39:15      3328908   3285812   4857692     59.65         4     35008   8413084     68.19   4627832     34720         0       292
21:39:20      3328908   3285812   4857692     59.65         4     35008   8413084     68.19   4627832     34720         0       292
21:39:25      3328908   3285812   4857692     59.65         4     35008   8413084     68.19   4627832     34720         0       292
21:39:30      3328908   3285812   4857692     59.65         4     35008   8413084     68.19   4627832     34720         0       292
21:39:35      3328908   3285812   4857692     59.65         4     35008   8413084     68.19   4627832     34720         0       292
21:39:40      3328908   3285812   4857692     59.65         4     35008   8413084     68.19   4627832     34720         0       292
21:39:45      3328908   3285812   4857692     59.65         4     35008   8413084     68.19   4627832     34720         0       292
21:39:50      3328908   3285812   4857692     59.65         4     35008   8413084     68.19   4627832     34720         0       292
21:39:55      3328908   3285812   4857692     59.65         4     35008   8413084     68.19   4627832     34720         0       292
21:40:00      3328908   3285812   4857692     59.65         4     35008   8413084     68.19   4627832     34720         0       292
21:40:05      3328908   3285812   4857692     59.65         4     35008   8413084     68.19   4627832     34720         0       292
21:40:10      3328908   3285812   4857692     59.65         4     35008   8413084     68.19   4627832     34720         0       292
21:40:15      3328908   3285812   4857692     59.65         4     35008   8413084     68.19   4627832     34720         0       292
21:40:20      3328908   3285812   4857692     59.65         4     35008   8413084     68.19   4627832     34720         0       292
21:40:25      3328908   3285812   4857692     59.65         4     35008   8413084     68.19   4627832     34720         0       292
21:40:30      3328908   3285812   4857692     59.65         4     35008   8413084     68.19   4627832     34720         0       292
21:40:35      3328908   3285812   4857692     59.65         4     35008   8413084     68.19   4627832     34720         0       292
21:40:40      3328908   3285812   4857692     59.65         4     35008   8413084     68.19   4627832     34720         0       292
21:40:45      3328908   3285812   4857692     59.65         4     35008   8413084     68.19   4627832     34720         0       292
21:40:50      3328908   3285812   4857692     59.65         4     35008   8413084     68.19   4627832     34720         0       292
21:40:55      3328908   3285812   4857692     59.65         4     35008   8413084     68.19   4627832     34720         0       292
21:41:00      3328908   3285812   4857692     59.65         4     35008   8413084     68.19   4627832     34720         0       292
21:41:05      3328908   3285812   4857692     59.65         4     35008   8413084     68.19   4627832     34720         0       292
21:41:10      3328908   3285812   4857692     59.65         4     35008   8413084     68.19   4627832     34720         0       292
21:41:15      3328908   3285812   4857692     59.65         4     35008   8413084     68.19   4627832     34720         0       292
21:41:20      3328908   3285812   4857692     59.65         4     35008   8413084     68.19   4627832     34720         0       292
21:41:25      3328908   3285812   4857692     59.65         4     35008   8413084     68.19   4627832     34720         0       292
21:41:30      3328908   3285812   4857692     59.65         4     35008   8413084     68.19   4627832     34720         0       292
21:41:35      3328908   3285812   4857692     59.65         4     35008   8413084     68.19   4627832     34720         0       292
21:41:40      3328908   3285812   4857692     59.65         4     35008   8413084     68.19   4627832     34720         0       292
21:41:45      3328908   3285812   4857692     59.65         4     35008   8413084     68.19   4627832     34720         0       292
21:41:50      3328908   3285812   4857692     59.65         4     35008   8413084     68.19   4627832     34720         0       292
21:41:55      3328908   3285812   4857692     59.65         4     35008   8413084     68.19   4627832     34720         0       292
21:42:00      3328908   3285812   4857692     59.65         4     35008   8413084     68.19   4627832     34720         0       292
21:42:05      3328908   3285812   4857692     59.65         4     35008   8413084     68.19   4627832     34720         0       292
21:42:10      3328908   3285812   4857692     59.65         4     35008   8413084     68.19   4627832     34720         0       292
21:42:15      3328908   3285812   4857692     59.65         4     35008   8413084     68.19   4627832     34720         0       292
21:42:20      3328908   3285812   4857692     59.65         4     35008   8413084     68.19   4627832     34720         0       292
21:42:25      3328908   3285812   4857692     59.65         4     35008   8413084     68.19   4627832     34720         0       292
21:42:30      3328908   3285812   4857692     59.65         4     35008   8413084     68.19   4627832     34720         0       292
21:42:35      3328908   3285812   4857692     59.65         4     35008   8413084     68.19   4627832     34720         0       292
21:42:40      3328908   3285812   4857692     59.65         4     35008   8413084     68.19   4627832     34720         0       292
21:42:45      3328908   3285812   4857692     59.65         4     35008   8413084     68.19   4627832     34720         0       292
21:42:50      3328908   3285812   4857692     59.65         4     35008   8413084     68.19   4627832     34720         0       292
21:42:55      3328908   3285812   4857692     59.65         4     35008   8413084     68.19   4627832     34720         0       292
21:43:00      3328908   3285812   4857692     59.65         4     35008   8413084     68.19   4627832     34720         0       292
21:43:05      3328908   3285812   4857692     59.65         4     35008   8413084     68.19   4627832     34720         0       292
21:43:10      3328908   3285812   4857692     59.65         4     35008   8413084     68.19   4627832     34720         0       292
21:43:15      3328908   3285812   4857692     59.65         4     35008   8413084     68.19   4627832     34720         0       292
21:43:20      3328908   3285812   4857692     59.65         4     35008   8413084     68.19   4627832     34720         0       292
21:43:25      3328908   3285812   4857692     59.65         4     35008   8413084     68.19   4627832     34720         0       292
21:43:30      3328908   3285812   4857692     59.65         4     35008   8413084     68.19   4627832     34720         0       292
21:43:35      3328908   3285812   4857692     59.65         4     35008   8413084     68.19   4627832     34720         0       292
21:43:40      3328908   3285812   4857692     59.65         4     35008   8413084     68.19   4627832     34720         0       292
21:43:45      3328908   3285812   4857692     59.65         4     35008   8413084     68.19   4627832     34720         0       292
21:43:50      3328908   3285812   4857692     59.65         4     35008   8413084     68.19   4627832     34720         0       292
21:43:55      3328908   3285812   4857692     59.65         4     35008   8413084     68.19   4627832     34720         0       292
21:44:00      3328908   3285812   4857692     59.65         4     35008   8413084     68.19   4627832     34720         0       292
21:44:05      3328908   3285812   4857692     59.65         4     35008   8413084     68.19   4627832     34720         0       292
21:44:10      3328908   3285812   4857692     59.65         4     35008   8413084     68.19   4627832     34720         0       292
21:44:15      3328908   3285812   4857692     59.65         4     35008   8413084     68.19   4627832     34720         0       292
21:44:20      3328908   3285812   4857692     59.65         4     35008   8413084     68.19   4627832     34720         0       292
21:44:25      3328908   3285812   4857692     59.65         4     35008   8413084     68.19   4627832     34720         0       292
21:44:30      3328908   3285812   4857692     59.65         4     35008   8413084     68.19   4627832     34720         0       292
21:44:35      3328908   3285812   4857692     59.65         4     35008   8413084     68.19   4627832     34720         0       292
21:44:40      3328908   3285812   4857692     59.65         4     35008   8413084     68.19   4627832     34720         0       292
21:44:45      3328908   3285812   4857692     59.65         4     35008   8413084     68.19   4627832     34720         0       292
21:44:50      3328908   3285812   4857692     59.65         4     35008   8413084     68.19   4627832     34720         0       292
21:44:55      3328908   3285812   4857692     59.65         4     35008   8413084     68.19   4627832     34720         0       292
21:45:00      3328908   3285812   4857692     59.65         4     35008   8413084     68.19   4627832     34720         0       292
21:45:05      3328908   3285812   4857692     59.65         4     35008   8413084     68.19   4627832     34720         0       292
21:45:10      3328908   3285812   4857692     59.65         4     35008   8413084     68.19   4627832     34720         0       292
21:45:15      3328908   3285812   4857692     59.65         4     35008   8413084     68.19   4627832     34720         0       292
21:45:20      3328908   3285812   4857692     59.65         4     35008   8413084     68.19   4627832     34720         0       292
21:45:25      3328908   3285812   4857692     59.65         4     35008   8413084     68.19   4627832     34720         0       292
21:45:30      3328908   3285812   4857692     59.65         4     35008   8413084     68.19   4627832     34720         0       292
21:45:35      3328908   3285812   4857692     59.65         4     35008   8413084     68.19   4627832     34720         0       292
21:45:40      3328908   3285812   4857692     59.65         4     35008   8413084     68.19   4627832     34720         0       292
21:45:45      3328908   3285812   4857692     59.65         4     35008   8413084     68.19   4627832     34720         0       292
21:45:50      3328908   3285812   4857692     59.65         4     35008   8413084     68.19   4627832     34720         0       292
21:45:55      3328908   3285812   4857692     59.65         4     35008   8413084     68.19   4627832     34720         0       292
21:46:00      3328908   3285812   4857692     59.65         4     35008   8413084     68.19   4627832     34720         0       292
21:46:05      3328908   3285812   4857692     59.65         4     35008   8413084     68.19   4627832     34720         0       292
21:46:10      3328908   3285812   4857692     59.65         4     35008   8413084     68.19   4627832     34720         0       292
21:46:15      3328908   3285812   4857692     59.65         4     35008   8413084     68.19   4627832     34720         0       292
21:46:20      3328908   3285812   4857692     59.65         4     35008   8413084     68.19   4627832     34720         0       292
21:46:25      3328908   3285812   4857692     59.65         4     35008   8413084     68.19   4627832     34720         0       292
21:46:30      3328908   3285812   4857692     59.65         4     35008   8413084     68.19   4627832     34720         0       292
21:46:35      3328908   3285812   4857692     59.65         4     35008   8413084     68.19   4627832     34720         0       292
21:46:40      3328908   3285812   4857692     59.65         4     35008   8413084     68.19   4627832     34720         0       292
21:46:45      3328908   3285812   4857692     59.65         4     35008   8413084     68.19   4627832     34720         0       292
21:46:50      3328908   3285812   4857692     59.65         4     35008   8413084     68.19   4627832     34720         0       292
21:46:55      3328908   3285812   4857692     59.65         4     35008   8413084     68.19   4627832     34720         0       292
21:47:00      3328908   3285812   4857692     59.65         4     35008   8413084     68.19   4627832     34720         0       292
21:47:05      3328908   3285812   4857692     59.65         4     35008   8413084     68.19   4627832     34720         0       292
21:47:10      3328908   3285812   4857692     59.65         4     35008   8413084     68.19   4627832     34720         0       292
21:47:15      3328908   3285812   4857692     59.65         4     35008   8413084     68.19   4627832     34720         0       292
21:47:20      3328908   3285812   4857692     59.65         4     35008   8413084     68.19   4627832     34720         0       292
21:47:25      3328908   3285812   4857692     59.65         4     35008   8413084     68.19   4627832     34720         0       292
21:47:30      3328908   3285812   4857692     59.65         4     35008   8413084     68.19   4627832     34720         0       292
21:47:35      3328908   3285812   4857692     59.65         4     35008   8413084     68.19   4627832     34720         0       292
21:47:40      3328908   3285812   4857692     59.65         4     35008   8413084     68.19   4627832     34720         0       292
21:47:45      3328908   3285812   4857692     59.65         4     35008   8413084     68.19   4627832     34720         0       292
21:47:50      3328908   3285812   4857692     59.65         4     35008   8413084     68.19   4627832     34720         0       292
21:47:55      3328908   3285812   4857692     59.65         4     35008   8413084     68.19   4627832     34720         0       292
21:48:00      3328908   3285812   4857692     59.65         4     35008   8413084     68.19   4627832     34720         0       292
21:48:05      3328908   3285812   4857692     59.65         4     35008   8413084     68.19   4627832     34720         0       292
21:48:10      3328908   3285812   4857692     59.65         4     35008   8413084     68.19   4627832     34720         0       292
21:48:15      3328908   3285812   4857692     59.65         4     35008   8413084     68.19   4627832     34720         0       292
21:48:20      3328908   3285812   4857692     59.65         4     35008   8413084     68.19   4627832     34720         0       292
21:48:25      3328908   3285812   4857692     59.65         4     35008   8413084     68.19   4627832     34720         0       292
21:48:30      3328908   3285812   4857692     59.65         4     35008   8413084     68.19   4627832     34720         0       292
21:48:35      3328908   3285812   4857692     59.65         4     35008   8413084     68.19   4627832     34720         0       292
21:48:40      3328908   3285812   4857692     59.65         4     35008   8413084     68.19   4627832     34720         0       292
21:48:45      3328908   3285812   4857692     59.65         4     35008   8413084     68.19   4627832     34720         0       292
21:48:50      3328908   3285812   4857692     59.65         4     35008   8413084     68.19   4627832     34720         0       292
21:48:55      3328908   3285812   4857692     59.65         4     35008   8413084     68.19   4627832     34720         0       292
21:49:00      3328908   3285812   4857692     59.65         4     35008   8413084     68.19   4627832     34720         0       292
21:49:05      3328908   3285812   4857692     59.65         4     35008   8413084     68.19   4627832     34720         0       292
21:49:10      3328908   3285812   4857692     59.65         4     35008   8413084     68.19   4627832     34720         0       292
21:49:15      3328908   3285812   4857692     59.65         4     35008   8413084     68.19   4627832     34720         0       292
21:49:20      3328908   3285812   4857692     59.65         4     35008   8413084     68.19   4627832     34720         0       292
21:49:25      3328908   3285812   4857692     59.65         4     35008   8413084     68.19   4627832     34720         0       292
21:49:30      3328908   3285812   4857692     59.65         4     35008   8413084     68.19   4627832     34720         0       292
21:49:35      3328908   3285812   4857692     59.65         4     35008   8413084     68.19   4627832     34720         0       292
21:49:40      3328908   3285812   4857692     59.65         4     35008   8413084     68.19   4627832     34720         0       292
21:49:45      3328908   3285812   4857692     59.65         4     35008   8413084     68.19   4627832     34720         0       292
21:49:50      3328908   3285812   4857692     59.65         4     35008   8413084     68.19   4627832     34720         0       292
21:49:55      3328908   3285812   4857692     59.65         4     35008   8413084     68.19   4627832     34720         0       292
21:50:00      3328908   3285812   4857692     59.65         4     35008   8413084     68.19   4627832     34720         0       292
21:50:05      3328908   3285812   4857692     59.65         4     35008   8413084     68.19   4627832     34720         0       292
21:50:10      3328908   3285812   4857692     59.65         4     35008   8413084     68.19   4627832     34720         0       292
21:50:15      3328908   3285812   4857692     59.65         4     35008   8413084     68.19   4627832     34720         0       292
21:50:20      3328908   3285812   4857692     59.65         4     35008   8413084     68.19   4627832     34720         0       292
21:50:25      3328908   3285812   4857692     59.65         4     35008   8413084     68.19   4627832     34720         0       292
21:50:30      3328908   3285812   4857692     59.65         4     35008   8413084     68.19   4627832     34720         0       292
21:50:35      3328908   3285812   4857692     59.65         4     35008   8413084     68.19   4627832     34720         0       292
21:50:40      3328908   3285812   4857692     59.65         4     35008   8413084     68.19   4627832     34720         0       292
21:50:45      3328908   3285812   4857692     59.65         4     35008   8413084     68.19   4627832     34720         0       292
21:50:50      3328908   3285812   4857692     59.65         4     35008   8413084     68.19   4627832     34720         0       292
21:50:55      3328908   3285812   4857692     59.65         4     35008   8413084     68.19   4627832     34720         0       292
21:51:00      3328908   3285812   4857692     59.65         4     35008   8413084     68.19   4627832     34720         0       292
21:51:05      3328908   3285812   4857692     59.65         4     35008   8413084     68.19   4627832     34720         0       292
21:51:10      3328908   3285812   4857692     59.65         4     35008   8413084     68.19   4627832     34720         0       292
21:51:15      3328908   3285812   4857692     59.65         4     35008   8413084     68.19   4627832     34720         0       292
21:51:20      3328908   3285812   4857692     59.65         4     35008   8413084     68.19   4627832     34720         0       292
21:51:25      3328908   3285812   4857692     59.65         4     35008   8413084     68.19   4627832     34720         0       292
21:51:30      3328908   3285812   4857692     59.65         4     35008   8413084     68.19   4627832     34720         0       292
21:51:35      3328908   3285812   4857692     59.65         4     35008   8413084     68.19   4627832     34720         0       292
21:51:40      3328908   3285812   4857692     59.65         4     35008   8413084     68.19   4627832     34720         0       292
21:51:45      3328908   3285812   4857692     59.65         4     35008   8413084     68.19   4627832     34720         0       292
21:51:50      3328908   3285812   4857692     59.65         4     35008   8413084     68.19   4627832     34720         0       292
21:51:55      3328908   3285812   4857692     59.65         4     35008   8413084     68.19   4627832     34720         0       292
21:52:00      3328908   3285812   4857692     59.65         4     35008   8413084     68.19   4627832     34720         0       292
21:52:05      3328908   3285812   4857692     59.65         4     35008   8413084     68.19   4627832     34720         0       292
21:52:10      3328908   3285812   4857692     59.65         4     35008   8413084     68.19   4627832     34720         0       292
21:52:15      3328908   3285812   4857692     59.65         4     35008   8413084     68.19   4627832     34720         0       292
21:52:20      3328908   3285812   4857692     59.65         4     35008   8413084     68.19   4627832     34720         0       292
21:52:25      3328908   3285812   4857692     59.65         4     35008   8413084     68.19   4627832     34720         0       292
21:52:30      3328908   3285812   4857692     59.65         4     35008   8413084     68.19   4627832     34720         0       292
21:52:35      3328908   3285812   4857692     59.65         4     35008   8413084     68.19   4627832     34720         0       292
21:52:40      3328908   3285812   4857692     59.65         4     35008   8413084     68.19   4627832     34720         0       292
21:52:45      3328908   3285812   4857692     59.65         4     35008   8413084     68.19   4627832     34720         0       292
21:52:50      3328908   3285812   4857692     59.65         4     35008   8413084     68.19   4627832     34720         0       292
21:52:55      3328908   3285812   4857692     59.65         4     35008   8413084     68.19   4627832     34720         0       292
21:53:00      3328908   3285812   4857692     59.65         4     35008   8413084     68.19   4627832     34720         0       292
21:53:05      3328908   3285812   4857692     59.65         4     35008   8413084     68.19   4627832     34720         0       292
21:53:10      3328908   3285812   4857692     59.65         4     35008   8413084     68.19   4627832     34720         0       292
21:53:15      3328908   3285812   4857692     59.65         4     35008   8413084     68.19   4627832     34720         0       292
21:53:20      3328908   3285812   4857692     59.65         4     35008   8413084     68.19   4627832     34720         0       292
21:53:25      3328908   3285812   4857692     59.65         4     35008   8413084     68.19   4627832     34720         0       292
21:53:30      3328908   3285812   4857692     59.65         4     35008   8413084     68.19   4627832     34720         0       292
21:53:35      3328908   3285812   4857692     59.65         4     35008   8413084     68.19   4627832     34720         0       292
21:53:40      3328908   3285812   4857692     59.65         4     35008   8413084     68.19   4627832     34720         0       292
21:53:45      3328908   3285812   4857692     59.65         4     35008   8413084     68.19   4627832     34720         0       292
21:53:50      3328908   3285812   4857692     59.65         4     35008   8413084     68.19   4627832     34720         0       292
21:53:55      3328908   3285812   4857692     59.65         4     35008   8413084     68.19   4627832     34720         0       292
21:54:00      3328908   3285812   4857692     59.65         4     35008   8413084     68.19   4627832     34720         0       292
21:54:05      3328908   3285812   4857692     59.65         4     35008   8413084     68.19   4627832     34720         0       292
21:54:10      3328908   3285812   4857692     59.65         4     35008   8413084     68.19   4627832     34720         0       292
21:54:15      3328908   3285812   4857692     59.65         4     35008   8413084     68.19   4627832     34720         0       292
21:54:20      3328908   3285812   4857692     59.65         4     35008   8413084     68.19   4627832     34720         0       292
21:54:25      3328908   3285812   4857692     59.65         4     35008   8413084     68.19   4627832     34720         0       292
21:54:30      3328908   3285812   4857692     59.65         4     35008   8413084     68.19   4627832     34720         0       292
21:54:35      3328908   3285812   4857692     59.65         4     35008   8413084     68.19   4627832     34720         0       292
21:54:40      3328908   3285812   4857692     59.65         4     35008   8413084     68.19   4627832     34720         0       292
21:54:45      3328908   3285812   4857692     59.65         4     35008   8413084     68.19   4627832     34720         0       292
21:54:50      3328908   3285812   4857692     59.65         4     35008   8413084     68.19   4627832     34720         0       292
21:54:55      3328908   3285812   4857692     59.65         4     35008   8413084     68.19   4627832     34720         0       292
21:55:00      3328908   3285812   4857692     59.65         4     35008   8413084     68.19   4627832     34720         0       292
21:55:05      3328908   3285812   4857692     59.65         4     35008   8413084     68.19   4627832     34720         0       292
21:55:10      3328908   3285812   4857692     59.65         4     35008   8413084     68.19   4627832     34720         0       292
21:55:15      3328908   3285812   4857692     59.65         4     35008   8413084     68.19   4627832     34720         0       292
21:55:20      3328908   3285812   4857692     59.65         4     35008   8413084     68.19   4627832     34720         0       292
21:55:25      3328908   3285812   4857692     59.65         4     35008   8413084     68.19   4627832     34720         0       292
21:55:30      3328908   3285812   4857692     59.65         4     35008   8413084     68.19   4627832     34720         0       292
21:55:35      3328908   3285812   4857692     59.65         4     35008   8413084     68.19   4627832     34720         0       292
21:55:40      3328908   3285812   4857692     59.65         4     35008   8413084     68.19   4627832     34720         0       292
21:55:45      3328908   3285812   4857692     59.65         4     35008   8413084     68.19   4627832     34720         0       292
21:55:50      3328908   3285812   4857692     59.65         4     35008   8413084     68.19   4627832     34720         0       292
21:55:55      3328908   3285812   4857692     59.65         4     35008   8413084     68.19   4627832     34720         0       292
21:56:00      3328908   3285812   4857692     59.65         4     35008   8413084     68.19   4627832     34720         0       292
21:56:05      3328908   3285812   4857692     59.65         4     35008   8413084     68.19   4627832     34720         0       292
21:56:10      3328908   3285812   4857692     59.65         4     35008   8413084     68.19   4627832     34720         0       292
21:56:15      3328908   3285812   4857692     59.65         4     35008   8413084     68.19   4627832     34720         0       292
21:56:20      3328908   3285812   4857692     59.65         4     35008   8413084     68.19   4627832     34720         0       292
21:56:25      3328908   3285812   4857692     59.65         4     35008   8413084     68.19   4627832     34720         0       292
21:56:30      3328908   3285812   4857692     59.65         4     35008   8413084     68.19   4627832     34720         0       292
21:56:35      3328908   3285812   4857692     59.65         4     35008   8413084     68.19   4627832     34720         0       292
21:56:40      3328908   3285812   4857692     59.65         4     35008   8413084     68.19   4627832     34720         0       292
21:56:45      3328908   3285812   4857692     59.65         4     35008   8413084     68.19   4627832     34720         0       292
21:56:50      3328908   3285812   4857692     59.65         4     35008   8413084     68.19   4627832     34720         0       292
21:56:55      3328908   3285812   4857692     59.65         4     35008   8413084     68.19   4627832     34720         0       292
21:57:00      3328908   3285812   4857692     59.65         4     35008   8413084     68.19   4627832     34720         0       292
21:57:05      3328908   3285812   4857692     59.65         4     35008   8413084     68.19   4627832     34720         0       292
21:57:10      3328908   3285812   4857692     59.65         4     35008   8413084     68.19   4627832     34720         0       292
21:57:15      3328908   3285812   4857692     59.65         4     35008   8413084     68.19   4627832     34720         0       292
21:57:20      3328908   3285812   4857692     59.65         4     35008   8413084     68.19   4627832     34720         0       292
21:57:25      3328908   3285812   4857692     59.65         4     35008   8413084     68.19   4627832     34720         0       292
21:57:30      3328908   3285812   4857692     59.65         4     35008   8413084     68.19   4627832     34720         0       292
21:57:35      3328908   3285812   4857692     59.65         4     35008   8413084     68.19   4627832     34720         0       292
21:57:40      3328908   3285812   4857692     59.65         4     35008   8413084     68.19   4627832     34720         0       292
21:57:45      3328908   3285812   4857692     59.65         4     35008   8413084     68.19   4627832     34720         0       292
21:57:50      3328908   3285812   4857692     59.65         4     35008   8413084     68.19   4627832     34720         0       292
21:57:55      3328908   3285812   4857692     59.65         4     35008   8413084     68.19   4627832     34720         0       292
21:58:00      3328908   3285812   4857692     59.65         4     35008   8413084     68.19   4627832     34720         0       292
21:58:05      3328908   3285812   4857692     59.65         4     35008   8413084     68.19   4627832     34720         0       292
21:58:10      3328908   3285812   4857692     59.65         4     35008   8413084     68.19   4627832     34720         0       292
21:58:15      3328908   3285812   4857692     59.65         4     35008   8413084     68.19   4627832     34720         0       292
21:58:20      3328908   3285812   4857692     59.65         4     35008   8413084     68.19   4627832     34720         0       292
21:58:25      3328908   3285812   4857692     59.65         4     35008   8413084     68.19   4627832     34720         0       292
21:58:30      3328908   3285812   4857692     59.65         4     35008   8413084     68.19   4627832     34720         0       292
21:58:35      3328908   3285812   4857692     59.65         4     35008   8413084     68.19   4627832     34720         0       292
21:58:40      3328908   3285812   4857692     59.65         4     35008   8413084     68.19   4627832     34720         0       292
21:58:45      3328908   3285812   4857692     59.65         4     35008   8413084     68.19   4627832     34720         0       292
21:58:50      3328908   3285812   4857692     59.65         4     35008   8413084     68.19   4627832     34720         0       292
21:58:55      3328908   3285812   4857692     59.65         4     35008   8413084     68.19   4627832     34720         0       292
21:59:00      3328908   3285812   4857692     59.65         4     35008   8413084     68.19   4627832     34720         0       292
21:59:05      3328908   3285812   4857692     59.65         4     35008   8413084     68.19   4627832     34720         0       292
21:59:10      3328908   3285812   4857692     59.65         4     35008   8413084     68.19   4627832     34720         0       292
21:59:15      3328908   3285812   4857692     59.65         4     35008   8413084     68.19   4627832     34720         0       292
21:59:20      3328908   3285812   4857692     59.65         4     35008   8413084     68.19   4627832     34720         0       292
21:59:25      3328908   3285812   4857692     59.65         4     35008   8413084     68.19   4627832     34720         0       292
21:59:30      3328908   3285812   4857692     59.65         4     35008   8413084     68.19   4627832     34720         0       292
21:59:35      3328908   3285812   4857692     59.65         4     35008   8413084     68.19   4627832     34720         0       292
21:59:40      3328908   3285812   4857692     59.65         4     35008   8413084     68.19   4627832     34720         0       292
21:59:45      3328908   3285812   4857692     59.65         4     35008   8413084     68.19   4627832     34720         0       292
21:59:50      3328908   3285812   4857692     59.65         4     35008   8413084     68.19   4627832     34720         0       292
21:59:55      3328908   3285812   4857692     59.65         4     35008   8413084     68.19   4627832     34720         0       292
22:00:00      3328908   3285812   4857692     59.65         4     35008   8413084     68.19   4627832     34720         0       292
22:00:05      3328908   3285812   4857692     59.65         4     35008   8413084     68.19   4627832     34720         0       292
22:00:10      3328908   3285812   4857692     59.65         4     35008   8413084     68.19   4627832     34720         0       292
22:00:15      3328908   3285812   4857692     59.65         4     35008   8413084     68.19   4627832     34720         0       292
22:00:20      3328908   3285812   4857692     59.65         4     35008   8413084     68.19   4627832     34720         0       292
22:00:25      3328908   3285812   4857692     59.65         4     35008   8413084     68.19   4627832     34720         0       292
22:00:30      3328908   3285812   4857692     59.65         4     35008   8413084     68.19   4627832     34720         0       292
22:00:35      3328908   3285812   4857692     59.65         4     35008   8413084     68.19   4627832     34720         0       292
22:00:40      3328908   3285812   4857692     59.65         4     35008   8413084     68.19   4627832     34720         0       292
22:00:45      3328908   3285812   4857692     59.65         4     35008   8413084     68.19   4627832     34720         0       292
22:00:50      3328908   3285812   4857692     59.65         4     35008   8413084     68.19   4627832     34720         0       292
22:00:55      3328908   3285812   4857692     59.65         4     35008   8413084     68.19   4627832     34720         0       292
22:01:00      3328908   3285812   4857692     59.65         4     35008   8413084     68.19   4627832     34720         0       292
22:01:05      3328908   3285812   4857692     59.65         4     35008   8413084     68.19   4627832     34720         0       292
22:01:10      3328908   3285812   4857692     59.65         4     35008   8413084     68.19   4627832     34720         0       292
22:01:15      3328908   3285812   4857692     59.65         4     35008   8413084     68.19   4627832     34720         0       292
22:01:20      3328908   3285812   4857692     59.65         4     35008   8413084     68.19   4627832     34720         0       292
22:01:25      3328908   3285812   4857692     59.65         4     35008   8413084     68.19   4627832     34720         0       292
22:01:30      3328908   3285812   4857692     59.65         4     35008   8413084     68.19   4627832     34720         0       292
22:01:35      3328908   3285812   4857692     59.65         4     35008   8413084     68.19   4627832     34720         0       292
22:01:40      3328908   3285812   4857692     59.65         4     35008   8413084     68.19   4627832     34720         0       292
22:01:45      3328908   3285812   4857692     59.65         4     35008   8413084     68.19   4627832     34720         0       292
22:01:50      3328908   3285812   4857692     59.65         4     35008   8413084     68.19   4627832     34720         0       292
22:01:55      3328908   3285812   4857692     59.65         4     35008   8413084     68.19   4627832     34720         0       292
22:02:00      3328908   3285812   4857692     59.65         4     35008   8413084     68.19   4627832     34720         0       292
22:02:05      3328908   3285812   4857692     59.65         4     35008   8413084     68.19   4627832     34720         0       292
22:02:10      3328908   3285812   4857692     59.65         4     35008   8413084     68.19   4627832     34720         0       292
22:02:15      3328908   3285812   4857692     59.65         4     35008   8413084     68.19   4627832     34720         0       292
22:02:20      3328908   3285812   4857692     59.65         4     35008   8413084     68.19   4627832     34720         0       292
22:02:25      3328908   3285812   4857692     59.65         4     35008   8413084     68.19   4627832     34720         0       292
22:02:30      3328908   3285812   4857692     59.65         4     35008   8413084     68.19   4627832     34720         0       292
22:02:35      3328908   3285812   4857692     59.65         4     35008   8413084     68.19   4627832     34720         0       292
22:02:40      3328908   3285812   4857692     59.65         4     35008   8413084     68.19   4627832     34720         0       292
22:02:45      3328908   3285812   4857692     59.65         4     35008   8413084     68.19   4627832     34720         0       292
22:02:50      3328908   3285812   4857692     59.65         4     35008   8413084     68.19   4627832     34720         0       292
22:02:55      3328908   3285812   4857692     59.65         4     35008   8413084     68.19   4627832     34720         0       292
22:03:00      3328908   3285812   4857692     59.65         4     35008   8413084     68.19   4627832     34720         0       292
22:03:05      3328908   3285812   4857692     59.65         4     35008   8413084     68.19   4627832     34720         0       292
22:03:10      3328908   3285812   4857692     59.65         4     35008   8413084     68.19   4627832     34720         0       292
22:03:15      3328908   3285812   4857692     59.65         4     35008   8413084     68.19   4627832     34720         0       292
22:03:20      3328908   3285812   4857692     59.65         4     35008   8413084     68.19   4627832     34720         0       292
22:03:25      3328908   3285812   4857692     59.65         4     35008   8413084     68.19   4627832     34720         0       292
22:03:30      3328908   3285812   4857692     59.65         4     35008   8413084     68.19   4627832     34720         0       292
22:03:35      3328908   3285812   4857692     59.65         4     35008   8413084     68.19   4627832     34720         0       292
22:03:40      3328908   3285812   4857692     59.65         4     35008   8413084     68.19   4627832     34720         0       292
22:03:45      3328908   3285812   4857692     59.65         4     35008   8413084     68.19   4627832     34720         0       292
22:03:50      3328908   3285812   4857692     59.65         4     35008   8413084     68.19   4627832     34720         0       292
22:03:55      3328908   3285812   4857692     59.65         4     35008   8413084     68.19   4627832     34720         0       292
22:04:00      3328908   3285812   4857692     59.65         4     35008   8413084     68.19   4627832     34720         0       292
22:04:05      3328908   3285812   4857692     59.65         4     35008   8413084     68.19   4627832     34720         0       292
22:04:10      3328908   3285812   4857692     59.65         4     35008   8413084     68.19   4627832     34720         0       292
22:04:15      3328908   3285812   4857692     59.65         4     35008   8413084     68.19   4627832     34720         0       292
22:04:20      3328908   3285812   4857692     59.65         4     35008   8413084     68.19   4627832     34720         0       292
22:04:25      3328908   3285812   4857692     59.65         4     35008   8413084     68.19   4627832     34720         0       292
22:04:30      3328908   3285812   4857692     59.65         4     35008   8413084     68.19   4627832     34720         0       292
22:04:35      3328908   3285812   4857692     59.65         4     35008   8413084     68.19   4627832     34720         0       292
22:04:40      3328908   3285812   4857692     59.65         4     35008   8413084     68.19   4627832     34720         0       292
22:04:45      3328908   3285812   4857692     59.65         4     35008   8413084     68.19   4627832     34720         0       292
22:04:50      3328908   3285812   4857692     59.65         4     35008   8413084     68.19   4627832     34720         0       292
22:04:55      3328908   3285812   4857692     59.65         4     35008   8413084     68.19   4627832     34720         0       292
22:05:00      3328908   3285812   4857692     59.65         4     35008   8413084     68.19   4627832     34720         0       292
22:05:05      3328908   3285812   4857692     59.65         4     35008   8413084     68.19   4627832     34720         0       292
22:05:10      3328908   3285812   4857692     59.65         4     35008   8413084     68.19   4627832     34720         0       292
22:05:15      3328908   3285812   4857692     59.65         4     35008   8413084     68.19   4627832     34720         0       292
22:05:20      3328908   3285812   4857692     59.65         4     35008   8413084     68.19   4627832     34720         0       292
22:05:25      3328908   3285812   4857692     59.65         4     35008   8413084     68.19   4627832     34720         0       292
22:05:30      3328908   3285812   4857692     59.65         4     35008   8413084     68.19   4627832     34720         0       292
22:05:35      3328908   3285812   4857692     59.65         4     35008   8413084     68.19   4627832     34720         0       292
22:05:40      3328908   3285812   4857692     59.65         4     35008   8413084     68.19   4627832     34720         0       292
22:05:45      3328908   3285812   4857692     59.65         4     35008   8413084     68.19   4627832     34720         0       292
22:05:50      3328908   3285812   4857692     59.65         4     35008   8413084     68.19   4627832     34720         0       292
22:05:55      3328908   3285812   4857692     59.65         4     35008   8413084     68.19   4627832     34720         0       292
22:06:00      3328908   3285812   4857692     59.65         4     35008   8413084     68.19   4627832     34720         0       292
22:06:05      3328908   3285812   4857692     59.65         4     35008   8413084     68.19   4627832     34720         0       292
22:06:10      3328908   3285812   4857692     59.65         4     35008   8413084     68.19   4627832     34720         0       292
22:06:15      3328908   3285812   4857692     59.65         4     35008   8413084     68.19   4627832     34720         0       292
22:06:20      3328908   3285812   4857692     59.65         4     35008   8413084     68.19   4627832     34720         0       292
22:06:25      3328908   3285812   4857692     59.65         4     35008   8413084     68.19   4627832     34720         0       292
22:06:30      3328908   3285812   4857692     59.65         4     35008   8413084     68.19   4627832     34720         0       292
22:06:35      3328908   3285812   4857692     59.65         4     35008   8413084     68.19   4627832     34720         0       292
22:06:40      3328908   3285812   4857692     59.65         4     35008   8413084     68.19   4627832     34720         0       292
22:06:45      3328908   3285812   4857692     59.65         4     35008   8413084     68.19   4627832     34720         0       292
22:06:50      3328908   3285812   4857692     59.65         4     35008   8413084     68.19   4627832     34720         0       292
22:06:55      3328908   3285812   4857692     59.65         4     35008   8413084     68.19   4627832     34720         0       292
22:07:00      3328908   3285812   4857692     59.65         4     35008   8413084     68.19   4627832     34720         0       292
22:07:05      3328908   3285812   4857692     59.65         4     35008   8413084     68.19   4627832     34720         0       292
22:07:10      3328908   3285812   4857692     59.65         4     35008   8413084     68.19   4627832     34720         0       292
22:07:15      3328908   3285812   4857692     59.65         4     35008   8413084     68.19   4627832     34720         0       292
22:07:20      3328908   3285812   4857692     59.65         4     35008   8413084     68.19   4627832     34720         0       292
22:07:25      3328908   3285812   4857692     59.65         4     35008   8413084     68.19   4627832     34720         0       292
22:07:30      3328908   3285812   4857692     59.65         4     35008   8413084     68.19   4627832     34720         0       292
22:07:35      3328908   3285812   4857692     59.65         4     35008   8413084     68.19   4627832     34720         0       292
22:07:40      3328908   3285812   4857692     59.65         4     35008   8413084     68.19   4627832     34720         0       292
22:07:45      3328908   3285812   4857692     59.65         4     35008   8413084     68.19   4627832     34720         0       292
22:07:50      3328908   3285812   4857692     59.65         4     35008   8413084     68.19   4627832     34720         0       292
22:07:55      3328908   3285812   4857692     59.65         4     35008   8413084     68.19   4627832     34720         0       292
22:08:00      3328908   3285812   4857692     59.65         4     35008   8413084     68.19   4627832     34720         0       292
22:08:05      3328908   3285812   4857692     59.65         4     35008   8413084     68.19   4627832     34720         0       292
22:08:10      3328908   3285812   4857692     59.65         4     35008   8413084     68.19   4627832     34720         0       292
22:08:15      3328908   3285812   4857692     59.65         4     35008   8413084     68.19   4627832     34720         0       292
22:08:20      3328908   3285812   4857692     59.65         4     35008   8413084     68.19   4627832     34720         0       292
22:08:25      3328908   3285812   4857692     59.65         4     35008   8413084     68.19   4627832     34720         0       292
22:08:30      3328908   3285812   4857692     59.65         4     35008   8413084     68.19   4627832     34720         0       292
22:08:35      3328908   3285812   4857692     59.65         4     35008   8413084     68.19   4627832     34720         0       292
22:08:40      3328908   3285812   4857692     59.65         4     35008   8413084     68.19   4627832     34720         0       292
22:08:45      3328908   3285812   4857692     59.65         4     35008   8413084     68.19   4627832     34720         0       292
22:08:50      3328908   3285812   4857692     59.65         4     35008   8413084     68.19   4627832     34720         0       292
22:08:55      3328908   3285812   4857692     59.65         4     35008   8413084     68.19   4627832     34720         0       292
22:09:00      3328908   3285812   4857692     59.65         4     35008   8413084     68.19   4627832     34720         0       292
22:09:05      3328908   3285812   4857692     59.65         4     35008   8413084     68.19   4627832     34720         0       292
22:09:10      3328908   3285812   4857692     59.65         4     35008   8413084     68.19   4627832     34720         0       292
22:09:15      3328908   3285812   4857692     59.65         4     35008   8413084     68.19   4627832     34720         0       292
22:09:20      3328908   3285812   4857692     59.65         4     35008   8413084     68.19   4627832     34720         0       292
22:09:25      3328908   3285812   4857692     59.65         4     35008   8413084     68.19   4627832     34720         0       292
22:09:30      3328908   3285812   4857692     59.65         4     35008   8413084     68.19   4627832     34720         0       292
22:09:35      3328908   3285812   4857692     59.65         4     35008   8413084     68.19   4627832     34720         0       292
22:09:40      3328908   3285812   4857692     59.65         4     35008   8413084     68.19   4627832     34720         0       292
22:09:45      3328908   3285812   4857692     59.65         4     35008   8413084     68.19   4627832     34720         0       292
22:09:50      3328908   3285812   4857692     59.65         4     35008   8413084     68.19   4627832     34720         0       292
22:09:55      3328908   3285812   4857692     59.65         4     35008   8413084     68.19   4627832     34720         0       292
22:10:00      3328908   3285812   4857692     59.65         4     35008   8413084     68.19   4627832     34720         0       292
22:10:05      3328908   3285812   4857692     59.65         4     35008   8413084     68.19   4627832     34720         0       292
22:10:10      3328908   3285812   4857692     59.65         4     35008   8413084     68.19   4627832     34720         0       292
22:10:15      3328908   3285812   4857692     59.65         4     35008   8413084     68.19   4627832     34720         0       292
22:10:20      3328908   3285812   4857692     59.65         4     35008   8413084     68.19   4627832     34720         0       292
22:10:25      3328908   3285812   4857692     59.65         4     35008   8413084     68.19   4627832     34720         0       292
22:10:30      3328908   3285812   4857692     59.65         4     35008   8413084     68.19   4627832     34720         0       292
22:10:35      3328908   3285812   4857692     59.65         4     35008   8413084     68.19   4627832     34720         0       292
22:10:40      3328908   3285812   4857692     59.65         4     35008   8413084     68.19   4627832     34720         0       292
22:10:45      3328908   3285812   4857692     59.65         4     35008   8413084     68.19   4627832     34720         0       292
22:10:50      3328908   3285812   4857692     59.65         4     35008   8413084     68.19   4627832     34720         0       292
22:10:55      3328908   3285812   4857692     59.65         4     35008   8413084     68.19   4627832     34720         0       292
22:11:00      3328908   3285812   4857692     59.65         4     35008   8413084     68.19   4627832     34720         0       292
22:11:05      3328908   3285812   4857692     59.65         4     35008   8413084     68.19   4627832     34720         0       292
22:11:10      3328908   3285812   4857692     59.65         4     35008   8413084     68.19   4627832     34720         0       292
22:11:15      3328908   3285812   4857692     59.65         4     35008   8413084     68.19   4627832     34720         0       292
22:11:20      3328908   3285812   4857692     59.65         4     35008   8413084     68.19   4627832     34720         0       292
22:11:25      3328908   3285812   4857692     59.65         4     35008   8413084     68.19   4627832     34720         0       292
22:11:30      3328908   3285812   4857692     59.65         4     35008   8413084     68.19   4627832     34720         0       292
22:11:35      3328908   3285812   4857692     59.65         4     35008   8413084     68.19   4627832     34720         0       292
22:11:40      3328908   3285812   4857692     59.65         4     35008   8413084     68.19   4627832     34720         0       292
22:11:45      3328908   3285812   4857692     59.65         4     35008   8413084     68.19   4627832     34720         0       292
22:11:50      3328908   3285812   4857692     59.65         4     35008   8413084     68.19   4627832     34720         0       292
22:11:55      3328908   3285812   4857692     59.65         4     35008   8413084     68.19   4627832     34720         0       292
22:12:00      3328908   3285812   4857692     59.65         4     35008   8413084     68.19   4627832     34720         0       292
22:12:05      3328908   3285812   4857692     59.65         4     35008   8413084     68.19   4627832     34720         0       292
22:12:10      3328908   3285812   4857692     59.65         4     35008   8413084     68.19   4627832     34720         0       292
22:12:15      3328908   3285812   4857692     59.65         4     35008   8413084     68.19   4627832     34720         0       292
22:12:20      3328908   3285812   4857692     59.65         4     35008   8413084     68.19   4627832     34720         0       292
22:12:25      3328908   3285812   4857692     59.65         4     35008   8413084     68.19   4627832     34720         0       292
22:12:30      3328908   3285812   4857692     59.65         4     35008   8413084     68.19   4627832     34720         0       292
22:12:35      3328908   3285812   4857692     59.65         4     35008   8413084     68.19   4627832     34720         0       292
22:12:40      3328908   3285812   4857692     59.65         4     35008   8413084     68.19   4627832     34720         0       292
22:12:45      3328908   3285812   4857692     59.65         4     35008   8413084     68.19   4627832     34720         0       292
22:12:50      3328908   3285812   4857692     59.65         4     35008   8413084     68.19   4627832     34720         0       292
22:12:55      3328908   3285812   4857692     59.65         4     35008   8413084     68.19   4627832     34720         0       292
22:13:00      3328908   3285812   4857692     59.65         4     35008   8413084     68.19   4627832     34720         0       292
22:13:05      3328908   3285812   4857692     59.65         4     35008   8413084     68.19   4627832     34720         0       292
22:13:10      3328908   3285812   4857692     59.65         4     35008   8413084     68.19   4627832     34720         0       292
22:13:15      3328908   3285812   4857692     59.65         4     35008   8413084     68.19   4627832     34720         0       292
22:13:20      3328908   3285812   4857692     59.65         4     35008   8413084     68.19   4627832     34720         0       292
22:13:25      3328908   3285812   4857692     59.65         4     35008   8413084     68.19   4627832     34720         0       292
22:13:30      3328908   3285812   4857692     59.65         4     35008   8413084     68.19   4627832     34720         0       292
22:13:35      3328908   3285812   4857692     59.65         4     35008   8413084     68.19   4627832     34720         0       292
22:13:40      3328908   3285812   4857692     59.65         4     35008   8413084     68.19   4627832     34720         0       292
22:13:45      3328908   3285812   4857692     59.65         4     35008   8413084     68.19   4627832     34720         0       292
22:13:50      3328908   3285812   4857692     59.65         4     35008   8413084     68.19   4627832     34720         0       292
22:13:55      3328908   3285812   4857692     59.65         4     35008   8413084     68.19   4627832     34720         0       292
22:14:00      3328908   3285812   4857692     59.65         4     35008   8413084     68.19   4627832     34720         0       292
22:14:05      3328908   3285812   4857692     59.65         4     35008   8413084     68.19   4627832     34720         0       292
22:14:10      3328908   3285812   4857692     59.65         4     35008   8413084     68.19   4627832     34720         0       292
22:14:15      3328908   3285812   4857692     59.65         4     35008   8413084     68.19   4627832     34720         0       292
22:14:20      3328908   3285812   4857692     59.65         4     35008   8413084     68.19   4627832     34720         0       292
22:14:25      3328908   3285812   4857692     59.65         4     35008   8413084     68.19   4627832     34720         0       292
22:14:30      3328908   3285812   4857692     59.65         4     35008   8413084     68.19   4627832     34720         0       292
22:14:35      3328908   3285812   4857692     59.65         4     35008   8413084     68.19   4627832     34720         0       292
22:14:40      3328908   3285812   4857692     59.65         4     35008   8413084     68.19   4627832     34720         0       292
22:14:45      3328908   3285812   4857692     59.65         4     35008   8413084     68.19   4627832     34720         0       292
22:14:50      3328908   3285812   4857692     59.65         4     35008   8413084     68.19   4627832     34720         0       292
22:14:55      3328908   3285812   4857692     59.65         4     35008   8413084     68.19   4627832     34720         0       292
22:15:00      3328908   3285812   4857692     59.65         4     35008   8413084     68.19   4627832     34720         0       292
22:15:05      3328908   3285812   4857692     59.65         4     35008   8413084     68.19   4627832     34720         0       292
22:15:10      3328908   3285812   4857692     59.65         4     35008   8413084     68.19   4627832     34720         0       292
22:15:15      3328908   3285812   4857692     59.65         4     35008   8413084     68.19   4627832     34720         0       292
22:15:20      3328908   3285812   4857692     59.65         4     35008   8413084     68.19   4627832     34720         0       292
22:15:25      3328908   3285812   4857692     59.65         4     35008   8413084     68.19   4627832     34720         0       292
22:15:30      3328908   3285812   4857692     59.65         4     35008   8413084     68.19   4627832     34720         0       292
22:15:35      3328908   3285812   4857692     59.65         4     35008   8413084     68.19   4627832     34720         0       292
22:15:40      3328908   3285812   4857692     59.65         4     35008   8413084     68.19   4627832     34720         0       292
22:15:45      3328908   3285812   4857692     59.65         4     35008   8413084     68.19   4627832     34720         0       292
22:15:50      3328908   3285812   4857692     59.65         4     35008   8413084     68.19   4627832     34720         0       292
22:15:55      3328908   3285812   4857692     59.65         4     35008   8413084     68.19   4627832     34720         0       292
22:16:00      3328908   3285812   4857692     59.65         4     35008   8413084     68.19   4627832     34720         0       292
22:16:05      3328908   3285812   4857692     59.65         4     35008   8413084     68.19   4627832     34720         0       292
22:16:10      3328908   3285812   4857692     59.65         4     35008   8413084     68.19   4627832     34720         0       292
22:16:15      3328908   3285812   4857692     59.65         4     35008   8413084     68.19   4627832     34720         0       292
22:16:20      3328908   3285812   4857692     59.65         4     35008   8413084     68.19   4627832     34720         0       292
22:16:25      3328908   3285812   4857692     59.65         4     35008   8413084     68.19   4627832     34720         0       292
22:16:30      3328908   3285812   4857692     59.65         4     35008   8413084     68.19   4627832     34720         0       292
22:16:35      3328908   3285812   4857692     59.65         4     35008   8413084     68.19   4627832     34720         0       292
22:16:40      3328908   3285812   4857692     59.65         4     35008   8413084     68.19   4627832     34720         0       292
22:16:45      3328908   3285812   4857692     59.65         4     35008   8413084     68.19   4627832     34720         0       292
22:16:50      3328908   3285812   4857692     59.65         4     35008   8413084     68.19   4627832     34720         0       292
22:16:55      3328908   3285812   4857692     59.65         4     35008   8413084     68.19   4627832     34720         0       292
22:17:00      3328908   3285812   4857692     59.65         4     35008   8413084     68.19   4627832     34720         0       292
22:17:05      3328908   3285812   4857692     59.65         4     35008   8413084     68.19   4627832     34720         0       292
22:17:10      3328908   3285812   4857692     59.65         4     35008   8413084     68.19   4627832     34720         0       292
22:17:15      3328908   3285812   4857692     59.65         4     35008   8413084     68.19   4627832     34720         0       292
22:17:20      3328908   3285812   4857692     59.65         4     35008   8413084     68.19   4627832     34720         0       292
22:17:25      3328908   3285812   4857692     59.65         4     35008   8413084     68.19   4627832     34720         0       292
22:17:30      3328908   3285812   4857692     59.65         4     35008   8413084     68.19   4627832     34720         0       292
22:17:35      3328908   3285812   4857692     59.65         4     35008   8413084     68.19   4627832     34720         0       292
22:17:40      3328908   3285812   4857692     59.65         4     35008   8413084     68.19   4627832     34720         0       292
22:17:45      3328908   3285812   4857692     59.65         4     35008   8413084     68.19   4627832     34720         0       292
22:17:50      3328908   3285812   4857692     59.65         4     35008   8413084     68.19   4627832     34720         0       292
22:17:55      3328908   3285812   4857692     59.65         4     35008   8413084     68.19   4627832     34720         0       292
22:18:00      3328908   3285812   4857692     59.65         4     35008   8413084     68.19   4627832     34720         0       292
22:18:05      3328908   3285812   4857692     59.65         4     35008   8413084     68.19   4627832     34720         0       292
22:18:10      3328908   3285812   4857692     59.65         4     35008   8413084     68.19   4627832     34720         0       292
22:18:15      3328908   3285812   4857692     59.65         4     35008   8413084     68.19   4627832     34720         0       292
22:18:20      3328908   3285812   4857692     59.65         4     35008   8413084     68.19   4627832     34720         0       292
22:18:25      3328908   3285812   4857692     59.65         4     35008   8413084     68.19   4627832     34720         0       292
22:18:30      3328908   3285812   4857692     59.65         4     35008   8413084     68.19   4627832     34720         0       292
22:18:35      3328908   3285812   4857692     59.65         4     35008   8413084     68.19   4627832     34720         0       292
22:18:40      3328908   3285812   4857692     59.65         4     35008   8413084     68.19   4627832     34720         0       292
22:18:45      3328908   3285812   4857692     59.65         4     35008   8413084     68.19   4627832     34720         0       292
22:18:50      3328908   3285812   4857692     59.65         4     35008   8413084     68.19   4627832     34720         0       292
22:18:55      3328908   3285812   4857692     59.65         4     35008   8413084     68.19   4627832     34720         0       292
22:19:00      3328908   3285812   4857692     59.65         4     35008   8413084     68.19   4627832     34720         0       292
22:19:05      3328908   3285812   4857692     59.65         4     35008   8413084     68.19   4627832     34720         0       292
22:19:10      3328908   3285812   4857692     59.65         4     35008   8413084     68.19   4627832     34720         0       292
22:19:15      3328908   3285812   4857692     59.65         4     35008   8413084     68.19   4627832     34720         0       292
22:19:20      3328908   3285812   4857692     59.65         4     35008   8413084     68.19   4627832     34720         0       292
22:19:25      3328908   3285812   4857692     59.65         4     35008   8413084     68.19   4627832     34720         0       292
22:19:30      3328908   3285812   4857692     59.65         4     35008   8413084     68.19   4627832     34720         0       292
22:19:35      3328908   3285812   4857692     59.65         4     35008   8413084     68.19   4627832     34720         0       292
22:19:40      3328908   3285812   4857692     59.65         4     35008   8413084     68.19   4627832     34720         0       292
22:19:45      3328908   3285812   4857692     59.65         4     35008   8413084     68.19   4627832     34720         0       292
22:19:50      3328908   3285812   4857692     59.65         4     35008   8413084     68.19   4627832     34720         0       292
22:19:55      3328908   3285812   4857692     59.65         4     35008   8413084     68.19   4627832     34720         0       292
22:20:00      3328908   3285812   4857692     59.65         4     35008   8413084     68.19   4627832     34720         0       292
22:20:05      3328908   3285812   4857692     59.65         4     35008   8413084     68.19   4627832     34720         0       292
22:20:10      3328908   3285812   4857692     59.65         4     35008   8413084     68.19   4627832     34720         0       292
22:20:15      3328908   3285812   4857692     59.65         4     35008   8413084     68.19   4627832     34720         0       292
22:20:20      3328908   3285812   4857692     59.65         4     35008   8413084     68.19   4627832     34720         0       292
22:20:25      3328908   3285812   4857692     59.65         4     35008   8413084     68.19   4627832     34720         0       292
22:20:30      3328908   3285812   4857692     59.65         4     35008   8413084     68.19   4627832     34720         0       292
22:20:35      3328908   3285812   4857692     59.65         4     35008   8413084     68.19   4627832     34720         0       292
22:20:40      3328908   3285812   4857692     59.65         4     35008   8413084     68.19   4627832     34720         0       292
22:20:45      3328908   3285812   4857692     59.65         4     35008   8413084     68.19   4627832     34720         0       292
22:20:50      3328908   3285812   4857692     59.65         4     35008   8413084     68.19   4627832     34720         0       292
22:20:55      3328908   3285812   4857692     59.65         4     35008   8413084     68.19   4627832     34720         0       292
22:21:00      3328908   3285812   4857692     59.65         4     35008   8413084     68.19   4627832     34720         0       292
22:21:05      3328908   3285812   4857692     59.65         4     35008   8413084     68.19   4627832     34720         0       292
22:21:10      3328908   3285812   4857692     59.65         4     35008   8413084     68.19   4627832     34720         0       292
22:21:15      3328908   3285812   4857692     59.65         4     35008   8413084     68.19   4627832     34720         0       292
22:21:20      3328908   3285812   4857692     59.65         4     35008   8413084     68.19   4627832     34720         0       292
22:21:25      3328908   3285812   4857692     59.65         4     35008   8413084     68.19   4627832     34720         0       292
22:21:30      3328908   3285812   4857692     59.65         4     35008   8413084     68.19   4627832     34720         0       292
22:21:35      3328908   3285812   4857692     59.65         4     35008   8413084     68.19   4627832     34720         0       292
22:21:40      3328908   3285812   4857692     59.65         4     35008   8413084     68.19   4627832     34720         0       292
22:21:45      3328908   3285812   4857692     59.65         4     35008   8413084     68.19   4627832     34720         0       292
22:21:50      3328908   3285812   4857692     59.65         4     35008   8413084     68.19   4627832     34720         0       292
22:21:55      3328908   3285812   4857692     59.65         4     35008   8413084     68.19   4627832     34720         0       292
22:22:00      3328908   3285812   4857692     59.65         4     35008   8413084     68.19   4627832     34720         0       292
22:22:05      3328908   3285812   4857692     59.65         4     35008   8413084     68.19   4627832     34720         0       292
22:22:10      3328908   3285812   4857692     59.65         4     35008   8413084     68.19   4627832     34720         0       292
22:22:15      3328908   3285812   4857692     59.65         4     35008   8413084     68.19   4627832     34720         0       292
22:22:20      3328908   3285812   4857692     59.65         4     35008   8413084     68.19   4627832     34720         0       292
22:22:25      3328908   3285812   4857692     59.65         4     35008   8413084     68.19   4627832     34720         0       292
22:22:30      3328908   3285812   4857692     59.65         4     35008   8413084     68.19   4627832     34720         0       292
22:22:35      3328908   3285812   4857692     59.65         4     35008   8413084     68.19   4627832     34720         0       292
22:22:40      3328908   3285812   4857692     59.65         4     35008   8413084     68.19   4627832     34720         0       292
22:22:45      3328908   3285812   4857692     59.65         4     35008   8413084     68.19   4627832     34720         0       292
22:22:50      3328908   3285812   4857692     59.65         4     35008   8413084     68.19   4627832     34720         0       292
22:22:55      3328908   3285812   4857692     59.65         4     35008   8413084     68.19   4627832     34720         0       292
22:23:00      3328908   3285812   4857692     59.65         4     35008   8413084     68.19   4627832     34720         0       292
22:23:05      3328908   3285812   4857692     59.65         4     35008   8413084     68.19   4627832     34720         0       292
22:23:10      3328908   3285812   4857692     59.65         4     35008   8413084     68.19   4627832     34720         0       292
22:23:15      3328908   3285812   4857692     59.65         4     35008   8413084     68.19   4627832     34720         0       292
22:23:20      3328908   3285812   4857692     59.65         4     35008   8413084     68.19   4627832     34720         0       292
22:23:25      3328908   3285812   4857692     59.65         4     35008   8413084     68.19   4627832     34720         0       292
22:23:30      3328908   3285812   4857692     59.65         4     35008   8413084     68.19   4627832     34720         0       292
22:23:35      3328908   3285812   4857692     59.65         4     35008   8413084     68.19   4627832     34720         0       292
22:23:40      3328908   3285812   4857692     59.65         4     35008   8413084     68.19   4627832     34720         0       292
22:23:45      3328908   3285812   4857692     59.65         4     35008   8413084     68.19   4627832     34720         0       292
22:23:50      3328908   3285812   4857692     59.65         4     35008   8413084     68.19   4627832     34720         0       292
22:23:55      3328908   3285812   4857692     59.65         4     35008   8413084     68.19   4627832     34720         0       292
22:24:00      3328908   3285812   4857692     59.65         4     35008   8413084     68.19   4627832     34720         0       292
22:24:05      3328908   3285812   4857692     59.65         4     35008   8413084     68.19   4627832     34720         0       292
22:24:10      3328908   3285812   4857692     59.65         4     35008   8413084     68.19   4627832     34720         0       292
22:24:15      3328908   3285812   4857692     59.65         4     35008   8413084     68.19   4627832     34720         0       292
22:24:20      3328908   3285812   4857692     59.65         4     35008   8413084     68.19   4627832     34720         0       292
22:24:25      3328908   3285812   4857692     59.65         4     35008   8413084     68.19   4627832     34720         0       292
22:24:30      3328908   3285812   4857692     59.65         4     35008   8413084     68.19   4627832     34720         0       292
22:24:35      3328908   3285812   4857692     59.65         4     35008   8413084     68.19   4627832     34720         0       292
22:24:40      3328908   3285812   4857692     59.65         4     35008   8413084     68.19   4627832     34720         0       292
22:24:45      3328908   3285812   4857692     59.65         4     35008   8413084     68.19   4627832     34720         0       292
22:24:50      3328908   3285812   4857692     59.65         4     35008   8413084     68.19   4627832     34720         0       292
22:24:55      3328908   3285812   4857692     59.65         4     35008   8413084     68.19   4627832     34720         0       292
22:25:00      3328908   3285812   4857692     59.65         4     35008   8413084     68.19   4627832     34720         0       292
22:25:05      3328908   3285812   4857692     59.65         4     35008   8413084     68.19   4627832     34720         0       292
22:25:10      3328908   3285812   4857692     59.65         4     35008   8413084     68.19   4627832     34720         0       292
22:25:15      3328908   3285812   4857692     59.65         4     35008   8413084     68.19   4627832     34720         0       292
22:25:20      3328908   3285812   4857692     59.65         4     35008   8413084     68.19   4627832     34720         0       292
22:25:25      3328908   3285812   4857692     59.65         4     35008   8413084     68.19   4627832     34720         0       292
22:25:30      3328908   3285812   4857692     59.65         4     35008   8413084     68.19   4627832     34720         0       292
22:25:35      3328908   3285812   4857692     59.65         4     35008   8413084     68.19   4627832     34720         0       292
22:25:40      3328908   3285812   4857692     59.65         4     35008   8413084     68.19   4627832     34720         0       292
22:25:45      3328908   3285812   4857692     59.65         4     35008   8413084     68.19   4627832     34720         0       292
22:25:50      3328908   3285812   4857692     59.65         4     35008   8413084     68.19   4627832     34720         0       292
22:25:55      3328908   3285812   4857692     59.65         4     35008   8413084     68.19   4627832     34720         0       292
22:26:00      3328908   3285812   4857692     59.65         4     35008   8413084     68.19   4627832     34720         0       292
22:26:05      3328908   3285812   4857692     59.65         4     35008   8413084     68.19   4627832     34720         0       292
22:26:10      3328908   3285812   4857692     59.65         4     35008   8413084     68.19   4627832     34720         0       292
22:26:15      3328908   3285812   4857692     59.65         4     35008   8413084     68.19   4627832     34720         0       292
22:26:20      3328908   3285812   4857692     59.65         4     35008   8413084     68.19   4627832     34720         0       292
22:26:25      3328908   3285812   4857692     59.65         4     35008   8413084     68.19   4627832     34720         0       292
22:26:30      3328908   3285812   4857692     59.65         4     35008   8413084     68.19   4627832     34720         0       292
22:26:35      3328908   3285812   4857692     59.65         4     35008   8413084     68.19   4627832     34720         0       292
22:26:40      3328908   3285812   4857692     59.65         4     35008   8413084     68.19   4627832     34720         0       292
22:26:45      3328908   3285812   4857692     59.65         4     35008   8413084     68.19   4627832     34720         0       292
22:26:50      3328908   3285812   4857692     59.65         4     35008   8413084     68.19   4627832     34720         0       292
22:26:55      3328908   3285812   4857692     59.65         4     35008   8413084     68.19   4627832     34720         0       292
22:27:00      3328908   3285812   4857692     59.65         4     35008   8413084     68.19   4627832     34720         0       292
22:27:05      3328908   3285812   4857692     59.65         4     35008   8413084     68.19   4627832     34720         0       292
22:27:10      3328908   3285812   4857692     59.65         4     35008   8413084     68.19   4627832     34720         0       292
22:27:15      3328908   3285812   4857692     59.65         4     35008   8413084     68.19   4627832     34720         0       292
22:27:20      3328908   3285812   4857692     59.65         4     35008   8413084     68.19   4627832     34720         0       292
22:27:25      3328908   3285812   4857692     59.65         4     35008   8413084     68.19   4627832     34720         0       292
22:27:30      3329596   3286500   4857004     59.64         4     35008   8410284     68.17   4626972     34720         0       292
Average:      3567965   3524869   4618635     56.72         4     35008   8413080     68.19   4389412     34720         0       292
