Linux 7.2.0-rc5-virtme (virtme-ng) 	08/02/26 	_x86_64_	(4 CPU)

22:27:49     pgpgin/s pgpgout/s   fault/s  majflt/s  pgfree/s pgscank/s pgscand/s pgsteal/s  pgprom/s   pgdem/s
22:27:54         0.00      0.00 167852.89      0.00    543.71      0.00      0.00      0.00      0.00      0.00
22:27:59         0.00      0.00      3.20      0.00      0.20      0.00      0.00      0.00      0.00      0.00
22:28:04         0.00      0.00      0.00      0.00      1.60      0.00      0.00      0.00      0.00      0.00
22:28:09         0.00      0.00      0.00      0.00      0.60      0.00      0.00      0.00      0.00      0.00
22:28:14         0.00      0.00      0.00      0.00      0.00      0.00      0.00      0.00      0.00      0.00
22:28:19         0.00      0.00      0.00      0.00      0.00      0.00      0.00      0.00      0.00      0.00
22:28:24         0.00      0.00      0.00      0.00      0.00      0.00      0.00      0.00      0.00      0.00
22:28:29         0.00      0.00      0.00      0.00      0.20      0.00      0.00      0.00      0.00      0.00
22:28:34         0.00      0.00      0.00      0.00      0.00      0.00      0.00      0.00      0.00      0.00
22:28:39         0.00      0.00      0.00      0.00      0.00      0.00      0.00      0.00      0.00      0.00
22:28:44         0.00      0.00      0.00      0.00      0.00      0.00      0.00      0.00      0.00      0.00
22:28:49         0.00      0.00      0.00      0.00      0.00      0.00      0.00      0.00      0.00      0.00
22:28:54         0.00      0.00      0.00      0.00      0.00      0.00      0.00      0.00      0.00      0.00
22:28:59         0.00      0.00      0.00      0.00      0.00      0.00      0.00      0.00      0.00      0.00
22:29:04         0.00      0.00      0.00      0.00      0.00      0.00      0.00      0.00      0.00      0.00
22:29:09         0.00      0.00      0.00      0.00      0.00      0.00      0.00      0.00      0.00      0.00
22:29:14         0.00      0.00      0.00      0.00      0.00      0.00      0.00      0.00      0.00      0.00
22:29:19         0.00      0.00      0.00      0.00      0.00      0.00      0.00      0.00      0.00      0.00
22:29:24         0.00      0.00      0.00      0.00      0.00      0.00      0.00      0.00      0.00      0.00
22:29:29         0.00      0.00      0.00      0.00      0.00      0.00      0.00      0.00      0.00      0.00
22:29:34         0.00      0.00      0.00      0.00      0.00      0.00      0.00      0.00      0.00      0.00
22:29:39         0.00      0.00      0.00      0.00      0.00      0.00      0.00      0.00      0.00      0.00
22:29:44         0.00      0.00      0.00      0.00      0.00      0.00      0.00      0.00      0.00      0.00
22:29:49         0.00      0.00      0.00      0.00      0.00      0.00      0.00      0.00      0.00      0.00
22:29:54         0.00      0.00      0.00      0.00      0.00      0.00      0.00      0.00      0.00      0.00
22:29:59         0.00      0.00      0.00      0.00      0.00      0.00      0.00      0.00      0.00      0.00
22:30:04         0.00      0.00      0.00      0.00      0.00      0.00      0.00      0.00      0.00      0.00
22:30:09         0.00      0.00      0.00      0.00      0.00      0.00      0.00      0.00      0.00      0.00
22:30:14         0.00      0.00      0.00      0.00      0.00      0.00      0.00      0.00      0.00      0.00
22:30:19         0.00      0.00      0.00      0.00      0.00      0.00      0.00      0.00      0.00      0.00
22:30:24         0.00      0.00      0.00      0.00      0.00      0.00      0.00      0.00      0.00      0.00
22:30:29         0.00      0.00      0.00      0.00      0.00      0.00      0.00      0.00      0.00      0.00
22:30:34         0.00      0.00      0.00      0.00      0.00      0.00      0.00      0.00      0.00      0.00
22:30:39         0.00      0.00      0.00      0.00      0.00      0.00      0.00      0.00      0.00      0.00
22:30:44         0.00      0.00      0.00      0.00      0.00      0.00      0.00      0.00      0.00      0.00
22:30:49         0.00      0.00      0.00      0.00      0.00      0.00      0.00      0.00      0.00      0.00
22:30:54         0.00      0.00 104857.40      0.00      0.00      0.00      0.00      0.00      0.00      0.00
22:30:59         0.00      0.00      0.00      0.00      0.00      0.00      0.00      0.00      0.00      0.00
22:31:04         0.00      0.00      0.00      0.00      0.00      0.00      0.00      0.00      0.00      0.00
22:31:09         0.00      0.00      0.00      0.00      0.00      0.00      0.00      0.00      0.00      0.00
22:31:14         0.00      0.00      0.00      0.00      0.00      0.00      0.00      0.00      0.00      0.00
22:31:19         0.00      0.00      0.00      0.00      0.00      0.00      0.00      0.00      0.00      0.00
22:31:24         0.00      0.00      0.00      0.00      0.00      0.00      0.00      0.00      0.00      0.00
22:31:29         0.00      0.00      0.00      0.00      0.00      0.00      0.00      0.00      0.00      0.00
22:31:34         0.00      0.00      0.00      0.00      0.00      0.00      0.00      0.00      0.00      0.00
22:31:39         0.00      0.00      0.00      0.00      0.00      0.00      0.00      0.00      0.00      0.00
22:31:44         0.00      0.00      0.00      0.00      0.00      0.00      0.00      0.00      0.00      0.00
22:31:49         0.00      0.00      0.00      0.00      0.00      0.00      0.00      0.00      0.00      0.00
22:31:54         0.00      0.00      0.00      0.00      0.00      0.00      0.00      0.00      0.00      0.00
22:31:59         0.00      0.00      0.00      0.00      0.00      0.00      0.00      0.00      0.00      0.00
22:32:04         0.00      0.00      0.00      0.00      0.00      0.00      0.00      0.00      0.00      0.00
22:32:09         0.00      0.00 132126.40      0.00      0.00      0.00      0.00      0.00      0.00      0.00
22:32:14         0.00      0.00  35645.40      0.00      0.00      0.00      0.00      0.00      0.00      0.00
22:32:19         0.00      0.00      0.00      0.00      0.00      0.00      0.00      0.00      0.00      0.00
22:32:24         0.00      0.00      0.00      0.00      0.00      0.00      0.00      0.00      0.00      0.00
22:32:29         0.00      0.00      0.00      0.00      0.00      0.00      0.00      0.00      0.00      0.00
22:32:34         0.00      0.00      0.00      0.00      0.00      0.00      0.00      0.00      0.00      0.00
22:32:39         0.00      0.00      0.00      0.00      0.00      0.00      0.00      0.00      0.00      0.00
22:32:44         0.00      0.00  41943.00      0.00      0.00      0.00      0.00      0.00      0.00      0.00
22:32:49         0.00      0.00      0.00      0.00      0.00      0.00      0.00      0.00      0.00      0.00
22:32:54         0.00      0.00      0.00      0.00      0.00      0.00      0.00      0.00      0.00      0.00
22:32:59         0.00      0.00      0.00      0.00      0.00      0.00      0.00      0.00      0.00      0.00
22:33:04         0.00      0.00      0.00      0.00      0.00      0.00      0.00      0.00      0.00      0.00
22:33:09         0.00      0.00      0.00      0.00      0.00      0.00      0.00      0.00      0.00      0.00
22:33:14         0.00      0.00      0.00      0.00      0.00      0.00      0.00      0.00      0.00      0.00
22:33:19         0.00      0.00      0.00      0.00      0.00      0.00      0.00      0.00      0.00      0.00
22:33:24         0.00      0.00      0.00      0.00      0.00      0.00      0.00      0.00      0.00      0.00
22:33:29         0.00      0.00      0.00      0.00      0.00      0.00      0.00      0.00      0.00      0.00
22:33:34         0.00      0.00      0.00      0.00      0.00      0.00      0.00      0.00      0.00      0.00
22:33:39         0.00      0.00      0.00      0.00      0.00      0.00      0.00      0.00      0.00      0.00
22:33:44         0.00      0.00      0.00      0.00      0.00      0.00      0.00      0.00      0.00      0.00
22:33:49         0.00      0.00      0.00      0.00      0.00      0.00      0.00      0.00      0.00      0.00
22:33:54         0.00      0.00      0.00      0.00      0.00      0.00      0.00      0.00      0.00      0.00
22:33:59         0.00      0.00      0.00      0.00      0.00      0.00      0.00      0.00      0.00      0.00
22:34:04         0.00      0.00      0.00      0.00      0.00      0.00      0.00      0.00      0.00      0.00
22:34:09         0.00      0.00      0.00      0.00      0.00      0.00      0.00      0.00      0.00      0.00
22:34:14         0.00      0.00      0.00      0.00      0.00      0.00      0.00      0.00      0.00      0.00
22:34:19         0.00      0.00      0.00      0.00      0.00      0.00      0.00      0.00      0.00      0.00
22:34:24         0.00      0.00      0.00      0.00      0.00      0.00      0.00      0.00      0.00      0.00
22:34:29         0.00      0.00      0.00      0.00      0.00      0.00      0.00      0.00      0.00      0.00
22:34:34         0.00      0.00      0.00      0.00      0.00      0.00      0.00      0.00      0.00      0.00
22:34:39         0.00      0.00      0.00      0.00      0.00      0.00      0.00      0.00      0.00      0.00
22:34:44         0.00      0.00      0.00      0.00      0.00      0.00      0.00      0.00      0.00      0.00
22:34:49         0.00      0.00      0.00      0.00      0.00      0.00      0.00      0.00      0.00      0.00
22:34:54         0.00      0.00      0.00      0.00      0.00      0.00      0.00      0.00      0.00      0.00
22:34:59         0.00      0.00      0.00      0.00      0.00      0.00      0.00      0.00      0.00      0.00
22:35:04         0.00      0.00      0.00      0.00      0.00      0.00      0.00      0.00      0.00      0.00
22:35:09         0.00      0.00      0.00      0.00      0.00      0.00      0.00      0.00      0.00      0.00
22:35:14         0.00      0.00      0.00      0.00      0.00      0.00      0.00      0.00      0.00      0.00
22:35:19         0.00      0.00      0.00      0.00      0.00      0.00      0.00      0.00      0.00      0.00
22:35:24         0.00      0.00      0.00      0.00      0.00      0.00      0.00      0.00      0.00      0.00
22:35:29         0.00      0.00      0.00      0.00      0.00      0.00      0.00      0.00      0.00      0.00
22:35:34         0.00      0.00      0.00      0.00      0.00      0.00      0.00      0.00      0.00      0.00
22:35:39         0.00      0.00      0.00      0.00      0.00      0.00      0.00      0.00      0.00      0.00
22:35:44         0.00      0.00      0.00      0.00      0.00      0.00      0.00      0.00      0.00      0.00
22:35:49         0.00      0.00      0.00      0.00      0.00      0.00      0.00      0.00      0.00      0.00
22:35:54         0.00      0.00      0.00      0.00      0.00      0.00      0.00      0.00      0.00      0.00
22:35:59         0.00      0.00      0.00      0.00      0.00      0.00      0.00      0.00      0.00      0.00
22:36:04         0.00      0.00      0.00      0.00      0.00      0.00      0.00      0.00      0.00      0.00
22:36:09         0.00      0.00      0.00      0.00      0.00      0.00      0.00      0.00      0.00      0.00
22:36:14         0.00      0.00      0.00      0.00      0.00      0.00      0.00      0.00      0.00      0.00
22:36:19         0.00      0.00      0.00      0.00      0.00      0.00      0.00      0.00      0.00      0.00
22:36:24         0.00      0.00      0.00      0.00      0.00      0.00      0.00      0.00      0.00      0.00
22:36:29         0.00      0.00      0.00      0.00      0.00      0.00      0.00      0.00      0.00      0.00
22:36:34         0.00      0.00      0.00      0.00      0.00      0.00      0.00      0.00      0.00      0.00
22:36:39         0.00      0.00      0.00      0.00      0.00      0.00      0.00      0.00      0.00      0.00
22:36:44         0.00      0.00      0.00      0.00      0.00      0.00      0.00      0.00      0.00      0.00
22:36:49         0.00      0.00      0.00      0.00      0.00      0.00      0.00      0.00      0.00      0.00
22:36:54         0.00      0.00      0.00      0.00      0.00      0.00      0.00      0.00      0.00      0.00
22:36:59         0.00      0.00      0.00      0.00      0.00      0.00      0.00      0.00      0.00      0.00
22:37:04         0.00      0.00      0.00      0.00      0.00      0.00      0.00      0.00      0.00      0.00
22:37:09         0.00      0.00      0.00      0.00      0.00      0.00      0.00      0.00      0.00      0.00
22:37:14         0.00      0.00      0.00      0.00      0.00      0.00      0.00      0.00      0.00      0.00
22:37:19         0.00      0.00      0.00      0.00      0.00      0.00      0.00      0.00      0.00      0.00
22:37:24         0.00      0.00      0.00      0.00      0.00      0.00      0.00      0.00      0.00      0.00
22:37:29         0.00      0.00      0.00      0.00      0.00      0.00      0.00      0.00      0.00      0.00
22:37:34         0.00      0.00      0.00      0.00      0.00      0.00      0.00      0.00      0.00      0.00
22:37:39         0.00      0.00      0.00      0.00      0.00      0.00      0.00      0.00      0.00      0.00
22:37:44         0.00      0.00      0.00      0.00      0.00      0.00      0.00      0.00      0.00      0.00
22:37:49         0.00      0.00      0.00      0.00      0.00      0.00      0.00      0.00      0.00      0.00
22:37:54         0.00      0.00      0.00      0.00      0.00      0.00      0.00      0.00      0.00      0.00
22:37:59         0.00      0.00      0.00      0.00      0.00      0.00      0.00      0.00      0.00      0.00
22:38:04         0.00      0.00      0.00      0.00      0.00      0.00      0.00      0.00      0.00      0.00
22:38:09         0.00      0.00      0.00      0.00      0.00      0.00      0.00      0.00      0.00      0.00
22:38:14         0.00      0.00      0.00      0.00      0.00      0.00      0.00      0.00      0.00      0.00
22:38:19         0.00      0.00      0.00      0.00      0.00      0.00      0.00      0.00      0.00      0.00
22:38:24         0.00      0.00      0.00      0.00      0.00      0.00      0.00      0.00      0.00      0.00
22:38:29         0.00      0.00      0.00      0.00      0.00      0.00      0.00      0.00      0.00      0.00
22:38:34         0.00      0.00      0.00      0.00      0.00      0.00      0.00      0.00      0.00      0.00
22:38:39         0.00      0.00      0.00      0.00      0.00      0.00      0.00      0.00      0.00      0.00
22:38:44         0.00      0.00      0.00      0.00      0.00      0.00      0.00      0.00      0.00      0.00
22:38:49         0.00      0.00      0.00      0.00      0.00      0.00      0.00      0.00      0.00      0.00
22:38:54         0.00      0.00      0.00      0.00      0.00      0.00      0.00      0.00      0.00      0.00
22:38:59         0.00      0.00      0.00      0.00      0.00      0.00      0.00      0.00      0.00      0.00
22:39:04         0.00      0.00      0.00      0.00      0.00      0.00      0.00      0.00      0.00      0.00
22:39:09         0.00      0.00      0.00      0.00      0.00      0.00      0.00      0.00      0.00      0.00
22:39:14         0.00      0.00      0.00      0.00      0.00      0.00      0.00      0.00      0.00      0.00
22:39:19         0.00      0.00      0.00      0.00      0.00      0.00      0.00      0.00      0.00      0.00
22:39:24         0.00      0.00      0.00      0.00      0.00      0.00      0.00      0.00      0.00      0.00
22:39:29         0.00      0.00      0.00      0.00      0.00      0.00      0.00      0.00      0.00      0.00
22:39:34         0.00      0.00      0.00      0.00      0.00      0.00      0.00      0.00      0.00      0.00
22:39:39         0.00      0.00      0.00      0.00      0.00      0.00      0.00      0.00      0.00      0.00
22:39:44         0.00      0.00      0.00      0.00      0.00      0.00      0.00      0.00      0.00      0.00
22:39:49         0.00      0.00      0.00      0.00      0.00      0.00      0.00      0.00      0.00      0.00
22:39:54         0.00      0.00      0.00      0.00      0.00      0.00      0.00      0.00      0.00      0.00
22:39:59         0.00      0.00      0.00      0.00      0.00      0.00      0.00      0.00      0.00      0.00
22:40:04         0.00      0.00      0.00      0.00      0.00      0.00      0.00      0.00      0.00      0.00
22:40:09         0.00      0.00      0.00      0.00      0.00      0.00      0.00      0.00      0.00      0.00
22:40:14         0.00      0.00      0.00      0.00      0.00      0.00      0.00      0.00      0.00      0.00
22:40:19         0.00      0.00      0.00      0.00      0.00      0.00      0.00      0.00      0.00      0.00
22:40:24         0.00      0.00      0.00      0.00      0.00      0.00      0.00      0.00      0.00      0.00
22:40:29         0.00      0.00      0.00      0.00      0.00      0.00      0.00      0.00      0.00      0.00
22:40:34         0.00      0.00      0.00      0.00      0.00      0.00      0.00      0.00      0.00      0.00
22:40:39         0.00      0.00      0.00      0.00      0.00      0.00      0.00      0.00      0.00      0.00
22:40:44         0.00      0.00      0.00      0.00      0.00      0.00      0.00      0.00      0.00      0.00
22:40:49         0.00      0.00      0.00      0.00      0.00      0.00      0.00      0.00      0.00      0.00
22:40:54         0.00      0.00      0.00      0.00      0.00      0.00      0.00      0.00      0.00      0.00
22:40:59         0.00      0.00      0.00      0.00      0.00      0.00      0.00      0.00      0.00      0.00
22:41:04         0.00      0.00      0.00      0.00      0.00      0.00      0.00      0.00      0.00      0.00
22:41:09         0.00      0.00      0.00      0.00      0.00      0.00      0.00      0.00      0.00      0.00
22:41:14         0.00      0.00      0.00      0.00      0.00      0.00      0.00      0.00      0.00      0.00
22:41:19         0.00      0.00      0.00      0.00      0.00      0.00      0.00      0.00      0.00      0.00
22:41:24         0.00      0.00      0.00      0.00      0.00      0.00      0.00      0.00      0.00      0.00
22:41:29         0.00      0.00      0.00      0.00      0.00      0.00      0.00      0.00      0.00      0.00
22:41:34         0.00      0.00      0.00      0.00      0.00      0.00      0.00      0.00      0.00      0.00
22:41:39         0.00      0.00      0.00      0.00      0.00      0.00      0.00      0.00      0.00      0.00
22:41:44         0.00      0.00      0.00      0.00      0.00      0.00      0.00      0.00      0.00      0.00
22:41:49         0.00      0.00      0.00      0.00      0.00      0.00      0.00      0.00      0.00      0.00
22:41:54         0.00      0.00      0.00      0.00      0.00      0.00      0.00      0.00      0.00      0.00
22:41:59         0.00      0.00      0.00      0.00      0.00      0.00      0.00      0.00      0.00      0.00
22:42:04         0.00      0.00      0.00      0.00      0.00      0.00      0.00      0.00      0.00      0.00
22:42:09         0.00      0.00      0.00      0.00      0.00      0.00      0.00      0.00      0.00      0.00
22:42:14         0.00      0.00      0.00      0.00      0.00      0.00      0.00      0.00      0.00      0.00
22:42:19         0.00      0.00      0.00      0.00      0.00      0.00      0.00      0.00      0.00      0.00
22:42:24         0.00      0.00      0.00      0.00      0.00      0.00      0.00      0.00      0.00      0.00
22:42:29         0.00      0.00      0.00      0.00      0.00      0.00      0.00      0.00      0.00      0.00
22:42:34         0.00      0.00      0.00      0.00      0.00      0.00      0.00      0.00      0.00      0.00
22:42:39         0.00      0.00      0.00      0.00      0.00      0.00      0.00      0.00      0.00      0.00
22:42:44         0.00      0.00      0.00      0.00      0.00      0.00      0.00      0.00      0.00      0.00
22:42:49         0.00      0.00      0.00      0.00      0.00      0.00      0.00      0.00      0.00      0.00
22:42:54         0.00      0.00      0.00      0.00      0.00      0.00      0.00      0.00      0.00      0.00
22:42:59         0.00      0.00      0.00      0.00      0.00      0.00      0.00      0.00      0.00      0.00
22:43:04         0.00      0.00      0.00      0.00      0.00      0.00      0.00      0.00      0.00      0.00
22:43:09         0.00      0.00      0.00      0.00      0.00      0.00      0.00      0.00      0.00      0.00
22:43:14         0.00      0.00      0.00      0.00      0.00      0.00      0.00      0.00      0.00      0.00
22:43:19         0.00      0.00      0.00      0.00      0.00      0.00      0.00      0.00      0.00      0.00
22:43:24         0.00      0.00      0.00      0.00      0.00      0.00      0.00      0.00      0.00      0.00
22:43:29         0.00      0.00      0.00      0.00      0.00      0.00      0.00      0.00      0.00      0.00
22:43:34         0.00      0.00      0.00      0.00      0.00      0.00      0.00      0.00      0.00      0.00
22:43:39         0.00      0.00      0.00      0.00      0.00      0.00      0.00      0.00      0.00      0.00
22:43:44         0.00      0.00      0.00      0.00      0.00      0.00      0.00      0.00      0.00      0.00
22:43:49         0.00      0.00      0.00      0.00      0.00      0.00      0.00      0.00      0.00      0.00
22:43:54         0.00      0.00      0.00      0.00      0.00      0.00      0.00      0.00      0.00      0.00
22:43:59         0.00      0.00      0.00      0.00      0.00      0.00      0.00      0.00      0.00      0.00
22:44:04         0.00      0.00      0.00      0.00      0.00      0.00      0.00      0.00      0.00      0.00
22:44:09         0.00      0.00      0.00      0.00      0.00      0.00      0.00      0.00      0.00      0.00
22:44:14         0.00      0.00      0.00      0.00      0.00      0.00      0.00      0.00      0.00      0.00
22:44:19         0.00      0.00      0.00      0.00      0.00      0.00      0.00      0.00      0.00      0.00
22:44:24         0.00      0.00      0.00      0.00      0.00      0.00      0.00      0.00      0.00      0.00
22:44:29         0.00      0.00      0.00      0.00      0.00      0.00      0.00      0.00      0.00      0.00
22:44:34         0.00      0.00      0.00      0.00      0.00      0.00      0.00      0.00      0.00      0.00
22:44:39         0.00      0.00      0.00      0.00      0.00      0.00      0.00      0.00      0.00      0.00
22:44:44         0.00      0.00      0.00      0.00      0.00      0.00      0.00      0.00      0.00      0.00
22:44:49         0.00      0.00      0.00      0.00      0.00      0.00      0.00      0.00      0.00      0.00
22:44:54         0.00      0.00      0.00      0.00      0.00      0.00      0.00      0.00      0.00      0.00
22:44:59         0.00      0.00      0.00      0.00      0.00      0.00      0.00      0.00      0.00      0.00
22:45:04         0.00      0.00      0.00      0.00      0.00      0.00      0.00      0.00      0.00      0.00
22:45:09         0.00      0.00      0.00      0.00      0.00      0.00      0.00      0.00      0.00      0.00
22:45:14         0.00      0.00      0.00      0.00      0.00      0.00      0.00      0.00      0.00      0.00
22:45:19         0.00      0.00      0.00      0.00      0.00      0.00      0.00      0.00      0.00      0.00
22:45:24         0.00      0.00      0.00      0.00      0.00      0.00      0.00      0.00      0.00      0.00
22:45:29         0.00      0.00      0.00      0.00      0.00      0.00      0.00      0.00      0.00      0.00
22:45:34         0.00      0.00      0.00      0.00      0.00      0.00      0.00      0.00      0.00      0.00
22:45:39         0.00      0.00      0.00      0.00      0.00      0.00      0.00      0.00      0.00      0.00
22:45:44         0.00      0.00      0.00      0.00      0.00      0.00      0.00      0.00      0.00      0.00
22:45:49         0.00      0.00      0.00      0.00      0.00      0.00      0.00      0.00      0.00      0.00
22:45:54         0.00      0.00      0.00      0.00      0.00      0.00      0.00      0.00      0.00      0.00
22:45:59         0.00      0.00      0.00      0.00      0.00      0.00      0.00      0.00      0.00      0.00
22:46:04         0.00      0.00      0.00      0.00      0.00      0.00      0.00      0.00      0.00      0.00
22:46:09         0.00      0.00      0.00      0.00      0.00      0.00      0.00      0.00      0.00      0.00
22:46:14         0.00      0.00      0.00      0.00      0.00      0.00      0.00      0.00      0.00      0.00
22:46:19         0.00      0.00      0.00      0.00      0.00      0.00      0.00      0.00      0.00      0.00
22:46:24         0.00      0.00      0.00      0.00      0.00      0.00      0.00      0.00      0.00      0.00
22:46:29         0.00      0.00      0.00      0.00      0.00      0.00      0.00      0.00      0.00      0.00
22:46:34         0.00      0.00      0.00      0.00      0.00      0.00      0.00      0.00      0.00      0.00
22:46:39         0.00      0.00      0.00      0.00      0.00      0.00      0.00      0.00      0.00      0.00
22:46:44         0.00      0.00      0.00      0.00      0.00      0.00      0.00      0.00      0.00      0.00
22:46:49         0.00      0.00      0.00      0.00      0.00      0.00      0.00      0.00      0.00      0.00
22:46:54         0.00      0.00      0.00      0.00      0.00      0.00      0.00      0.00      0.00      0.00
22:46:59         0.00      0.00      0.00      0.00      0.00      0.00      0.00      0.00      0.00      0.00
22:47:04         0.00      0.00      0.00      0.00      0.00      0.00      0.00      0.00      0.00      0.00
22:47:09         0.00      0.00      0.00      0.00      0.00      0.00      0.00      0.00      0.00      0.00
22:47:14         0.00      0.00      0.00      0.00      0.00      0.00      0.00      0.00      0.00      0.00
22:47:19         0.00      0.00      0.00      0.00      0.00      0.00      0.00      0.00      0.00      0.00
22:47:24         0.00      0.00      0.00      0.00      0.00      0.00      0.00      0.00      0.00      0.00
22:47:29         0.00      0.00      0.00      0.00      0.00      0.00      0.00      0.00      0.00      0.00
22:47:34         0.00      0.00      0.00      0.00      0.00      0.00      0.00      0.00      0.00      0.00
22:47:39         0.00      0.00      0.00      0.00      0.00      0.00      0.00      0.00      0.00      0.00
22:47:44         0.00      0.00      0.00      0.00      0.00      0.00      0.00      0.00      0.00      0.00
22:47:49         0.00      0.00      0.00      0.00      0.00      0.00      0.00      0.00      0.00      0.00
22:47:54         0.00      0.00      0.00      0.00      0.00      0.00      0.00      0.00      0.00      0.00
22:47:59         0.00      0.00      0.00      0.00      0.00      0.00      0.00      0.00      0.00      0.00
22:48:04         0.00      0.00      0.00      0.00      0.00      0.00      0.00      0.00      0.00      0.00
22:48:09         0.00      0.00      0.00      0.00      0.00      0.00      0.00      0.00      0.00      0.00
22:48:14         0.00      0.00      0.00      0.00      0.00      0.00      0.00      0.00      0.00      0.00
22:48:19         0.00      0.00      0.00      0.00      0.00      0.00      0.00      0.00      0.00      0.00
22:48:24         0.00      0.00      0.00      0.00      0.00      0.00      0.00      0.00      0.00      0.00
22:48:29         0.00      0.00      0.00      0.00      0.00      0.00      0.00      0.00      0.00      0.00
22:48:34         0.00      0.00      0.00      0.00      0.00      0.00      0.00      0.00      0.00      0.00
22:48:39         0.00      0.00      0.00      0.00      0.00      0.00      0.00      0.00      0.00      0.00
22:48:44         0.00      0.00      0.00      0.00      0.00      0.00      0.00      0.00      0.00      0.00
22:48:49         0.00      0.00      0.00      0.00      0.00      0.00      0.00      0.00      0.00      0.00
22:48:54         0.00      0.00      0.00      0.00      0.00      0.00      0.00      0.00      0.00      0.00
22:48:59         0.00      0.00      0.00      0.00      0.00      0.00      0.00      0.00      0.00      0.00
22:49:04         0.00      0.00      0.00      0.00      0.00      0.00      0.00      0.00      0.00      0.00
22:49:09         0.00      0.00      0.00      0.00      0.00      0.00      0.00      0.00      0.00      0.00
22:49:14         0.00      0.00      0.00      0.00      0.00      0.00      0.00      0.00      0.00      0.00
22:49:19         0.00      0.00      0.00      0.00      0.00      0.00      0.00      0.00      0.00      0.00
22:49:24         0.00      0.00      0.00      0.00      0.00      0.00      0.00      0.00      0.00      0.00
22:49:29         0.00      0.00      0.00      0.00      0.00      0.00      0.00      0.00      0.00      0.00
22:49:34         0.00      0.00      0.00      0.00      0.00      0.00      0.00      0.00      0.00      0.00
22:49:39         0.00      0.00      0.00      0.00      0.00      0.00      0.00      0.00      0.00      0.00
22:49:44         0.00      0.00      0.00      0.00      0.00      0.00      0.00      0.00      0.00      0.00
22:49:49         0.00      0.00      0.00      0.00      0.00      0.00      0.00      0.00      0.00      0.00
22:49:54         0.00      0.00      0.00      0.00      0.00      0.00      0.00      0.00      0.00      0.00
22:49:59         0.00      0.00      0.00      0.00      0.00      0.00      0.00      0.00      0.00      0.00
22:50:04         0.00      0.00      0.00      0.00      0.00      0.00      0.00      0.00      0.00      0.00
22:50:09         0.00      0.00      0.00      0.00      0.00      0.00      0.00      0.00      0.00      0.00
22:50:14         0.00      0.00      0.00      0.00      0.00      0.00      0.00      0.00      0.00      0.00
22:50:19         0.00      0.00      0.00      0.00      0.00      0.00      0.00      0.00      0.00      0.00
22:50:24         0.00      0.00      0.00      0.00      0.00      0.00      0.00      0.00      0.00      0.00
22:50:29         0.00      0.00      0.00      0.00      0.00      0.00      0.00      0.00      0.00      0.00
22:50:34         0.00      0.00      0.00      0.00      0.00      0.00      0.00      0.00      0.00      0.00
22:50:39         0.00      0.00      0.00      0.00      0.00      0.00      0.00      0.00      0.00      0.00
22:50:44         0.00      0.00      0.00      0.00      0.00      0.00      0.00      0.00      0.00      0.00
22:50:49         0.00      0.00      0.00      0.00      0.00      0.00      0.00      0.00      0.00      0.00
22:50:54         0.00      0.00      0.00      0.00      0.00      0.00      0.00      0.00      0.00      0.00
22:50:59         0.00      0.00      0.00      0.00      0.00      0.00      0.00      0.00      0.00      0.00
22:51:04         0.00      0.00      0.00      0.00      0.00      0.00      0.00      0.00      0.00      0.00
22:51:09         0.00      0.00      0.00      0.00      0.00      0.00      0.00      0.00      0.00      0.00
22:51:14         0.00      0.00      0.00      0.00      0.00      0.00      0.00      0.00      0.00      0.00
22:51:19         0.00      0.00      0.00      0.00      0.00      0.00      0.00      0.00      0.00      0.00
22:51:24         0.00      0.00      0.00      0.00      0.00      0.00      0.00      0.00      0.00      0.00
22:51:29         0.00      0.00      0.00      0.00      0.00      0.00      0.00      0.00      0.00      0.00
22:51:34         0.00      0.00      0.00      0.00      0.00      0.00      0.00      0.00      0.00      0.00
22:51:39         0.00      0.00      0.00      0.00      0.00      0.00      0.00      0.00      0.00      0.00
22:51:44         0.00      0.00      0.00      0.00      0.00      0.00      0.00      0.00      0.00      0.00
22:51:49         0.00      0.00      0.00      0.00      0.00      0.00      0.00      0.00      0.00      0.00
22:51:54         0.00      0.00      0.00      0.00      0.00      0.00      0.00      0.00      0.00      0.00
22:51:59         0.00      0.00      0.00      0.00      0.00      0.00      0.00      0.00      0.00      0.00
22:52:04         0.00      0.00      0.00      0.00      0.00      0.00      0.00      0.00      0.00      0.00
22:52:09         0.00      0.00      0.00      0.00      0.00      0.00      0.00      0.00      0.00      0.00
22:52:14         0.00      0.00      0.00      0.00      0.00      0.00      0.00      0.00      0.00      0.00
22:52:19         0.00      0.00      0.00      0.00      0.00      0.00      0.00      0.00      0.00      0.00
22:52:24         0.00      0.00      0.00      0.00      0.00      0.00      0.00      0.00      0.00      0.00
22:52:29         0.00      0.00      0.00      0.00      0.00      0.00      0.00      0.00      0.00      0.00
22:52:34         0.00      0.00      0.00      0.00      0.00      0.00      0.00      0.00      0.00      0.00
22:52:39         0.00      0.00      0.00      0.00      0.00      0.00      0.00      0.00      0.00      0.00
22:52:44         0.00      0.00      0.00      0.00      0.00      0.00      0.00      0.00      0.00      0.00
22:52:49         0.00      0.00      0.00      0.00      0.00      0.00      0.00      0.00      0.00      0.00
22:52:54         0.00      0.00      0.00      0.00      0.00      0.00      0.00      0.00      0.00      0.00
22:52:59         0.00      0.00      0.00      0.00      0.00      0.00      0.00      0.00      0.00      0.00
22:53:04         0.00      0.00      0.00      0.00      0.00      0.00      0.00      0.00      0.00      0.00
22:53:09         0.00      0.00      0.00      0.00      0.00      0.00      0.00      0.00      0.00      0.00
22:53:14         0.00      0.00      0.00      0.00      0.00      0.00      0.00      0.00      0.00      0.00
22:53:19         0.00      0.00      0.00      0.00      0.00      0.00      0.00      0.00      0.00      0.00
22:53:24         0.00      0.00      0.00      0.00      0.00      0.00      0.00      0.00      0.00      0.00
22:53:29         0.00      0.00      0.00      0.00      0.00      0.00      0.00      0.00      0.00      0.00
22:53:34         0.00      0.00      0.00      0.00      0.00      0.00      0.00      0.00      0.00      0.00
22:53:39         0.00      0.00      0.00      0.00      0.00      0.00      0.00      0.00      0.00      0.00
22:53:44         0.00      0.00      0.00      0.00      0.00      0.00      0.00      0.00      0.00      0.00
22:53:49         0.00      0.00      0.00      0.00      0.00      0.00      0.00      0.00      0.00      0.00
22:53:54         0.00      0.00      0.00      0.00      0.00      0.00      0.00      0.00      0.00      0.00
22:53:59         0.00      0.00      0.00      0.00      0.00      0.00      0.00      0.00      0.00      0.00
22:54:04         0.00      0.00      0.00      0.00      0.00      0.00      0.00      0.00      0.00      0.00
22:54:09         0.00      0.00      0.00      0.00      0.00      0.00      0.00      0.00      0.00      0.00
22:54:14         0.00      0.00      0.00      0.00      0.00      0.00      0.00      0.00      0.00      0.00
22:54:19         0.00      0.00      0.00      0.00      0.00      0.00      0.00      0.00      0.00      0.00
22:54:24         0.00      0.00      0.00      0.00      0.00      0.00      0.00      0.00      0.00      0.00
22:54:29         0.00      0.00      0.00      0.00      0.00      0.00      0.00      0.00      0.00      0.00
22:54:34         0.00      0.00      0.00      0.00      0.00      0.00      0.00      0.00      0.00      0.00
22:54:39         0.00      0.00      0.00      0.00      0.00      0.00      0.00      0.00      0.00      0.00
22:54:44         0.00      0.00      0.00      0.00      0.00      0.00      0.00      0.00      0.00      0.00
22:54:49         0.00      0.00      0.00      0.00      0.00      0.00      0.00      0.00      0.00      0.00
22:54:54         0.00      0.00      0.00      0.00      0.00      0.00      0.00      0.00      0.00      0.00
22:54:59         0.00      0.00      0.00      0.00      0.00      0.00      0.00      0.00      0.00      0.00
22:55:04         0.00      0.00      0.00      0.00      0.00      0.00      0.00      0.00      0.00      0.00
22:55:09         0.00      0.00      0.00      0.00      0.00      0.00      0.00      0.00      0.00      0.00
22:55:14         0.00      0.00      0.00      0.00      0.00      0.00      0.00      0.00      0.00      0.00
22:55:19         0.00      0.00      0.00      0.00      0.00      0.00      0.00      0.00      0.00      0.00
22:55:24         0.00      0.00      0.00      0.00      0.00      0.00      0.00      0.00      0.00      0.00
22:55:29         0.00      0.00      0.00      0.00      0.00      0.00      0.00      0.00      0.00      0.00
22:55:34         0.00      0.00      0.00      0.00      0.00      0.00      0.00      0.00      0.00      0.00
22:55:39         0.00      0.00      0.00      0.00      0.00      0.00      0.00      0.00      0.00      0.00
22:55:44         0.00      0.00      0.00      0.00      0.00      0.00      0.00      0.00      0.00      0.00
22:55:49         0.00      0.00      0.00      0.00      0.00      0.00      0.00      0.00      0.00      0.00
22:55:54         0.00      0.00      0.00      0.00      0.00      0.00      0.00      0.00      0.00      0.00
22:55:59         0.00      0.00      0.00      0.00      0.00      0.00      0.00      0.00      0.00      0.00
22:56:04         0.00      0.00      0.00      0.00      0.00      0.00      0.00      0.00      0.00      0.00
22:56:09         0.00      0.00      0.00      0.00      0.00      0.00      0.00      0.00      0.00      0.00
22:56:14         0.00      0.00      0.00      0.00      0.00      0.00      0.00      0.00      0.00      0.00
22:56:19         0.00      0.00      0.00      0.00      0.00      0.00      0.00      0.00      0.00      0.00
22:56:24         0.00      0.00      0.00      0.00      0.00      0.00      0.00      0.00      0.00      0.00
22:56:29         0.00      0.00      0.00      0.00      0.00      0.00      0.00      0.00      0.00      0.00
22:56:34         0.00      0.00      0.00      0.00      0.00      0.00      0.00      0.00      0.00      0.00
22:56:39         0.00      0.00      0.00      0.00      0.00      0.00      0.00      0.00      0.00      0.00
22:56:44         0.00      0.00      0.00      0.00      0.00      0.00      0.00      0.00      0.00      0.00
22:56:49         0.00      0.00      0.00      0.00      0.00      0.00      0.00      0.00      0.00      0.00
22:56:54         0.00      0.00      0.00      0.00      0.00      0.00      0.00      0.00      0.00      0.00
22:56:59         0.00      0.00      0.00      0.00      0.00      0.00      0.00      0.00      0.00      0.00
22:57:04         0.00      0.00      0.00      0.00      0.00      0.00      0.00      0.00      0.00      0.00
22:57:09         0.00      0.00      0.00      0.00      0.00      0.00      0.00      0.00      0.00      0.00
22:57:14         0.00      0.00      0.00      0.00      0.00      0.00      0.00      0.00      0.00      0.00
22:57:19         0.00      0.00      0.00      0.00      0.00      0.00      0.00      0.00      0.00      0.00
22:57:24         0.00      0.00      0.00      0.00      0.00      0.00      0.00      0.00      0.00      0.00
22:57:29         0.00      0.00      0.00      0.00      0.00      0.00      0.00      0.00      0.00      0.00
22:57:34         0.00      0.00      0.00      0.00      0.00      0.00      0.00      0.00      0.00      0.00
22:57:39         0.00      0.00      0.00      0.00      0.00      0.00      0.00      0.00      0.00      0.00
22:57:44         0.00      0.00      0.00      0.00      0.00      0.00      0.00      0.00      0.00      0.00
22:57:49         0.00      0.00      0.00      0.00      0.00      0.00      0.00      0.00      0.00      0.00
22:57:54         0.00      0.00      0.00      0.00      0.00      0.00      0.00      0.00      0.00      0.00
22:57:59         0.00      0.00      0.00      0.00      0.00      0.00      0.00      0.00      0.00      0.00
22:58:04         0.00      0.00      0.00      0.00      0.00      0.00      0.00      0.00      0.00      0.00
22:58:09         0.00      0.00      0.00      0.00      0.00      0.00      0.00      0.00      0.00      0.00
22:58:14         0.00      0.00      0.00      0.00      0.00      0.00      0.00      0.00      0.00      0.00
22:58:19         0.00      0.00      0.00      0.00      0.00      0.00      0.00      0.00      0.00      0.00
22:58:24         0.00      0.00      0.00      0.00      0.00      0.00      0.00      0.00      0.00      0.00
22:58:29         0.00      0.00      0.00      0.00      0.00      0.00      0.00      0.00      0.00      0.00
22:58:34         0.00      0.00      0.00      0.00      0.00      0.00      0.00      0.00      0.00      0.00
22:58:39         0.00      0.00      0.00      0.00      0.00      0.00      0.00      0.00      0.00      0.00
22:58:44         0.00      0.00      0.00      0.00      0.00      0.00      0.00      0.00      0.00      0.00
22:58:49         0.00      0.00      0.00      0.00      0.00      0.00      0.00      0.00      0.00      0.00
22:58:54         0.00      0.00      0.00      0.00      0.00      0.00      0.00      0.00      0.00      0.00
22:58:59         0.00      0.00      0.00      0.00      0.00      0.00      0.00      0.00      0.00      0.00
22:59:04         0.00      0.00      0.00      0.00      0.00      0.00      0.00      0.00      0.00      0.00
22:59:09         0.00      0.00      0.00      0.00      0.00      0.00      0.00      0.00      0.00      0.00
22:59:14         0.00      0.00      0.00      0.00      0.00      0.00      0.00      0.00      0.00      0.00
22:59:19         0.00      0.00      0.00      0.00      0.00      0.00      0.00      0.00      0.00      0.00
22:59:24         0.00      0.00      0.00      0.00      0.00      0.00      0.00      0.00      0.00      0.00
22:59:29         0.00      0.00      0.00      0.00      0.00      0.00      0.00      0.00      0.00      0.00
22:59:34         0.00      0.00      0.00      0.00      0.00      0.00      0.00      0.00      0.00      0.00
22:59:39         0.00      0.00      0.00      0.00      0.00      0.00      0.00      0.00      0.00      0.00
22:59:44         0.00      0.00      0.00      0.00      0.00      0.00      0.00      0.00      0.00      0.00
22:59:49         0.00      0.00      0.00      0.00      0.00      0.00      0.00      0.00      0.00      0.00
22:59:54         0.00      0.00      0.00      0.00      0.00      0.00      0.00      0.00      0.00      0.00
22:59:59         0.00      0.00      0.00      0.00      0.00      0.00      0.00      0.00      0.00      0.00
23:00:04         0.00      0.00      0.00      0.00      0.00      0.00      0.00      0.00      0.00      0.00
23:00:09         0.00      0.00      0.00      0.00      0.00      0.00      0.00      0.00      0.00      0.00
23:00:14         0.00      0.00      0.00      0.00      0.00      0.00      0.00      0.00      0.00      0.00
23:00:19         0.00      0.00      0.00      0.00      0.00      0.00      0.00      0.00      0.00      0.00
23:00:24         0.00      0.00      0.00      0.00      0.00      0.00      0.00      0.00      0.00      0.00
23:00:29         0.00      0.00      0.00      0.00      0.00      0.00      0.00      0.00      0.00      0.00
23:00:34         0.00      0.00      0.00      0.00      0.00      0.00      0.00      0.00      0.00      0.00
23:00:39         0.00      0.00      0.00      0.00      0.00      0.00      0.00      0.00      0.00      0.00
23:00:44         0.00      0.00      0.00      0.00      0.00      0.00      0.00      0.00      0.00      0.00
23:00:49         0.00      0.00      0.00      0.00      0.00      0.00      0.00      0.00      0.00      0.00
23:00:54         0.00      0.00      0.00      0.00      0.00      0.00      0.00      0.00      0.00      0.00
23:00:59         0.00      0.00      0.00      0.00      0.00      0.00      0.00      0.00      0.00      0.00
23:01:04         0.00      0.00      0.00      0.00      0.00      0.00      0.00      0.00      0.00      0.00
23:01:09         0.00      0.00      0.00      0.00      0.00      0.00      0.00      0.00      0.00      0.00
23:01:14         0.00      0.00      0.00      0.00      0.00      0.00      0.00      0.00      0.00      0.00
23:01:19         0.00      0.00      0.00      0.00      0.00      0.00      0.00      0.00      0.00      0.00
23:01:24         0.00      0.00      0.00      0.00      0.00      0.00      0.00      0.00      0.00      0.00
23:01:29         0.00      0.00      0.00      0.00      0.00      0.00      0.00      0.00      0.00      0.00
23:01:34         0.00      0.00      0.00      0.00      0.00      0.00      0.00      0.00      0.00      0.00
23:01:39         0.00      0.00      0.00      0.00      0.00      0.00      0.00      0.00      0.00      0.00
23:01:44         0.00      0.00      0.00      0.00      0.00      0.00      0.00      0.00      0.00      0.00
23:01:49         0.00      0.00      0.00      0.00      0.00      0.00      0.00      0.00      0.00      0.00
23:01:54         0.00      0.00      0.00      0.00      0.00      0.00      0.00      0.00      0.00      0.00
23:01:59         0.00      0.00      0.00      0.00      0.00      0.00      0.00      0.00      0.00      0.00
23:02:04         0.00      0.00      0.00      0.00      0.00      0.00      0.00      0.00      0.00      0.00
23:02:09         0.00      0.00      0.00      0.00      0.00      0.00      0.00      0.00      0.00      0.00
23:02:14         0.00      0.00      0.00      0.00      0.00      0.00      0.00      0.00      0.00      0.00
23:02:19         0.00      0.00      0.00      0.00      0.00      0.00      0.00      0.00      0.00      0.00
23:02:24         0.00      0.00      0.00      0.00      0.00      0.00      0.00      0.00      0.00      0.00
23:02:29         0.00      0.00      0.00      0.00      0.00      0.00      0.00      0.00      0.00      0.00
23:02:34         0.00      0.00      0.00      0.00      0.00      0.00      0.00      0.00      0.00      0.00
23:02:39         0.00      0.00      0.00      0.00      0.00      0.00      0.00      0.00      0.00      0.00
23:02:44         0.00      0.00      0.00      0.00      0.00      0.00      0.00      0.00      0.00      0.00
23:02:49         0.00      0.00      0.00      0.00      0.00      0.00      0.00      0.00      0.00      0.00
23:02:54         0.00      0.00      0.00      0.00      0.00      0.00      0.00      0.00      0.00      0.00
23:02:59         0.00      0.00      0.00      0.00      0.00      0.00      0.00      0.00      0.00      0.00
23:03:04         0.00      0.00      0.00      0.00      0.00      0.00      0.00      0.00      0.00      0.00
23:03:09         0.00      0.00      0.00      0.00      0.00      0.00      0.00      0.00      0.00      0.00
23:03:14         0.00      0.00      0.00      0.00      0.00      0.00      0.00      0.00      0.00      0.00
23:03:19         0.00      0.00      0.00      0.00      0.00      0.00      0.00      0.00      0.00      0.00
23:03:24         0.00      0.00      0.00      0.00      0.00      0.00      0.00      0.00      0.00      0.00
23:03:29         0.00      0.00      0.00      0.00      0.00      0.00      0.00      0.00      0.00      0.00
23:03:34         0.00      0.00      0.00      0.00      0.00      0.00      0.00      0.00      0.00      0.00
23:03:39         0.00      0.00      0.00      0.00      0.00      0.00      0.00      0.00      0.00      0.00
23:03:44         0.00      0.00      0.00      0.00      0.00      0.00      0.00      0.00      0.00      0.00
23:03:49         0.00      0.00      0.00      0.00      0.00      0.00      0.00      0.00      0.00      0.00
23:03:54         0.00      0.00      0.00      0.00      0.00      0.00      0.00      0.00      0.00      0.00
23:03:59         0.00      0.00      0.00      0.00      0.00      0.00      0.00      0.00      0.00      0.00
23:04:04         0.00      0.00      0.00      0.00      0.00      0.00      0.00      0.00      0.00      0.00
23:04:09         0.00      0.00      0.00      0.00      0.00      0.00      0.00      0.00      0.00      0.00
23:04:14         0.00      0.00      0.00      0.00      0.00      0.00      0.00      0.00      0.00      0.00
23:04:19         0.00      0.00      0.00      0.00      0.00      0.00      0.00      0.00      0.00      0.00
23:04:24         0.00      0.00      0.00      0.00      0.00      0.00      0.00      0.00      0.00      0.00
23:04:29         0.00      0.00      0.00      0.00      0.00      0.00      0.00      0.00      0.00      0.00
23:04:34         0.00      0.00      0.00      0.00      0.00      0.00      0.00      0.00      0.00      0.00
23:04:39         0.00      0.00      0.00      0.00      0.00      0.00      0.00      0.00      0.00      0.00
23:04:44         0.00      0.00      0.00      0.00      0.00      0.00      0.00      0.00      0.00      0.00
23:04:49         0.00      0.00      0.00      0.00      0.00      0.00      0.00      0.00      0.00      0.00
23:04:54         0.00      0.00      0.00      0.00      0.00      0.00      0.00      0.00      0.00      0.00
23:04:59         0.00      0.00      0.00      0.00      0.00      0.00      0.00      0.00      0.00      0.00
23:05:04         0.00      0.00      0.00      0.00      0.00      0.00      0.00      0.00      0.00      0.00
23:05:09         0.00      0.00      0.00      0.00      0.00      0.00      0.00      0.00      0.00      0.00
23:05:14         0.00      0.00      0.00      0.00      0.00      0.00      0.00      0.00      0.00      0.00
23:05:19         0.00      0.00      0.00      0.00      0.00      0.00      0.00      0.00      0.00      0.00
23:05:24         0.00      0.00      0.00      0.00      0.00      0.00      0.00      0.00      0.00      0.00
23:05:29         0.00      0.00      0.00      0.00      0.00      0.00      0.00      0.00      0.00      0.00
23:05:34         0.00      0.00      0.00      0.00      0.00      0.00      0.00      0.00      0.00      0.00
23:05:39         0.00      0.00      0.00      0.00      0.00      0.00      0.00      0.00      0.00      0.00
23:05:44         0.00      0.00      0.00      0.00      0.00      0.00      0.00      0.00      0.00      0.00
23:05:49         0.00      0.00      0.00      0.00      0.00      0.00      0.00      0.00      0.00      0.00
23:05:54         0.00      0.00      0.00      0.00      0.00      0.00      0.00      0.00      0.00      0.00
23:05:59         0.00      0.00      0.00      0.00      0.00      0.00      0.00      0.00      0.00      0.00
23:06:04         0.00      0.00      0.00      0.00      0.00      0.00      0.00      0.00      0.00      0.00
23:06:09         0.00      0.00      0.00      0.00      0.00      0.00      0.00      0.00      0.00      0.00
23:06:14         0.00      0.00      0.00      0.00      0.00      0.00      0.00      0.00      0.00      0.00
23:06:19         0.00      0.00      0.00      0.00      0.00      0.00      0.00      0.00      0.00      0.00
23:06:24         0.00      0.00      0.00      0.00      0.00      0.00      0.00      0.00      0.00      0.00
23:06:29         0.00      0.00      0.00      0.00      0.00      0.00      0.00      0.00      0.00      0.00
23:06:34         0.00      0.00      0.00      0.00      0.00      0.00      0.00      0.00      0.00      0.00
23:06:39         0.00      0.00      0.00      0.00      0.00      0.00      0.00      0.00      0.00      0.00
23:06:44         0.00      0.00      0.00      0.00      0.00      0.00      0.00      0.00      0.00      0.00
23:06:49         0.00      0.00      0.00      0.00      0.00      0.00      0.00      0.00      0.00      0.00
23:06:54         0.00      0.00      0.00      0.00      0.00      0.00      0.00      0.00      0.00      0.00
23:06:59         0.00      0.00      0.00      0.00      0.00      0.00      0.00      0.00      0.00      0.00
23:07:04         0.00      0.00      0.00      0.00      0.00      0.00      0.00      0.00      0.00      0.00
23:07:09         0.00      0.00      0.00      0.00      0.00      0.00      0.00      0.00      0.00      0.00
23:07:14         0.00      0.00      0.00      0.00      0.00      0.00      0.00      0.00      0.00      0.00
23:07:19         0.00      0.00      0.00      0.00      0.00      0.00      0.00      0.00      0.00      0.00
23:07:24         0.00      0.00      0.00      0.00      0.00      0.00      0.00      0.00      0.00      0.00
23:07:29         0.00      0.00      0.00      0.00      0.00      0.00      0.00      0.00      0.00      0.00
23:07:34         0.00      0.00      0.00      0.00      0.00      0.00      0.00      0.00      0.00      0.00
23:07:39         0.00      0.00      0.00      0.00      0.00      0.00      0.00      0.00      0.00      0.00
23:07:44         0.00      0.00      0.00      0.00      0.00      0.00      0.00      0.00      0.00      0.00
23:07:49         0.00      0.00      0.00      0.00      0.00      0.00      0.00      0.00      0.00      0.00
23:07:54         0.00      0.00      0.00      0.00      0.00      0.00      0.00      0.00      0.00      0.00
23:07:59         0.00      0.00      0.00      0.00      0.00      0.00      0.00      0.00      0.00      0.00
23:08:04         0.00      0.00      0.00      0.00      0.00      0.00      0.00      0.00      0.00      0.00
23:08:09         0.00      0.00      0.00      0.00      0.00      0.00      0.00      0.00      0.00      0.00
23:08:14         0.00      0.00      0.00      0.00      0.00      0.00      0.00      0.00      0.00      0.00
23:08:19         0.00      0.00      0.00      0.00      0.00      0.00      0.00      0.00      0.00      0.00
23:08:24         0.00      0.00      0.00      0.00      0.00      0.00      0.00      0.00      0.00      0.00
23:08:29         0.00      0.00      0.00      0.00      0.00      0.00      0.00      0.00      0.00      0.00
23:08:34         0.00      0.00      0.00      0.00      0.00      0.00      0.00      0.00      0.00      0.00
23:08:39         0.00      0.00      0.00      0.00      0.00      0.00      0.00      0.00      0.00      0.00
23:08:44         0.00      0.00      0.00      0.00      0.00      0.00      0.00      0.00      0.00      0.00
23:08:49         0.00      0.00      0.00      0.00      0.00      0.00      0.00      0.00      0.00      0.00
23:08:54         0.00      0.00      0.00      0.00      0.00      0.00      0.00      0.00      0.00      0.00
23:08:59         0.00      0.00      0.00      0.00      0.00      0.00      0.00      0.00      0.00      0.00
23:09:04         0.00      0.00      0.00      0.00      0.00      0.00      0.00      0.00      0.00      0.00
23:09:09         0.00      0.00      0.00      0.00      0.00      0.00      0.00      0.00      0.00      0.00
23:09:14         0.00      0.00      0.00      0.00      0.00      0.00      0.00      0.00      0.00      0.00
23:09:19         0.00      0.00      0.00      0.00      0.00      0.00      0.00      0.00      0.00      0.00
23:09:24         0.00      0.00      0.00      0.00      0.00      0.00      0.00      0.00      0.00      0.00
23:09:29         0.00      0.00      0.00      0.00      0.00      0.00      0.00      0.00      0.00      0.00
23:09:34         0.00      0.00      0.00      0.00      0.00      0.00      0.00      0.00      0.00      0.00
23:09:39         0.00      0.00      0.00      0.00      0.00      0.00      0.00      0.00      0.00      0.00
23:09:44         0.00      0.00      0.00      0.00      0.00      0.00      0.00      0.00      0.00      0.00
23:09:49         0.00      0.00      0.00      0.00      0.00      0.00      0.00      0.00      0.00      0.00
23:09:54         0.00      0.00      0.00      0.00      0.00      0.00      0.00      0.00      0.00      0.00
23:09:59         0.00      0.00      0.00      0.00      0.00      0.00      0.00      0.00      0.00      0.00
23:10:04         0.00      0.00      0.00      0.00      0.00      0.00      0.00      0.00      0.00      0.00
23:10:09         0.00      0.00      0.00      0.00      0.00      0.00      0.00      0.00      0.00      0.00
23:10:14         0.00      0.00      0.00      0.00      0.00      0.00      0.00      0.00      0.00      0.00
23:10:19         0.00      0.00      0.00      0.00      0.00      0.00      0.00      0.00      0.00      0.00
23:10:24         0.00      0.00      0.00      0.00      0.00      0.00      0.00      0.00      0.00      0.00
23:10:29         0.00      0.00      0.00      0.00      0.00      0.00      0.00      0.00      0.00      0.00
23:10:34         0.00      0.00      0.00      0.00      0.00      0.00      0.00      0.00      0.00      0.00
23:10:39         0.00      0.00      0.00      0.00      0.00      0.00      0.00      0.00      0.00      0.00
23:10:44         0.00      0.00      0.00      0.00      0.00      0.00      0.00      0.00      0.00      0.00
23:10:49         0.00      0.00      0.00      0.00      0.00      0.00      0.00      0.00      0.00      0.00
23:10:54         0.00      0.00      0.00      0.00      0.00      0.00      0.00      0.00      0.00      0.00
23:10:59         0.00      0.00      0.00      0.00      0.00      0.00      0.00      0.00      0.00      0.00
23:11:04         0.00      0.00      0.00      0.00      0.00      0.00      0.00      0.00      0.00      0.00
23:11:09         0.00      0.00      0.00      0.00      0.00      0.00      0.00      0.00      0.00      0.00
23:11:14         0.00      0.00      0.00      0.00      0.00      0.00      0.00      0.00      0.00      0.00
23:11:19         0.00      0.00      0.00      0.00      0.00      0.00      0.00      0.00      0.00      0.00
23:11:24         0.00      0.00      0.00      0.00      0.00      0.00      0.00      0.00      0.00      0.00
23:11:29         0.00      0.00      0.00      0.00      0.00      0.00      0.00      0.00      0.00      0.00
23:11:34         0.00      0.00      0.00      0.00      0.00      0.00      0.00      0.00      0.00      0.00
23:11:39         0.00      0.00      0.00      0.00      0.00      0.00      0.00      0.00      0.00      0.00
23:11:44         0.00      0.00      0.00      0.00      0.00      0.00      0.00      0.00      0.00      0.00
23:11:49         0.00      0.00      0.00      0.00      0.00      0.00      0.00      0.00      0.00      0.00
23:11:54         0.00      0.00      0.00      0.00      0.00      0.00      0.00      0.00      0.00      0.00
23:11:59         0.00      0.00      0.00      0.00      0.00      0.00      0.00      0.00      0.00      0.00
23:12:04         0.00      0.00      0.00      0.00      0.00      0.00      0.00      0.00      0.00      0.00
23:12:09         0.00      0.00      0.00      0.00      0.00      0.00      0.00      0.00      0.00      0.00
23:12:14         0.00      0.00      0.00      0.00      0.00      0.00      0.00      0.00      0.00      0.00
23:12:19         0.00      0.00      0.00      0.00      0.00      0.00      0.00      0.00      0.00      0.00
23:12:24         0.00      0.00      0.00      0.00      0.00      0.00      0.00      0.00      0.00      0.00
23:12:29         0.00      0.00      0.00      0.00      0.00      0.00      0.00      0.00      0.00      0.00
23:12:34         0.00      0.00      0.00      0.00      0.00      0.00      0.00      0.00      0.00      0.00
23:12:39         0.00      0.00      0.00      0.00      0.00      0.00      0.00      0.00      0.00      0.00
23:12:44         0.00      0.00      0.00      0.00      0.00      0.00      0.00      0.00      0.00      0.00
23:12:49         0.00      0.00      0.00      0.00      0.00      0.00      0.00      0.00      0.00      0.00
23:12:54         0.00      0.00      0.00      0.00      0.00      0.00      0.00      0.00      0.00      0.00
23:12:59         0.00      0.00      0.00      0.00      0.00      0.00      0.00      0.00      0.00      0.00
23:13:04         0.00      0.00      0.00      0.00      0.00      0.00      0.00      0.00      0.00      0.00
23:13:09         0.00      0.00      0.00      0.00      0.00      0.00      0.00      0.00      0.00      0.00
23:13:14         0.00      0.00      0.00      0.00      0.00      0.00      0.00      0.00      0.00      0.00
23:13:19         0.00      0.00      0.00      0.00      0.00      0.00      0.00      0.00      0.00      0.00
23:13:24         0.00      0.00      0.00      0.00      0.00      0.00      0.00      0.00      0.00      0.00
23:13:29         0.00      0.00      0.00      0.00      0.00      0.00      0.00      0.00      0.00      0.00
23:13:34         0.00      0.00      0.00      0.00      0.00      0.00      0.00      0.00      0.00      0.00
23:13:39         0.00      0.00      0.00      0.00      0.00      0.00      0.00      0.00      0.00      0.00
23:13:44         0.00      0.00      0.00      0.00      0.00      0.00      0.00      0.00      0.00      0.00
23:13:49         0.00      0.00      0.00      0.00      0.00      0.00      0.00      0.00      0.00      0.00
23:13:54         0.00      0.00      0.00      0.00      0.00      0.00      0.00      0.00      0.00      0.00
23:13:59         0.00      0.00      0.00      0.00      0.00      0.00      0.00      0.00      0.00      0.00
23:14:04         0.00      0.00      0.00      0.00      0.00      0.00      0.00      0.00      0.00      0.00
23:14:09         0.00      0.00      0.00      0.00      0.00      0.00      0.00      0.00      0.00      0.00
23:14:14         0.00      0.00      0.00      0.00      0.00      0.00      0.00      0.00      0.00      0.00
23:14:19         0.00      0.00      0.00      0.00      0.00      0.00      0.00      0.00      0.00      0.00
23:14:24         0.00      0.00      0.00      0.00      0.00      0.00      0.00      0.00      0.00      0.00
23:14:29         0.00      0.00      0.00      0.00      0.00      0.00      0.00      0.00      0.00      0.00
23:14:34         0.00      0.00      0.00      0.00      0.00      0.00      0.00      0.00      0.00      0.00
23:14:39         0.00      0.00      0.00      0.00      0.00      0.00      0.00      0.00      0.00      0.00
23:14:44         0.00      0.00      0.00      0.00      0.00      0.00      0.00      0.00      0.00      0.00
23:14:49         0.00      0.00      0.00      0.00      0.00      0.00      0.00      0.00      0.00      0.00
23:14:54         0.00      0.00      0.00      0.00      0.00      0.00      0.00      0.00      0.00      0.00
23:14:59         0.00      0.00      0.00      0.00      0.00      0.00      0.00      0.00      0.00      0.00
23:15:04         0.00      0.00      0.00      0.00      0.00      0.00      0.00      0.00      0.00      0.00
23:15:09         0.00      0.00      0.00      0.00      0.00      0.00      0.00      0.00      0.00      0.00
23:15:14         0.00      0.00      0.00      0.00      0.00      0.00      0.00      0.00      0.00      0.00
23:15:19         0.00      0.00      0.00      0.00      0.00      0.00      0.00      0.00      0.00      0.00
23:15:24         0.00      0.00      0.00      0.00      0.00      0.00      0.00      0.00      0.00      0.00
23:15:29         0.00      0.00      0.00      0.00      0.00      0.00      0.00      0.00      0.00      0.00
23:15:34         0.00      0.00      0.00      0.00      0.00      0.00      0.00      0.00      0.00      0.00
23:15:39         0.00      0.00      0.00      0.00      0.00      0.00      0.00      0.00      0.00      0.00
23:15:44         0.00      0.00      0.00      0.00      0.00      0.00      0.00      0.00      0.00      0.00
23:15:49         0.00      0.00      0.00      0.00      0.00      0.00      0.00      0.00      0.00      0.00
23:15:54         0.00      0.00      0.00      0.00      0.00      0.00      0.00      0.00      0.00      0.00
23:15:59         0.00      0.00      0.00      0.00      0.00      0.00      0.00      0.00      0.00      0.00
23:16:04         0.00      0.00      0.00      0.00      0.00      0.00      0.00      0.00      0.00      0.00
23:16:09         0.00      0.00      0.00      0.00      0.00      0.00      0.00      0.00      0.00      0.00
23:16:14         0.00      0.00      0.00      0.00      0.00      0.00      0.00      0.00      0.00      0.00
23:16:19         0.00      0.00      0.00      0.00      0.00      0.00      0.00      0.00      0.00      0.00
23:16:24         0.00      0.00      0.00      0.00      0.00      0.00      0.00      0.00      0.00      0.00
23:16:29         0.00      0.00      0.00      0.00      0.00      0.00      0.00      0.00      0.00      0.00
23:16:34         0.00      0.00      0.00      0.00      0.00      0.00      0.00      0.00      0.00      0.00
23:16:39         0.00      0.00      0.00      0.00      0.00      0.00      0.00      0.00      0.00      0.00
23:16:44         0.00      0.00      0.00      0.00      0.00      0.00      0.00      0.00      0.00      0.00
23:16:49         0.00      0.00      0.00      0.00      0.00      0.00      0.00      0.00      0.00      0.00
23:16:54         0.00      0.00      0.00      0.00      0.00      0.00      0.00      0.00      0.00      0.00
23:16:59         0.00      0.00      0.00      0.00      0.00      0.00      0.00      0.00      0.00      0.00
23:17:04         0.00      0.00      0.00      0.00      0.00      0.00      0.00      0.00      0.00      0.00
23:17:09         0.00      0.00      0.00      0.00      0.00      0.00      0.00      0.00      0.00      0.00
23:17:14         0.00      0.00      0.00      0.00      0.00      0.00      0.00      0.00      0.00      0.00
23:17:19         0.00      0.00      0.00      0.00      0.00      0.00      0.00      0.00      0.00      0.00
23:17:24         0.00      0.00      0.00      0.00      0.00      0.00      0.00      0.00      0.00      0.00
23:17:29         0.00      0.00      0.00      0.00      0.00      0.00      0.00      0.00      0.00      0.00
23:17:34         0.00      0.00      0.00      0.00      0.00      0.00      0.00      0.00      0.00      0.00
23:17:39         0.00      0.00      0.00      0.00      0.00      0.00      0.00      0.00      0.00      0.00
23:17:44         0.00      0.00      0.00      0.00      0.00      0.00      0.00      0.00      0.00      0.00
23:17:49         0.00      0.00      0.00      0.00      0.00      0.00      0.00      0.00      0.00      0.00
23:17:54         0.00      0.00      0.00      0.00      0.00      0.00      0.00      0.00      0.00      0.00
23:17:59         0.00      0.00      0.00      0.00      0.00      0.00      0.00      0.00      0.00      0.00
23:18:04         0.00      0.00      0.00      0.00      0.00      0.00      0.00      0.00      0.00      0.00
23:18:09         0.00      0.00      0.00      0.00      0.00      0.00      0.00      0.00      0.00      0.00
23:18:14         0.00      0.00      0.00      0.00      0.00      0.00      0.00      0.00      0.00      0.00
23:18:19         0.00      0.00      0.00      0.00      0.00      0.00      0.00      0.00      0.00      0.00
23:18:24         0.00      0.00      0.00      0.00      0.00      0.00      0.00      0.00      0.00      0.00
23:18:29         0.00      0.00      0.00      0.00      0.00      0.00      0.00      0.00      0.00      0.00
23:18:34         0.00      0.00      0.00      0.00      0.00      0.00      0.00      0.00      0.00      0.00
23:18:39         0.00      0.00      0.00      0.00      0.00      0.00      0.00      0.00      0.00      0.00
23:18:44         0.00      0.00      0.00      0.00      0.00      0.00      0.00      0.00      0.00      0.00
23:18:49         0.00      0.00      0.00      0.00      0.00      0.00      0.00      0.00      0.00      0.00
23:18:54         0.00      0.00      0.00      0.00      0.00      0.00      0.00      0.00      0.00      0.00
23:18:59         0.00      0.00      0.00      0.00      0.00      0.00      0.00      0.00      0.00      0.00
23:19:04         0.00      0.00      0.00      0.00      0.00      0.00      0.00      0.00      0.00      0.00
23:19:09         0.00      0.00      0.00      0.00      0.00      0.00      0.00      0.00      0.00      0.00
23:19:14         0.00      0.00      0.00      0.00      0.00      0.00      0.00      0.00      0.00      0.00
23:19:19         0.00      0.00      0.00      0.00      0.00      0.00      0.00      0.00      0.00      0.00
23:19:24         0.00      0.00      0.00      0.00      0.00      0.00      0.00      0.00      0.00      0.00
23:19:29         0.00      0.00      0.00      0.00      0.00      0.00      0.00      0.00      0.00      0.00
23:19:34         0.00      0.00      0.00      0.00      0.00      0.00      0.00      0.00      0.00      0.00
23:19:39         0.00      0.00      0.00      0.00      0.00      0.00      0.00      0.00      0.00      0.00
23:19:44         0.00      0.00      0.00      0.00      0.00      0.00      0.00      0.00      0.00      0.00
23:19:49         0.00      0.00      0.00      0.00      0.00      0.00      0.00      0.00      0.00      0.00
23:19:54         0.00      0.00      0.00      0.00      0.00      0.00      0.00      0.00      0.00      0.00
23:19:59         0.00      0.00      0.00      0.00      0.00      0.00      0.00      0.00      0.00      0.00
23:20:04         0.00      0.00      0.00      0.00      0.00      0.00      0.00      0.00      0.00      0.00
23:20:09         0.00      0.00      0.00      0.00      0.00      0.00      0.00      0.00      0.00      0.00
23:20:14         0.00      0.00      0.00      0.00      0.00      0.00      0.00      0.00      0.00      0.00
23:20:19         0.00      0.00      0.00      0.00      0.00      0.00      0.00      0.00      0.00      0.00
23:20:24         0.00      0.00      0.00      0.00      0.00      0.00      0.00      0.00      0.00      0.00
23:20:29         0.00      0.00      0.00      0.00      0.00      0.00      0.00      0.00      0.00      0.00
23:20:34         0.00      0.00      0.00      0.00      0.00      0.00      0.00      0.00      0.00      0.00
23:20:39         0.00      0.00      0.00      0.00      0.00      0.00      0.00      0.00      0.00      0.00
23:20:44         0.00      0.00      0.00      0.00      0.00      0.00      0.00      0.00      0.00      0.00
23:20:49         0.00      0.00      0.00      0.00      0.00      0.00      0.00      0.00      0.00      0.00
23:20:54         0.00      0.00      0.00      0.00      0.00      0.00      0.00      0.00      0.00      0.00
23:20:59         0.00      0.00      0.00      0.00      0.00      0.00      0.00      0.00      0.00      0.00
23:21:04         0.00      0.00      0.00      0.00      0.00      0.00      0.00      0.00      0.00      0.00
23:21:09         0.00      0.00      0.00      0.00      0.00      0.00      0.00      0.00      0.00      0.00
23:21:14         0.00      0.00      0.00      0.00      0.00      0.00      0.00      0.00      0.00      0.00
23:21:19         0.00      0.00      0.00      0.00      0.00      0.00      0.00      0.00      0.00      0.00
23:21:24         0.00      0.00      0.00      0.00      0.00      0.00      0.00      0.00      0.00      0.00
23:21:29         0.00      0.00      0.00      0.00      0.00      0.00      0.00      0.00      0.00      0.00
23:21:34         0.00      0.00      0.00      0.00      0.00      0.00      0.00      0.00      0.00      0.00
23:21:39         0.00      0.00      0.00      0.00      0.00      0.00      0.00      0.00      0.00      0.00
23:21:44         0.00      0.00      0.00      0.00      0.00      0.00      0.00      0.00      0.00      0.00
23:21:49         0.00      0.00      0.00      0.00      0.00      0.00      0.00      0.00      0.00      0.00
23:21:54         0.00      0.00      0.00      0.00      0.00      0.00      0.00      0.00      0.00      0.00
23:21:59         0.00      0.00      0.00      0.00      0.00      0.00      0.00      0.00      0.00      0.00
23:22:04         0.00      0.00      0.00      0.00      0.00      0.00      0.00      0.00      0.00      0.00
23:22:09         0.00      0.00      0.00      0.00      0.00      0.00      0.00      0.00      0.00      0.00
23:22:14         0.00      0.00      0.00      0.00      0.00      0.00      0.00      0.00      0.00      0.00
23:22:19         0.00      0.00      0.00      0.00      0.00      0.00      0.00      0.00      0.00      0.00
23:22:24         0.00      0.00      0.00      0.00      0.00      0.00      0.00      0.00      0.00      0.00
23:22:29         0.00      0.00      0.00      0.00      0.00      0.00      0.00      0.00      0.00      0.00
23:22:34         0.00      0.00      0.00      0.00      0.00      0.00      0.00      0.00      0.00      0.00
23:22:39         0.00      0.00      0.00      0.00      0.00      0.00      0.00      0.00      0.00      0.00
23:22:44         0.00      0.00      0.00      0.00      0.00      0.00      0.00      0.00      0.00      0.00
23:22:49         0.00      0.00      0.00      0.00      0.00      0.00      0.00      0.00      0.00      0.00
23:22:54         0.00      0.00      0.00      0.00      0.00      0.00      0.00      0.00      0.00      0.00
23:22:59         0.00      0.00      0.00      0.00      0.00      0.00      0.00      0.00      0.00      0.00
23:23:04         0.00      0.00      0.00      0.00      0.00      0.00      0.00      0.00      0.00      0.00
23:23:09         0.00      0.00      0.00      0.00      0.00      0.00      0.00      0.00      0.00      0.00
23:23:14         0.00      0.00      0.00      0.00      0.00      0.00      0.00      0.00      0.00      0.00
23:23:19         0.00      0.00      0.00      0.00      0.00      0.00      0.00      0.00      0.00      0.00
23:23:24         0.00      0.00      0.00      0.00      0.00      0.00      0.00      0.00      0.00      0.00
23:23:29         0.00      0.00      0.00      0.00      0.00      0.00      0.00      0.00      0.00      0.00
23:23:34         0.00      0.00      0.00      0.00      0.00      0.00      0.00      0.00      0.00      0.00
23:23:39         0.00      0.00      0.00      0.00      0.00      0.00      0.00      0.00      0.00      0.00
23:23:44         0.00      0.00      0.00      0.00      0.00      0.00      0.00      0.00      0.00      0.00
23:23:49         0.00      0.00      0.00      0.00      0.00      0.00      0.00      0.00      0.00      0.00
23:23:54         0.00      0.00      0.00      0.00      0.00      0.00      0.00      0.00      0.00      0.00
23:23:59         0.00      0.00      0.00      0.00      0.00      0.00      0.00      0.00      0.00      0.00
23:24:04         0.00      0.00      0.00      0.00      0.00      0.00      0.00      0.00      0.00      0.00
23:24:09         0.00      0.00      0.00      0.00      0.00      0.00      0.00      0.00      0.00      0.00
23:24:14         0.00      0.00      0.00      0.00      0.00      0.00      0.00      0.00      0.00      0.00
23:24:19         0.00      0.00      0.00      0.00      0.00      0.00      0.00      0.00      0.00      0.00
23:24:24         0.00      0.00      0.00      0.00      0.00      0.00      0.00      0.00      0.00      0.00
23:24:29         0.00      0.00      0.00      0.00      0.00      0.00      0.00      0.00      0.00      0.00
23:24:34         0.00      0.00      0.00      0.00      0.00      0.00      0.00      0.00      0.00      0.00
23:24:39         0.00      0.00      0.00      0.00      0.00      0.00      0.00      0.00      0.00      0.00
23:24:44         0.00      0.00      0.00      0.00      0.00      0.00      0.00      0.00      0.00      0.00
23:24:49         0.00      0.00      0.00      0.00      0.00      0.00      0.00      0.00      0.00      0.00
23:24:54         0.00      0.00      0.00      0.00      0.00      0.00      0.00      0.00      0.00      0.00
23:24:59         0.00      0.00      0.00      0.00      0.00      0.00      0.00      0.00      0.00      0.00
23:25:04         0.00      0.00      0.00      0.00      0.00      0.00      0.00      0.00      0.00      0.00
23:25:09         0.00      0.00      0.00      0.00      0.00      0.00      0.00      0.00      0.00      0.00
23:25:14         0.00      0.00      0.00      0.00      0.00      0.00      0.00      0.00      0.00      0.00
23:25:19         0.00      0.00      0.00      0.00      0.00      0.00      0.00      0.00      0.00      0.00
23:25:24         0.00      0.00      0.00      0.00      0.00      0.00      0.00      0.00      0.00      0.00
23:25:29         0.00      0.00      0.00      0.00      0.00      0.00      0.00      0.00      0.00      0.00
23:25:34         0.00      0.00      0.00      0.00      0.00      0.00      0.00      0.00      0.00      0.00
23:25:39         0.00      0.00      0.00      0.00      0.00      0.00      0.00      0.00      0.00      0.00
23:25:44         0.00      0.00      0.00      0.00      0.00      0.00      0.00      0.00      0.00      0.00
23:25:49         0.00      0.00      0.00      0.00      0.00      0.00      0.00      0.00      0.00      0.00
23:25:54         0.00      0.00      0.00      0.00      0.00      0.00      0.00      0.00      0.00      0.00
23:25:59         0.00      0.00      0.00      0.00      0.00      0.00      0.00      0.00      0.00      0.00
23:26:04         0.00      0.00      0.00      0.00      0.00      0.00      0.00      0.00      0.00      0.00
23:26:09         0.00      0.00      0.00      0.00      0.00      0.00      0.00      0.00      0.00      0.00
23:26:14         0.00      0.00      0.00      0.00      0.00      0.00      0.00      0.00      0.00      0.00
23:26:19         0.00      0.00      0.00      0.00      0.00      0.00      0.00      0.00      0.00      0.00
23:26:24         0.00      0.00      0.00      0.00      0.00      0.00      0.00      0.00      0.00      0.00
23:26:29         0.00      0.00      0.00      0.00      0.00      0.00      0.00      0.00      0.00      0.00
23:26:34         0.00      0.00      0.00      0.00      0.00      0.00      0.00      0.00      0.00      0.00
23:26:39         0.00      0.00      0.00      0.00      0.00      0.00      0.00      0.00      0.00      0.00
23:26:44         0.00      0.00      0.00      0.00      0.00      0.00      0.00      0.00      0.00      0.00
23:26:49         0.00      0.00      0.00      0.00      0.00      0.00      0.00      0.00      0.00      0.00
23:26:54         0.00      0.00      0.00      0.00      0.00      0.00      0.00      0.00      0.00      0.00
23:26:59         0.00      0.00      0.00      0.00      0.00      0.00      0.00      0.00      0.00      0.00
23:27:04         0.00      0.00      0.00      0.00      0.00      0.00      0.00      0.00      0.00      0.00
23:27:09         0.00      0.00      0.00      0.00      0.00      0.00      0.00      0.00      0.00      0.00
23:27:14         0.00      0.00      0.00      0.00      0.00      0.00      0.00      0.00      0.00      0.00
23:27:19         0.00      0.00      0.00      0.00      0.00      0.00      0.00      0.00      0.00      0.00
23:27:24         0.00      0.00      0.00      0.00      0.00      0.00      0.00      0.00      0.00      0.00
23:27:29         0.00      0.00      0.00      0.00      0.00      0.00      0.00      0.00      0.00      0.00
23:27:34         0.00      0.00      0.00      0.00      0.00      0.00      0.00      0.00      0.00      0.00
23:27:39         0.00      0.00      0.00      0.00      0.00      0.00      0.00      0.00      0.00      0.00
23:27:44         0.00      0.00      0.00      0.00      0.00      0.00      0.00      0.00      0.00      0.00
23:27:49         0.00      0.00      1.60      0.40     51.40      0.00      0.00      0.00      0.00      0.00
Average:         0.00      0.00    670.50      0.00      0.83      0.00      0.00      0.00      0.00      0.00
