Linux 7.2.0-rc5-virtme (virtme-ng) 	08/02/26 	_x86_64_	(4 CPU)

22:27:49    kbmemfree   kbavail kbmemused  %memused kbbuffers  kbcached  kbcommit   %commit  kbactive   kbinact   kbdirty   kbshmem
22:27:54      6683108   6640092   1503412     18.46         4     35132   8413084     68.19   1272440     34848         0       292
22:27:59      6682856   6639840   1503664     18.46         4     35132   8413084     68.19   1272440     34848         0       292
22:28:04      6682856   6639840   1503664     18.46         4     35132   8413084     68.19   1272440     34848         0       292
22:28:09      6682856   6639840   1503664     18.46         4     35132   8413084     68.19   1272440     34848         0       292
22:28:14      6683716   6640700   1502804     18.45         4     35132   8413084     68.19   1272440     34848         0       292
22:28:19      6687720   6644704   1498800     18.40         4     35132   8413084     68.19   1272440     34848         0       292
22:28:24      6692568   6649552   1493952     18.35         4     35132   8413084     68.19   1272440     34848         0       292
22:28:29      6694708   6651692   1491812     18.32         4     35132   8413084     68.19   1272440     34848         0       292
22:28:34      6694652   6651636   1491868     18.32         4     35132   8413084     68.19   1272440     34848         0       292
22:28:39      6694652   6651636   1491868     18.32         4     35132   8413084     68.19   1272440     34848         0       292
22:28:44      6694652   6651636   1491868     18.32         4     35132   8413084     68.19   1272440     34848         0       292
22:28:49      6694652   6651636   1491868     18.32         4     35132   8413084     68.19   1272440     34848         0       292
22:28:54      6694652   6651636   1491868     18.32         4     35132   8413084     68.19   1272440     34848         0       292
22:28:59      6694652   6651636   1491868     18.32         4     35132   8413084     68.19   1272440     34848         0       292
22:29:04      6694652   6651636   1491868     18.32         4     35132   8413084     68.19   1272440     34848         0       292
22:29:09      6694652   6651636   1491868     18.32         4     35132   8413084     68.19   1272440     34848         0       292
22:29:14      6694824   6651808   1491696     18.32         4     35132   8413084     68.19   1272440     34848         0       292
22:29:19      6694920   6651904   1491600     18.32         4     35132   8413084     68.19   1272440     34848         0       292
22:29:24      6695548   6652532   1490972     18.31         4     35132   8413084     68.19   1272440     34848         0       292
22:29:29      6696100   6653084   1490420     18.30         4     35132   8413084     68.19   1272440     34848         0       292
22:29:34      6696580   6653564   1489940     18.30         4     35132   8413084     68.19   1272440     34848         0       292
22:29:39      6696932   6653916   1489588     18.29         4     35132   8413084     68.19   1272440     34848         0       292
22:29:44      6696932   6653916   1489588     18.29         4     35132   8413084     68.19   1272440     34848         0       292
22:29:49      6696932   6653916   1489588     18.29         4     35132   8413084     68.19   1272440     34848         0       292
22:29:54      6696932   6653916   1489588     18.29         4     35132   8413084     68.19   1272440     34848         0       292
22:29:59      6696932   6653916   1489588     18.29         4     35132   8413084     68.19   1272440     34848         0       292
22:30:04      6696932   6653916   1489588     18.29         4     35132   8413084     68.19   1272440     34848         0       292
22:30:09      6696932   6653916   1489588     18.29         4     35132   8413084     68.19   1272440     34848         0       292
22:30:14      6696932   6653916   1489588     18.29         4     35132   8413084     68.19   1272440     34848         0       292
22:30:19      6696932   6653916   1489588     18.29         4     35132   8413084     68.19   1272440     34848         0       292
22:30:24      6696932   6653916   1489588     18.29         4     35132   8413084     68.19   1272440     34848         0       292
22:30:29      6696932   6653916   1489588     18.29         4     35132   8413084     68.19   1272440     34848         0       292
22:30:34      6696932   6653916   1489588     18.29         4     35132   8413084     68.19   1272440     34848         0       292
22:30:39      6696932   6653916   1489588     18.29         4     35132   8413084     68.19   1272440     34848         0       292
22:30:44      6696932   6653916   1489588     18.29         4     35132   8413084     68.19   1272440     34848         0       292
22:30:49      6696932   6653916   1489588     18.29         4     35132   8413084     68.19   1272440     34848         0       292
22:30:54      6693152   6650136   1493368     18.34         4     35132   8413084     68.19   1272440     34848         0       292
22:30:59      6693152   6650136   1493368     18.34         4     35132   8413084     68.19   1272440     34848         0       292
22:31:04      6693152   6650136   1493368     18.34         4     35132   8413084     68.19   1272440     34848         0       292
22:31:09      6693152   6650136   1493368     18.34         4     35132   8413084     68.19   1272440     34848         0       292
22:31:14      6693152   6650136   1493368     18.34         4     35132   8413084     68.19   1272440     34848         0       292
22:31:19      6693152   6650136   1493368     18.34         4     35132   8413084     68.19   1272440     34848         0       292
22:31:24      6693152   6650136   1493368     18.34         4     35132   8413084     68.19   1272440     34848         0       292
22:31:29      6693152   6650136   1493368     18.34         4     35132   8413084     68.19   1272440     34848         0       292
22:31:34      6693152   6650136   1493368     18.34         4     35132   8413084     68.19   1272440     34848         0       292
22:31:39      6693152   6650136   1493368     18.34         4     35132   8413084     68.19   1272440     34848         0       292
22:31:44      6693152   6650136   1493368     18.34         4     35132   8413084     68.19   1272440     34848         0       292
22:31:49      6693152   6650136   1493368     18.34         4     35132   8413084     68.19   1272440     34848         0       292
22:31:54      6693152   6650136   1493368     18.34         4     35132   8413084     68.19   1272440     34848         0       292
22:31:59      6693152   6650136   1493368     18.34         4     35132   8413084     68.19   1272440     34848         0       292
22:32:04      6693152   6650136   1493368     18.34         4     35132   8413084     68.19   1272440     34848         0       292
22:32:09      4044208   4001192   4142312     50.87         4     35132   8413084     68.19   3914432     34848         0       292
22:32:14      3326432   3283416   4860088     59.68         4     35132   8413084     68.19   4627880     34848         0       292
22:32:19      3326432   3283416   4860088     59.68         4     35132   8413084     68.19   4627880     34848         0       292
22:32:24      3326432   3283416   4860088     59.68         4     35132   8413084     68.19   4627880     34848         0       292
22:32:29      3326432   3283416   4860088     59.68         4     35132   8413084     68.19   4627880     34848         0       292
22:32:34      3327412   3284396   4859108     59.67         4     35132   8413084     68.19   4627880     34848         0       292
22:32:39      3330464   3287448   4856056     59.63         4     35132   8413084     68.19   4627880     34848         0       292
22:32:44      3324680   3281664   4861840     59.70         4     35132   8413084     68.19   4627880     34848         0       292
22:32:49      3328408   3285392   4858112     59.66         4     35132   8413084     68.19   4627880     34848         0       292
22:32:54      3329224   3286208   4857296     59.65         4     35132   8413084     68.19   4627880     34848         0       292
22:32:59      3329224   3286208   4857296     59.65         4     35132   8413084     68.19   4627880     34848         0       292
22:33:04      3329224   3286208   4857296     59.65         4     35132   8413084     68.19   4627880     34848         0       292
22:33:09      3329224   3286208   4857296     59.65         4     35132   8413084     68.19   4627880     34848         0       292
22:33:14      3329224   3286208   4857296     59.65         4     35132   8413084     68.19   4627880     34848         0       292
22:33:19      3329224   3286208   4857296     59.65         4     35132   8413084     68.19   4627880     34848         0       292
22:33:24      3329224   3286208   4857296     59.65         4     35132   8413084     68.19   4627880     34848         0       292
22:33:29      3329224   3286208   4857296     59.65         4     35132   8413084     68.19   4627880     34848         0       292
22:33:34      3329224   3286208   4857296     59.65         4     35132   8413084     68.19   4627880     34848         0       292
22:33:39      3329224   3286208   4857296     59.65         4     35132   8413084     68.19   4627880     34848         0       292
22:33:44      3329224   3286208   4857296     59.65         4     35132   8413084     68.19   4627880     34848         0       292
22:33:49      3329224   3286208   4857296     59.65         4     35132   8413084     68.19   4627880     34848         0       292
22:33:54      3329224   3286208   4857296     59.65         4     35132   8413084     68.19   4627880     34848         0       292
22:33:59      3329224   3286208   4857296     59.65         4     35132   8413084     68.19   4627880     34848         0       292
22:34:04      3329224   3286208   4857296     59.65         4     35132   8413084     68.19   4627880     34848         0       292
22:34:09      3329224   3286208   4857296     59.65         4     35132   8413084     68.19   4627880     34848         0       292
22:34:14      3329224   3286208   4857296     59.65         4     35132   8413084     68.19   4627880     34848         0       292
22:34:19      3329224   3286208   4857296     59.65         4     35132   8413084     68.19   4627880     34848         0       292
22:34:24      3329224   3286208   4857296     59.65         4     35132   8413084     68.19   4627880     34848         0       292
22:34:29      3329224   3286208   4857296     59.65         4     35132   8413084     68.19   4627880     34848         0       292
22:34:34      3329224   3286208   4857296     59.65         4     35132   8413084     68.19   4627880     34848         0       292
22:34:39      3329224   3286208   4857296     59.65         4     35132   8413084     68.19   4627880     34848         0       292
22:34:44      3329224   3286208   4857296     59.65         4     35132   8413084     68.19   4627880     34848         0       292
22:34:49      3329224   3286208   4857296     59.65         4     35132   8413084     68.19   4627880     34848         0       292
22:34:54      3329224   3286208   4857296     59.65         4     35132   8413084     68.19   4627880     34848         0       292
22:34:59      3329224   3286208   4857296     59.65         4     35132   8413084     68.19   4627880     34848         0       292
22:35:04      3329224   3286208   4857296     59.65         4     35132   8413084     68.19   4627880     34848         0       292
22:35:09      3329224   3286208   4857296     59.65         4     35132   8413084     68.19   4627880     34848         0       292
22:35:14      3329224   3286208   4857296     59.65         4     35132   8413084     68.19   4627880     34848         0       292
22:35:19      3329224   3286208   4857296     59.65         4     35132   8413084     68.19   4627880     34848         0       292
22:35:24      3329224   3286208   4857296     59.65         4     35132   8413084     68.19   4627880     34848         0       292
22:35:29      3329224   3286208   4857296     59.65         4     35132   8413084     68.19   4627880     34848         0       292
22:35:34      3329224   3286208   4857296     59.65         4     35132   8413084     68.19   4627880     34848         0       292
22:35:39      3329224   3286208   4857296     59.65         4     35132   8413084     68.19   4627880     34848         0       292
22:35:44      3329224   3286208   4857296     59.65         4     35132   8413084     68.19   4627880     34848         0       292
22:35:49      3329224   3286208   4857296     59.65         4     35132   8413084     68.19   4627880     34848         0       292
22:35:54      3329224   3286208   4857296     59.65         4     35132   8413084     68.19   4627880     34848         0       292
22:35:59      3329224   3286208   4857296     59.65         4     35132   8413084     68.19   4627880     34848         0       292
22:36:04      3329224   3286208   4857296     59.65         4     35132   8413084     68.19   4627880     34848         0       292
22:36:09      3329224   3286208   4857296     59.65         4     35132   8413084     68.19   4627880     34848         0       292
22:36:14      3329224   3286208   4857296     59.65         4     35132   8413084     68.19   4627880     34848         0       292
22:36:19      3329224   3286208   4857296     59.65         4     35132   8413084     68.19   4627880     34848         0       292
22:36:24      3329224   3286208   4857296     59.65         4     35132   8413084     68.19   4627880     34848         0       292
22:36:29      3329224   3286208   4857296     59.65         4     35132   8413084     68.19   4627880     34848         0       292
22:36:34      3329224   3286208   4857296     59.65         4     35132   8413084     68.19   4627880     34848         0       292
22:36:39      3329224   3286208   4857296     59.65         4     35132   8413084     68.19   4627880     34848         0       292
22:36:44      3329224   3286208   4857296     59.65         4     35132   8413084     68.19   4627880     34848         0       292
22:36:49      3329224   3286208   4857296     59.65         4     35132   8413084     68.19   4627880     34848         0       292
22:36:54      3329224   3286208   4857296     59.65         4     35132   8413084     68.19   4627880     34848         0       292
22:36:59      3329224   3286208   4857296     59.65         4     35132   8413084     68.19   4627880     34848         0       292
22:37:04      3329224   3286208   4857296     59.65         4     35132   8413084     68.19   4627880     34848         0       292
22:37:09      3329224   3286208   4857296     59.65         4     35132   8413084     68.19   4627880     34848         0       292
22:37:14      3329224   3286208   4857296     59.65         4     35132   8413084     68.19   4627880     34848         0       292
22:37:19      3329224   3286208   4857296     59.65         4     35132   8413084     68.19   4627880     34848         0       292
22:37:24      3329224   3286208   4857296     59.65         4     35132   8413084     68.19   4627880     34848         0       292
22:37:29      3329224   3286208   4857296     59.65         4     35132   8413084     68.19   4627880     34848         0       292
22:37:34      3329224   3286208   4857296     59.65         4     35132   8413084     68.19   4627880     34848         0       292
22:37:39      3329224   3286208   4857296     59.65         4     35132   8413084     68.19   4627880     34848         0       292
22:37:44      3329224   3286208   4857296     59.65         4     35132   8413084     68.19   4627880     34848         0       292
22:37:49      3329224   3286208   4857296     59.65         4     35132   8413084     68.19   4627880     34848         0       292
22:37:54      3329224   3286208   4857296     59.65         4     35132   8413084     68.19   4627880     34848         0       292
22:37:59      3329224   3286208   4857296     59.65         4     35132   8413084     68.19   4627880     34848         0       292
22:38:04      3329224   3286208   4857296     59.65         4     35132   8413084     68.19   4627880     34848         0       292
22:38:09      3329224   3286208   4857296     59.65         4     35132   8413084     68.19   4627880     34848         0       292
22:38:14      3329224   3286208   4857296     59.65         4     35132   8413084     68.19   4627880     34848         0       292
22:38:19      3329224   3286208   4857296     59.65         4     35132   8413084     68.19   4627880     34848         0       292
22:38:24      3329224   3286208   4857296     59.65         4     35132   8413084     68.19   4627880     34848         0       292
22:38:29      3329224   3286208   4857296     59.65         4     35132   8413084     68.19   4627880     34848         0       292
22:38:34      3329224   3286208   4857296     59.65         4     35132   8413084     68.19   4627880     34848         0       292
22:38:39      3329224   3286208   4857296     59.65         4     35132   8413084     68.19   4627880     34848         0       292
22:38:44      3329224   3286208   4857296     59.65         4     35132   8413084     68.19   4627880     34848         0       292
22:38:49      3329224   3286208   4857296     59.65         4     35132   8413084     68.19   4627880     34848         0       292
22:38:54      3329224   3286208   4857296     59.65         4     35132   8413084     68.19   4627880     34848         0       292
22:38:59      3329224   3286208   4857296     59.65         4     35132   8413084     68.19   4627880     34848         0       292
22:39:04      3329224   3286208   4857296     59.65         4     35132   8413084     68.19   4627880     34848         0       292
22:39:09      3329224   3286208   4857296     59.65         4     35132   8413084     68.19   4627880     34848         0       292
22:39:14      3329224   3286208   4857296     59.65         4     35132   8413084     68.19   4627880     34848         0       292
22:39:19      3329224   3286208   4857296     59.65         4     35132   8413084     68.19   4627880     34848         0       292
22:39:24      3329224   3286208   4857296     59.65         4     35132   8413084     68.19   4627880     34848         0       292
22:39:29      3329224   3286208   4857296     59.65         4     35132   8413084     68.19   4627880     34848         0       292
22:39:34      3329224   3286208   4857296     59.65         4     35132   8413084     68.19   4627880     34848         0       292
22:39:39      3329224   3286208   4857296     59.65         4     35132   8413084     68.19   4627880     34848         0       292
22:39:44      3329224   3286208   4857296     59.65         4     35132   8413084     68.19   4627880     34848         0       292
22:39:49      3329224   3286208   4857296     59.65         4     35132   8413084     68.19   4627880     34848         0       292
22:39:54      3329224   3286208   4857296     59.65         4     35132   8413084     68.19   4627880     34848         0       292
22:39:59      3329224   3286208   4857296     59.65         4     35132   8413084     68.19   4627880     34848         0       292
22:40:04      3329224   3286208   4857296     59.65         4     35132   8413084     68.19   4627880     34848         0       292
22:40:09      3329224   3286208   4857296     59.65         4     35132   8413084     68.19   4627880     34848         0       292
22:40:14      3329224   3286208   4857296     59.65         4     35132   8413084     68.19   4627880     34848         0       292
22:40:19      3329224   3286208   4857296     59.65         4     35132   8413084     68.19   4627880     34848         0       292
22:40:24      3329224   3286208   4857296     59.65         4     35132   8413084     68.19   4627880     34848         0       292
22:40:29      3329224   3286208   4857296     59.65         4     35132   8413084     68.19   4627880     34848         0       292
22:40:34      3329224   3286208   4857296     59.65         4     35132   8413084     68.19   4627880     34848         0       292
22:40:39      3329224   3286208   4857296     59.65         4     35132   8413084     68.19   4627880     34848         0       292
22:40:44      3329224   3286208   4857296     59.65         4     35132   8413084     68.19   4627880     34848         0       292
22:40:49      3329224   3286208   4857296     59.65         4     35132   8413084     68.19   4627880     34848         0       292
22:40:54      3329224   3286208   4857296     59.65         4     35132   8413084     68.19   4627880     34848         0       292
22:40:59      3329224   3286208   4857296     59.65         4     35132   8413084     68.19   4627880     34848         0       292
22:41:04      3329224   3286208   4857296     59.65         4     35132   8413084     68.19   4627880     34848         0       292
22:41:09      3329224   3286208   4857296     59.65         4     35132   8413084     68.19   4627880     34848         0       292
22:41:14      3329224   3286208   4857296     59.65         4     35132   8413084     68.19   4627880     34848         0       292
22:41:19      3329224   3286208   4857296     59.65         4     35132   8413084     68.19   4627880     34848         0       292
22:41:24      3329224   3286208   4857296     59.65         4     35132   8413084     68.19   4627880     34848         0       292
22:41:29      3329224   3286208   4857296     59.65         4     35132   8413084     68.19   4627880     34848         0       292
22:41:34      3329224   3286208   4857296     59.65         4     35132   8413084     68.19   4627880     34848         0       292
22:41:39      3329224   3286208   4857296     59.65         4     35132   8413084     68.19   4627880     34848         0       292
22:41:44      3329224   3286208   4857296     59.65         4     35132   8413084     68.19   4627880     34848         0       292
22:41:49      3329224   3286208   4857296     59.65         4     35132   8413084     68.19   4627880     34848         0       292
22:41:54      3329224   3286208   4857296     59.65         4     35132   8413084     68.19   4627880     34848         0       292
22:41:59      3329224   3286208   4857296     59.65         4     35132   8413084     68.19   4627880     34848         0       292
22:42:04      3329224   3286208   4857296     59.65         4     35132   8413084     68.19   4627880     34848         0       292
22:42:09      3329224   3286208   4857296     59.65         4     35132   8413084     68.19   4627880     34848         0       292
22:42:14      3329224   3286208   4857296     59.65         4     35132   8413084     68.19   4627880     34848         0       292
22:42:19      3329224   3286208   4857296     59.65         4     35132   8413084     68.19   4627880     34848         0       292
22:42:24      3329224   3286208   4857296     59.65         4     35132   8413084     68.19   4627880     34848         0       292
22:42:29      3329224   3286208   4857296     59.65         4     35132   8413084     68.19   4627880     34848         0       292
22:42:34      3329224   3286208   4857296     59.65         4     35132   8413084     68.19   4627880     34848         0       292
22:42:39      3329224   3286208   4857296     59.65         4     35132   8413084     68.19   4627880     34848         0       292
22:42:44      3329224   3286208   4857296     59.65         4     35132   8413084     68.19   4627880     34848         0       292
22:42:49      3329224   3286208   4857296     59.65         4     35132   8413084     68.19   4627880     34848         0       292
22:42:54      3329224   3286208   4857296     59.65         4     35132   8413084     68.19   4627880     34848         0       292
22:42:59      3329224   3286208   4857296     59.65         4     35132   8413084     68.19   4627880     34848         0       292
22:43:04      3329224   3286208   4857296     59.65         4     35132   8413084     68.19   4627880     34848         0       292
22:43:09      3329224   3286208   4857296     59.65         4     35132   8413084     68.19   4627880     34848         0       292
22:43:14      3329224   3286208   4857296     59.65         4     35132   8413084     68.19   4627880     34848         0       292
22:43:19      3329224   3286208   4857296     59.65         4     35132   8413084     68.19   4627880     34848         0       292
22:43:24      3329224   3286208   4857296     59.65         4     35132   8413084     68.19   4627880     34848         0       292
22:43:29      3329224   3286208   4857296     59.65         4     35132   8413084     68.19   4627880     34848         0       292
22:43:34      3329224   3286208   4857296     59.65         4     35132   8413084     68.19   4627880     34848         0       292
22:43:39      3329224   3286208   4857296     59.65         4     35132   8413084     68.19   4627880     34848         0       292
22:43:44      3329224   3286208   4857296     59.65         4     35132   8413084     68.19   4627880     34848         0       292
22:43:49      3329224   3286208   4857296     59.65         4     35132   8413084     68.19   4627880     34848         0       292
22:43:54      3329224   3286208   4857296     59.65         4     35132   8413084     68.19   4627880     34848         0       292
22:43:59      3329224   3286208   4857296     59.65         4     35132   8413084     68.19   4627880     34848         0       292
22:44:04      3329224   3286208   4857296     59.65         4     35132   8413084     68.19   4627880     34848         0       292
22:44:09      3329224   3286208   4857296     59.65         4     35132   8413084     68.19   4627880     34848         0       292
22:44:14      3329224   3286208   4857296     59.65         4     35132   8413084     68.19   4627880     34848         0       292
22:44:19      3329224   3286208   4857296     59.65         4     35132   8413084     68.19   4627880     34848         0       292
22:44:24      3329224   3286208   4857296     59.65         4     35132   8413084     68.19   4627880     34848         0       292
22:44:29      3329224   3286208   4857296     59.65         4     35132   8413084     68.19   4627880     34848         0       292
22:44:34      3329224   3286208   4857296     59.65         4     35132   8413084     68.19   4627880     34848         0       292
22:44:39      3329224   3286208   4857296     59.65         4     35132   8413084     68.19   4627880     34848         0       292
22:44:44      3329224   3286208   4857296     59.65         4     35132   8413084     68.19   4627880     34848         0       292
22:44:49      3329224   3286208   4857296     59.65         4     35132   8413084     68.19   4627880     34848         0       292
22:44:54      3329224   3286208   4857296     59.65         4     35132   8413084     68.19   4627880     34848         0       292
22:44:59      3329224   3286208   4857296     59.65         4     35132   8413084     68.19   4627880     34848         0       292
22:45:04      3329224   3286208   4857296     59.65         4     35132   8413084     68.19   4627880     34848         0       292
22:45:09      3329224   3286208   4857296     59.65         4     35132   8413084     68.19   4627880     34848         0       292
22:45:14      3329224   3286208   4857296     59.65         4     35132   8413084     68.19   4627880     34848         0       292
22:45:19      3329224   3286208   4857296     59.65         4     35132   8413084     68.19   4627880     34848         0       292
22:45:24      3329224   3286208   4857296     59.65         4     35132   8413084     68.19   4627880     34848         0       292
22:45:29      3329224   3286208   4857296     59.65         4     35132   8413084     68.19   4627880     34848         0       292
22:45:34      3329224   3286208   4857296     59.65         4     35132   8413084     68.19   4627880     34848         0       292
22:45:39      3329224   3286208   4857296     59.65         4     35132   8413084     68.19   4627880     34848         0       292
22:45:44      3329224   3286208   4857296     59.65         4     35132   8413084     68.19   4627880     34848         0       292
22:45:49      3329224   3286208   4857296     59.65         4     35132   8413084     68.19   4627880     34848         0       292
22:45:54      3329224   3286208   4857296     59.65         4     35132   8413084     68.19   4627880     34848         0       292
22:45:59      3329224   3286208   4857296     59.65         4     35132   8413084     68.19   4627880     34848         0       292
22:46:04      3329224   3286208   4857296     59.65         4     35132   8413084     68.19   4627880     34848         0       292
22:46:09      3329224   3286208   4857296     59.65         4     35132   8413084     68.19   4627880     34848         0       292
22:46:14      3329224   3286208   4857296     59.65         4     35132   8413084     68.19   4627880     34848         0       292
22:46:19      3329224   3286208   4857296     59.65         4     35132   8413084     68.19   4627880     34848         0       292
22:46:24      3329224   3286208   4857296     59.65         4     35132   8413084     68.19   4627880     34848         0       292
22:46:29      3329224   3286208   4857296     59.65         4     35132   8413084     68.19   4627880     34848         0       292
22:46:34      3329224   3286208   4857296     59.65         4     35132   8413084     68.19   4627880     34848         0       292
22:46:39      3329224   3286208   4857296     59.65         4     35132   8413084     68.19   4627880     34848         0       292
22:46:44      3329224   3286208   4857296     59.65         4     35132   8413084     68.19   4627880     34848         0       292
22:46:49      3329224   3286208   4857296     59.65         4     35132   8413084     68.19   4627880     34848         0       292
22:46:54      3329224   3286208   4857296     59.65         4     35132   8413084     68.19   4627880     34848         0       292
22:46:59      3329224   3286208   4857296     59.65         4     35132   8413084     68.19   4627880     34848         0       292
22:47:04      3329224   3286208   4857296     59.65         4     35132   8413084     68.19   4627880     34848         0       292
22:47:09      3329224   3286208   4857296     59.65         4     35132   8413084     68.19   4627880     34848         0       292
22:47:14      3329224   3286208   4857296     59.65         4     35132   8413084     68.19   4627880     34848         0       292
22:47:19      3329224   3286208   4857296     59.65         4     35132   8413084     68.19   4627880     34848         0       292
22:47:24      3329224   3286208   4857296     59.65         4     35132   8413084     68.19   4627880     34848         0       292
22:47:29      3329224   3286208   4857296     59.65         4     35132   8413084     68.19   4627880     34848         0       292
22:47:34      3329224   3286208   4857296     59.65         4     35132   8413084     68.19   4627880     34848         0       292
22:47:39      3329224   3286208   4857296     59.65         4     35132   8413084     68.19   4627880     34848         0       292
22:47:44      3329224   3286208   4857296     59.65         4     35132   8413084     68.19   4627880     34848         0       292
22:47:49      3329224   3286208   4857296     59.65         4     35132   8413084     68.19   4627880     34848         0       292
22:47:54      3329224   3286208   4857296     59.65         4     35132   8413084     68.19   4627880     34848         0       292
22:47:59      3329224   3286208   4857296     59.65         4     35132   8413084     68.19   4627880     34848         0       292
22:48:04      3329224   3286208   4857296     59.65         4     35132   8413084     68.19   4627880     34848         0       292
22:48:09      3329224   3286208   4857296     59.65         4     35132   8413084     68.19   4627880     34848         0       292
22:48:14      3329224   3286208   4857296     59.65         4     35132   8413084     68.19   4627880     34848         0       292
22:48:19      3329224   3286208   4857296     59.65         4     35132   8413084     68.19   4627880     34848         0       292
22:48:24      3329224   3286208   4857296     59.65         4     35132   8413084     68.19   4627880     34848         0       292
22:48:29      3329224   3286208   4857296     59.65         4     35132   8413084     68.19   4627880     34848         0       292
22:48:34      3329224   3286208   4857296     59.65         4     35132   8413084     68.19   4627880     34848         0       292
22:48:39      3329224   3286208   4857296     59.65         4     35132   8413084     68.19   4627880     34848         0       292
22:48:44      3329224   3286208   4857296     59.65         4     35132   8413084     68.19   4627880     34848         0       292
22:48:49      3329224   3286208   4857296     59.65         4     35132   8413084     68.19   4627880     34848         0       292
22:48:54      3329224   3286208   4857296     59.65         4     35132   8413084     68.19   4627880     34848         0       292
22:48:59      3329224   3286208   4857296     59.65         4     35132   8413084     68.19   4627880     34848         0       292
22:49:04      3329224   3286208   4857296     59.65         4     35132   8413084     68.19   4627880     34848         0       292
22:49:09      3329224   3286208   4857296     59.65         4     35132   8413084     68.19   4627880     34848         0       292
22:49:14      3329224   3286208   4857296     59.65         4     35132   8413084     68.19   4627880     34848         0       292
22:49:19      3329224   3286208   4857296     59.65         4     35132   8413084     68.19   4627880     34848         0       292
22:49:24      3329224   3286208   4857296     59.65         4     35132   8413084     68.19   4627880     34848         0       292
22:49:29      3329224   3286208   4857296     59.65         4     35132   8413084     68.19   4627880     34848         0       292
22:49:34      3329224   3286208   4857296     59.65         4     35132   8413084     68.19   4627880     34848         0       292
22:49:39      3329224   3286208   4857296     59.65         4     35132   8413084     68.19   4627880     34848         0       292
22:49:44      3329224   3286208   4857296     59.65         4     35132   8413084     68.19   4627880     34848         0       292
22:49:49      3329224   3286208   4857296     59.65         4     35132   8413084     68.19   4627880     34848         0       292
22:49:54      3329224   3286208   4857296     59.65         4     35132   8413084     68.19   4627880     34848         0       292
22:49:59      3329224   3286208   4857296     59.65         4     35132   8413084     68.19   4627880     34848         0       292
22:50:04      3329224   3286208   4857296     59.65         4     35132   8413084     68.19   4627880     34848         0       292
22:50:09      3329224   3286208   4857296     59.65         4     35132   8413084     68.19   4627880     34848         0       292
22:50:14      3329224   3286208   4857296     59.65         4     35132   8413084     68.19   4627880     34848         0       292
22:50:19      3329224   3286208   4857296     59.65         4     35132   8413084     68.19   4627880     34848         0       292
22:50:24      3329224   3286208   4857296     59.65         4     35132   8413084     68.19   4627880     34848         0       292
22:50:29      3329224   3286208   4857296     59.65         4     35132   8413084     68.19   4627880     34848         0       292
22:50:34      3329224   3286208   4857296     59.65         4     35132   8413084     68.19   4627880     34848         0       292
22:50:39      3329224   3286208   4857296     59.65         4     35132   8413084     68.19   4627880     34848         0       292
22:50:44      3329224   3286208   4857296     59.65         4     35132   8413084     68.19   4627880     34848         0       292
22:50:49      3329224   3286208   4857296     59.65         4     35132   8413084     68.19   4627880     34848         0       292
22:50:54      3329224   3286208   4857296     59.65         4     35132   8413084     68.19   4627880     34848         0       292
22:50:59      3329224   3286208   4857296     59.65         4     35132   8413084     68.19   4627880     34848         0       292
22:51:04      3329224   3286208   4857296     59.65         4     35132   8413084     68.19   4627880     34848         0       292
22:51:09      3329224   3286208   4857296     59.65         4     35132   8413084     68.19   4627880     34848         0       292
22:51:14      3329224   3286208   4857296     59.65         4     35132   8413084     68.19   4627880     34848         0       292
22:51:19      3329224   3286208   4857296     59.65         4     35132   8413084     68.19   4627880     34848         0       292
22:51:24      3329224   3286208   4857296     59.65         4     35132   8413084     68.19   4627880     34848         0       292
22:51:29      3329224   3286208   4857296     59.65         4     35132   8413084     68.19   4627880     34848         0       292
22:51:34      3329224   3286208   4857296     59.65         4     35132   8413084     68.19   4627880     34848         0       292
22:51:39      3329224   3286208   4857296     59.65         4     35132   8413084     68.19   4627880     34848         0       292
22:51:44      3329224   3286208   4857296     59.65         4     35132   8413084     68.19   4627880     34848         0       292
22:51:49      3329224   3286208   4857296     59.65         4     35132   8413084     68.19   4627880     34848         0       292
22:51:54      3329224   3286208   4857296     59.65         4     35132   8413084     68.19   4627880     34848         0       292
22:51:59      3329224   3286208   4857296     59.65         4     35132   8413084     68.19   4627880     34848         0       292
22:52:04      3329224   3286208   4857296     59.65         4     35132   8413084     68.19   4627880     34848         0       292
22:52:09      3329224   3286208   4857296     59.65         4     35132   8413084     68.19   4627880     34848         0       292
22:52:14      3329224   3286208   4857296     59.65         4     35132   8413084     68.19   4627880     34848         0       292
22:52:19      3329224   3286208   4857296     59.65         4     35132   8413084     68.19   4627880     34848         0       292
22:52:24      3329224   3286208   4857296     59.65         4     35132   8413084     68.19   4627880     34848         0       292
22:52:29      3329224   3286208   4857296     59.65         4     35132   8413084     68.19   4627880     34848         0       292
22:52:34      3329224   3286208   4857296     59.65         4     35132   8413084     68.19   4627880     34848         0       292
22:52:39      3329224   3286208   4857296     59.65         4     35132   8413084     68.19   4627880     34848         0       292
22:52:44      3329224   3286208   4857296     59.65         4     35132   8413084     68.19   4627880     34848         0       292
22:52:49      3329224   3286208   4857296     59.65         4     35132   8413084     68.19   4627880     34848         0       292
22:52:54      3329224   3286208   4857296     59.65         4     35132   8413084     68.19   4627880     34848         0       292
22:52:59      3329224   3286208   4857296     59.65         4     35132   8413084     68.19   4627880     34848         0       292
22:53:04      3329224   3286208   4857296     59.65         4     35132   8413084     68.19   4627880     34848         0       292
22:53:09      3329224   3286208   4857296     59.65         4     35132   8413084     68.19   4627880     34848         0       292
22:53:14      3329224   3286208   4857296     59.65         4     35132   8413084     68.19   4627880     34848         0       292
22:53:19      3329224   3286208   4857296     59.65         4     35132   8413084     68.19   4627880     34848         0       292
22:53:24      3329224   3286208   4857296     59.65         4     35132   8413084     68.19   4627880     34848         0       292
22:53:29      3329224   3286208   4857296     59.65         4     35132   8413084     68.19   4627880     34848         0       292
22:53:34      3329224   3286208   4857296     59.65         4     35132   8413084     68.19   4627880     34848         0       292
22:53:39      3329224   3286208   4857296     59.65         4     35132   8413084     68.19   4627880     34848         0       292
22:53:44      3329224   3286208   4857296     59.65         4     35132   8413084     68.19   4627880     34848         0       292
22:53:49      3329224   3286208   4857296     59.65         4     35132   8413084     68.19   4627880     34848         0       292
22:53:54      3329224   3286208   4857296     59.65         4     35132   8413084     68.19   4627880     34848         0       292
22:53:59      3329224   3286208   4857296     59.65         4     35132   8413084     68.19   4627880     34848         0       292
22:54:04      3329224   3286208   4857296     59.65         4     35132   8413084     68.19   4627880     34848         0       292
22:54:09      3329224   3286208   4857296     59.65         4     35132   8413084     68.19   4627880     34848         0       292
22:54:14      3329224   3286208   4857296     59.65         4     35132   8413084     68.19   4627880     34848         0       292
22:54:19      3329224   3286208   4857296     59.65         4     35132   8413084     68.19   4627880     34848         0       292
22:54:24      3329224   3286208   4857296     59.65         4     35132   8413084     68.19   4627880     34848         0       292
22:54:29      3329224   3286208   4857296     59.65         4     35132   8413084     68.19   4627880     34848         0       292
22:54:34      3329224   3286208   4857296     59.65         4     35132   8413084     68.19   4627880     34848         0       292
22:54:39      3329224   3286208   4857296     59.65         4     35132   8413084     68.19   4627880     34848         0       292
22:54:44      3329224   3286208   4857296     59.65         4     35132   8413084     68.19   4627880     34848         0       292
22:54:49      3329224   3286208   4857296     59.65         4     35132   8413084     68.19   4627880     34848         0       292
22:54:54      3329224   3286208   4857296     59.65         4     35132   8413084     68.19   4627880     34848         0       292
22:54:59      3329224   3286208   4857296     59.65         4     35132   8413084     68.19   4627880     34848         0       292
22:55:04      3329224   3286208   4857296     59.65         4     35132   8413084     68.19   4627880     34848         0       292
22:55:09      3329224   3286208   4857296     59.65         4     35132   8413084     68.19   4627880     34848         0       292
22:55:14      3329224   3286208   4857296     59.65         4     35132   8413084     68.19   4627880     34848         0       292
22:55:19      3329224   3286208   4857296     59.65         4     35132   8413084     68.19   4627880     34848         0       292
22:55:24      3329224   3286208   4857296     59.65         4     35132   8413084     68.19   4627880     34848         0       292
22:55:29      3329224   3286208   4857296     59.65         4     35132   8413084     68.19   4627880     34848         0       292
22:55:34      3329224   3286208   4857296     59.65         4     35132   8413084     68.19   4627880     34848         0       292
22:55:39      3329224   3286208   4857296     59.65         4     35132   8413084     68.19   4627880     34848         0       292
22:55:44      3329224   3286208   4857296     59.65         4     35132   8413084     68.19   4627880     34848         0       292
22:55:49      3329224   3286208   4857296     59.65         4     35132   8413084     68.19   4627880     34848         0       292
22:55:54      3329224   3286208   4857296     59.65         4     35132   8413084     68.19   4627880     34848         0       292
22:55:59      3329224   3286208   4857296     59.65         4     35132   8413084     68.19   4627880     34848         0       292
22:56:04      3329224   3286208   4857296     59.65         4     35132   8413084     68.19   4627880     34848         0       292
22:56:09      3329224   3286208   4857296     59.65         4     35132   8413084     68.19   4627880     34848         0       292
22:56:14      3329224   3286208   4857296     59.65         4     35132   8413084     68.19   4627880     34848         0       292
22:56:19      3329224   3286208   4857296     59.65         4     35132   8413084     68.19   4627880     34848         0       292
22:56:24      3329224   3286208   4857296     59.65         4     35132   8413084     68.19   4627880     34848         0       292
22:56:29      3329224   3286208   4857296     59.65         4     35132   8413084     68.19   4627880     34848         0       292
22:56:34      3329224   3286208   4857296     59.65         4     35132   8413084     68.19   4627880     34848         0       292
22:56:39      3329224   3286208   4857296     59.65         4     35132   8413084     68.19   4627880     34848         0       292
22:56:44      3329224   3286208   4857296     59.65         4     35132   8413084     68.19   4627880     34848         0       292
22:56:49      3329224   3286208   4857296     59.65         4     35132   8413084     68.19   4627880     34848         0       292
22:56:54      3329224   3286208   4857296     59.65         4     35132   8413084     68.19   4627880     34848         0       292
22:56:59      3329224   3286208   4857296     59.65         4     35132   8413084     68.19   4627880     34848         0       292
22:57:04      3329224   3286208   4857296     59.65         4     35132   8413084     68.19   4627880     34848         0       292
22:57:09      3329224   3286208   4857296     59.65         4     35132   8413084     68.19   4627880     34848         0       292
22:57:14      3329224   3286208   4857296     59.65         4     35132   8413084     68.19   4627880     34848         0       292
22:57:19      3329224   3286208   4857296     59.65         4     35132   8413084     68.19   4627880     34848         0       292
22:57:24      3329224   3286208   4857296     59.65         4     35132   8413084     68.19   4627880     34848         0       292
22:57:29      3329224   3286208   4857296     59.65         4     35132   8413084     68.19   4627880     34848         0       292
22:57:34      3329224   3286208   4857296     59.65         4     35132   8413084     68.19   4627880     34848         0       292
22:57:39      3329224   3286208   4857296     59.65         4     35132   8413084     68.19   4627880     34848         0       292
22:57:44      3329224   3286208   4857296     59.65         4     35132   8413084     68.19   4627880     34848         0       292
22:57:49      3329224   3286208   4857296     59.65         4     35132   8413084     68.19   4627880     34848         0       292
22:57:54      3329224   3286208   4857296     59.65         4     35132   8413084     68.19   4627880     34848         0       292
22:57:59      3329224   3286208   4857296     59.65         4     35132   8413084     68.19   4627880     34848         0       292
22:58:04      3329224   3286208   4857296     59.65         4     35132   8413084     68.19   4627880     34848         0       292
22:58:09      3329224   3286208   4857296     59.65         4     35132   8413084     68.19   4627880     34848         0       292
22:58:14      3329224   3286208   4857296     59.65         4     35132   8413084     68.19   4627880     34848         0       292
22:58:19      3329224   3286208   4857296     59.65         4     35132   8413084     68.19   4627880     34848         0       292
22:58:24      3329224   3286208   4857296     59.65         4     35132   8413084     68.19   4627880     34848         0       292
22:58:29      3329224   3286208   4857296     59.65         4     35132   8413084     68.19   4627880     34848         0       292
22:58:34      3329224   3286208   4857296     59.65         4     35132   8413084     68.19   4627880     34848         0       292
22:58:39      3329224   3286208   4857296     59.65         4     35132   8413084     68.19   4627880     34848         0       292
22:58:44      3329224   3286208   4857296     59.65         4     35132   8413084     68.19   4627880     34848         0       292
22:58:49      3329224   3286208   4857296     59.65         4     35132   8413084     68.19   4627880     34848         0       292
22:58:54      3329224   3286208   4857296     59.65         4     35132   8413084     68.19   4627880     34848         0       292
22:58:59      3329224   3286208   4857296     59.65         4     35132   8413084     68.19   4627880     34848         0       292
22:59:04      3329224   3286208   4857296     59.65         4     35132   8413084     68.19   4627880     34848         0       292
22:59:09      3329224   3286208   4857296     59.65         4     35132   8413084     68.19   4627880     34848         0       292
22:59:14      3329224   3286208   4857296     59.65         4     35132   8413084     68.19   4627880     34848         0       292
22:59:19      3329224   3286208   4857296     59.65         4     35132   8413084     68.19   4627880     34848         0       292
22:59:24      3329224   3286208   4857296     59.65         4     35132   8413084     68.19   4627880     34848         0       292
22:59:29      3329224   3286208   4857296     59.65         4     35132   8413084     68.19   4627880     34848         0       292
22:59:34      3329224   3286208   4857296     59.65         4     35132   8413084     68.19   4627880     34848         0       292
22:59:39      3329224   3286208   4857296     59.65         4     35132   8413084     68.19   4627880     34848         0       292
22:59:44      3329224   3286208   4857296     59.65         4     35132   8413084     68.19   4627880     34848         0       292
22:59:49      3329224   3286208   4857296     59.65         4     35132   8413084     68.19   4627880     34848         0       292
22:59:54      3329224   3286208   4857296     59.65         4     35132   8413084     68.19   4627880     34848         0       292
22:59:59      3329224   3286208   4857296     59.65         4     35132   8413084     68.19   4627880     34848         0       292
23:00:04      3329224   3286208   4857296     59.65         4     35132   8413084     68.19   4627880     34848         0       292
23:00:09      3329224   3286208   4857296     59.65         4     35132   8413084     68.19   4627880     34848         0       292
23:00:14      3329224   3286208   4857296     59.65         4     35132   8413084     68.19   4627880     34848         0       292
23:00:19      3329224   3286208   4857296     59.65         4     35132   8413084     68.19   4627880     34848         0       292
23:00:24      3329224   3286208   4857296     59.65         4     35132   8413084     68.19   4627880     34848         0       292
23:00:29      3329224   3286208   4857296     59.65         4     35132   8413084     68.19   4627880     34848         0       292
23:00:34      3329224   3286208   4857296     59.65         4     35132   8413084     68.19   4627880     34848         0       292
23:00:39      3329224   3286208   4857296     59.65         4     35132   8413084     68.19   4627880     34848         0       292
23:00:44      3329224   3286208   4857296     59.65         4     35132   8413084     68.19   4627880     34848         0       292
23:00:49      3329224   3286208   4857296     59.65         4     35132   8413084     68.19   4627880     34848         0       292
23:00:54      3329224   3286208   4857296     59.65         4     35132   8413084     68.19   4627880     34848         0       292
23:00:59      3329224   3286208   4857296     59.65         4     35132   8413084     68.19   4627880     34848         0       292
23:01:04      3329224   3286208   4857296     59.65         4     35132   8413084     68.19   4627880     34848         0       292
23:01:09      3329224   3286208   4857296     59.65         4     35132   8413084     68.19   4627880     34848         0       292
23:01:14      3329224   3286208   4857296     59.65         4     35132   8413084     68.19   4627880     34848         0       292
23:01:19      3329224   3286208   4857296     59.65         4     35132   8413084     68.19   4627880     34848         0       292
23:01:24      3329224   3286208   4857296     59.65         4     35132   8413084     68.19   4627880     34848         0       292
23:01:29      3329224   3286208   4857296     59.65         4     35132   8413084     68.19   4627880     34848         0       292
23:01:34      3329224   3286208   4857296     59.65         4     35132   8413084     68.19   4627880     34848         0       292
23:01:39      3329224   3286208   4857296     59.65         4     35132   8413084     68.19   4627880     34848         0       292
23:01:44      3329224   3286208   4857296     59.65         4     35132   8413084     68.19   4627880     34848         0       292
23:01:49      3329224   3286208   4857296     59.65         4     35132   8413084     68.19   4627880     34848         0       292
23:01:54      3329224   3286208   4857296     59.65         4     35132   8413084     68.19   4627880     34848         0       292
23:01:59      3329224   3286208   4857296     59.65         4     35132   8413084     68.19   4627880     34848         0       292
23:02:04      3329224   3286208   4857296     59.65         4     35132   8413084     68.19   4627880     34848         0       292
23:02:09      3329224   3286208   4857296     59.65         4     35132   8413084     68.19   4627880     34848         0       292
23:02:14      3329224   3286208   4857296     59.65         4     35132   8413084     68.19   4627880     34848         0       292
23:02:19      3329224   3286208   4857296     59.65         4     35132   8413084     68.19   4627880     34848         0       292
23:02:24      3329224   3286208   4857296     59.65         4     35132   8413084     68.19   4627880     34848         0       292
23:02:29      3329224   3286208   4857296     59.65         4     35132   8413084     68.19   4627880     34848         0       292
23:02:34      3329224   3286208   4857296     59.65         4     35132   8413084     68.19   4627880     34848         0       292
23:02:39      3329224   3286208   4857296     59.65         4     35132   8413084     68.19   4627880     34848         0       292
23:02:44      3329224   3286208   4857296     59.65         4     35132   8413084     68.19   4627880     34848         0       292
23:02:49      3329224   3286208   4857296     59.65         4     35132   8413084     68.19   4627880     34848         0       292
23:02:54      3329224   3286208   4857296     59.65         4     35132   8413084     68.19   4627880     34848         0       292
23:02:59      3329224   3286208   4857296     59.65         4     35132   8413084     68.19   4627880     34848         0       292
23:03:04      3329224   3286208   4857296     59.65         4     35132   8413084     68.19   4627880     34848         0       292
23:03:09      3329224   3286208   4857296     59.65         4     35132   8413084     68.19   4627880     34848         0       292
23:03:14      3329224   3286208   4857296     59.65         4     35132   8413084     68.19   4627880     34848         0       292
23:03:19      3329224   3286208   4857296     59.65         4     35132   8413084     68.19   4627880     34848         0       292
23:03:24      3329224   3286208   4857296     59.65         4     35132   8413084     68.19   4627880     34848         0       292
23:03:29      3329224   3286208   4857296     59.65         4     35132   8413084     68.19   4627880     34848         0       292
23:03:34      3329224   3286208   4857296     59.65         4     35132   8413084     68.19   4627880     34848         0       292
23:03:39      3329224   3286208   4857296     59.65         4     35132   8413084     68.19   4627880     34848         0       292
23:03:44      3329224   3286208   4857296     59.65         4     35132   8413084     68.19   4627880     34848         0       292
23:03:49      3329224   3286208   4857296     59.65         4     35132   8413084     68.19   4627880     34848         0       292
23:03:54      3329224   3286208   4857296     59.65         4     35132   8413084     68.19   4627880     34848         0       292
23:03:59      3329224   3286208   4857296     59.65         4     35132   8413084     68.19   4627880     34848         0       292
23:04:04      3329224   3286208   4857296     59.65         4     35132   8413084     68.19   4627880     34848         0       292
23:04:09      3329224   3286208   4857296     59.65         4     35132   8413084     68.19   4627880     34848         0       292
23:04:14      3329224   3286208   4857296     59.65         4     35132   8413084     68.19   4627880     34848         0       292
23:04:19      3329224   3286208   4857296     59.65         4     35132   8413084     68.19   4627880     34848         0       292
23:04:24      3329224   3286208   4857296     59.65         4     35132   8413084     68.19   4627880     34848         0       292
23:04:29      3329224   3286208   4857296     59.65         4     35132   8413084     68.19   4627880     34848         0       292
23:04:34      3329224   3286208   4857296     59.65         4     35132   8413084     68.19   4627880     34848         0       292
23:04:39      3329224   3286208   4857296     59.65         4     35132   8413084     68.19   4627880     34848         0       292
23:04:44      3329224   3286208   4857296     59.65         4     35132   8413084     68.19   4627880     34848         0       292
23:04:49      3329224   3286208   4857296     59.65         4     35132   8413084     68.19   4627880     34848         0       292
23:04:54      3329224   3286208   4857296     59.65         4     35132   8413084     68.19   4627880     34848         0       292
23:04:59      3329224   3286208   4857296     59.65         4     35132   8413084     68.19   4627880     34848         0       292
23:05:04      3329224   3286208   4857296     59.65         4     35132   8413084     68.19   4627880     34848         0       292
23:05:09      3329224   3286208   4857296     59.65         4     35132   8413084     68.19   4627880     34848         0       292
23:05:14      3329224   3286208   4857296     59.65         4     35132   8413084     68.19   4627880     34848         0       292
23:05:19      3329224   3286208   4857296     59.65         4     35132   8413084     68.19   4627880     34848         0       292
23:05:24      3329224   3286208   4857296     59.65         4     35132   8413084     68.19   4627880     34848         0       292
23:05:29      3329224   3286208   4857296     59.65         4     35132   8413084     68.19   4627880     34848         0       292
23:05:34      3329224   3286208   4857296     59.65         4     35132   8413084     68.19   4627880     34848         0       292
23:05:39      3329224   3286208   4857296     59.65         4     35132   8413084     68.19   4627880     34848         0       292
23:05:44      3329224   3286208   4857296     59.65         4     35132   8413084     68.19   4627880     34848         0       292
23:05:49      3329224   3286208   4857296     59.65         4     35132   8413084     68.19   4627880     34848         0       292
23:05:54      3329224   3286208   4857296     59.65         4     35132   8413084     68.19   4627880     34848         0       292
23:05:59      3329224   3286208   4857296     59.65         4     35132   8413084     68.19   4627880     34848         0       292
23:06:04      3329224   3286208   4857296     59.65         4     35132   8413084     68.19   4627880     34848         0       292
23:06:09      3329224   3286208   4857296     59.65         4     35132   8413084     68.19   4627880     34848         0       292
23:06:14      3329224   3286208   4857296     59.65         4     35132   8413084     68.19   4627880     34848         0       292
23:06:19      3329224   3286208   4857296     59.65         4     35132   8413084     68.19   4627880     34848         0       292
23:06:24      3329224   3286208   4857296     59.65         4     35132   8413084     68.19   4627880     34848         0       292
23:06:29      3329224   3286208   4857296     59.65         4     35132   8413084     68.19   4627880     34848         0       292
23:06:34      3329224   3286208   4857296     59.65         4     35132   8413084     68.19   4627880     34848         0       292
23:06:39      3329224   3286208   4857296     59.65         4     35132   8413084     68.19   4627880     34848         0       292
23:06:44      3329224   3286208   4857296     59.65         4     35132   8413084     68.19   4627880     34848         0       292
23:06:49      3329224   3286208   4857296     59.65         4     35132   8413084     68.19   4627880     34848         0       292
23:06:54      3329224   3286208   4857296     59.65         4     35132   8413084     68.19   4627880     34848         0       292
23:06:59      3329224   3286208   4857296     59.65         4     35132   8413084     68.19   4627880     34848         0       292
23:07:04      3329224   3286208   4857296     59.65         4     35132   8413084     68.19   4627880     34848         0       292
23:07:09      3329224   3286208   4857296     59.65         4     35132   8413084     68.19   4627880     34848         0       292
23:07:14      3329224   3286208   4857296     59.65         4     35132   8413084     68.19   4627880     34848         0       292
23:07:19      3329224   3286208   4857296     59.65         4     35132   8413084     68.19   4627880     34848         0       292
23:07:24      3329224   3286208   4857296     59.65         4     35132   8413084     68.19   4627880     34848         0       292
23:07:29      3329224   3286208   4857296     59.65         4     35132   8413084     68.19   4627880     34848         0       292
23:07:34      3329224   3286208   4857296     59.65         4     35132   8413084     68.19   4627880     34848         0       292
23:07:39      3329224   3286208   4857296     59.65         4     35132   8413084     68.19   4627880     34848         0       292
23:07:44      3329224   3286208   4857296     59.65         4     35132   8413084     68.19   4627880     34848         0       292
23:07:49      3329224   3286208   4857296     59.65         4     35132   8413084     68.19   4627880     34848         0       292
23:07:54      3329224   3286208   4857296     59.65         4     35132   8413084     68.19   4627880     34848         0       292
23:07:59      3329224   3286208   4857296     59.65         4     35132   8413084     68.19   4627880     34848         0       292
23:08:04      3329224   3286208   4857296     59.65         4     35132   8413084     68.19   4627880     34848         0       292
23:08:09      3329224   3286208   4857296     59.65         4     35132   8413084     68.19   4627880     34848         0       292
23:08:14      3329224   3286208   4857296     59.65         4     35132   8413084     68.19   4627880     34848         0       292
23:08:19      3329224   3286208   4857296     59.65         4     35132   8413084     68.19   4627880     34848         0       292
23:08:24      3329224   3286208   4857296     59.65         4     35132   8413084     68.19   4627880     34848         0       292
23:08:29      3329224   3286208   4857296     59.65         4     35132   8413084     68.19   4627880     34848         0       292
23:08:34      3329224   3286208   4857296     59.65         4     35132   8413084     68.19   4627880     34848         0       292
23:08:39      3329224   3286208   4857296     59.65         4     35132   8413084     68.19   4627880     34848         0       292
23:08:44      3329224   3286208   4857296     59.65         4     35132   8413084     68.19   4627880     34848         0       292
23:08:49      3329224   3286208   4857296     59.65         4     35132   8413084     68.19   4627880     34848         0       292
23:08:54      3329224   3286208   4857296     59.65         4     35132   8413084     68.19   4627880     34848         0       292
23:08:59      3329224   3286208   4857296     59.65         4     35132   8413084     68.19   4627880     34848         0       292
23:09:04      3329224   3286208   4857296     59.65         4     35132   8413084     68.19   4627880     34848         0       292
23:09:09      3329224   3286208   4857296     59.65         4     35132   8413084     68.19   4627880     34848         0       292
23:09:14      3329224   3286208   4857296     59.65         4     35132   8413084     68.19   4627880     34848         0       292
23:09:19      3329224   3286208   4857296     59.65         4     35132   8413084     68.19   4627880     34848         0       292
23:09:24      3329224   3286208   4857296     59.65         4     35132   8413084     68.19   4627880     34848         0       292
23:09:29      3329224   3286208   4857296     59.65         4     35132   8413084     68.19   4627880     34848         0       292
23:09:34      3329224   3286208   4857296     59.65         4     35132   8413084     68.19   4627880     34848         0       292
23:09:39      3329224   3286208   4857296     59.65         4     35132   8413084     68.19   4627880     34848         0       292
23:09:44      3329224   3286208   4857296     59.65         4     35132   8413084     68.19   4627880     34848         0       292
23:09:49      3329224   3286208   4857296     59.65         4     35132   8413084     68.19   4627880     34848         0       292
23:09:54      3329224   3286208   4857296     59.65         4     35132   8413084     68.19   4627880     34848         0       292
23:09:59      3329224   3286208   4857296     59.65         4     35132   8413084     68.19   4627880     34848         0       292
23:10:04      3329224   3286208   4857296     59.65         4     35132   8413084     68.19   4627880     34848         0       292
23:10:09      3329224   3286208   4857296     59.65         4     35132   8413084     68.19   4627880     34848         0       292
23:10:14      3329224   3286208   4857296     59.65         4     35132   8413084     68.19   4627880     34848         0       292
23:10:19      3329224   3286208   4857296     59.65         4     35132   8413084     68.19   4627880     34848         0       292
23:10:24      3329224   3286208   4857296     59.65         4     35132   8413084     68.19   4627880     34848         0       292
23:10:29      3329224   3286208   4857296     59.65         4     35132   8413084     68.19   4627880     34848         0       292
23:10:34      3329224   3286208   4857296     59.65         4     35132   8413084     68.19   4627880     34848         0       292
23:10:39      3329224   3286208   4857296     59.65         4     35132   8413084     68.19   4627880     34848         0       292
23:10:44      3329224   3286208   4857296     59.65         4     35132   8413084     68.19   4627880     34848         0       292
23:10:49      3329224   3286208   4857296     59.65         4     35132   8413084     68.19   4627880     34848         0       292
23:10:54      3329224   3286208   4857296     59.65         4     35132   8413084     68.19   4627880     34848         0       292
23:10:59      3329224   3286208   4857296     59.65         4     35132   8413084     68.19   4627880     34848         0       292
23:11:04      3329224   3286208   4857296     59.65         4     35132   8413084     68.19   4627880     34848         0       292
23:11:09      3329224   3286208   4857296     59.65         4     35132   8413084     68.19   4627880     34848         0       292
23:11:14      3329224   3286208   4857296     59.65         4     35132   8413084     68.19   4627880     34848         0       292
23:11:19      3329224   3286208   4857296     59.65         4     35132   8413084     68.19   4627880     34848         0       292
23:11:24      3329224   3286208   4857296     59.65         4     35132   8413084     68.19   4627880     34848         0       292
23:11:29      3329224   3286208   4857296     59.65         4     35132   8413084     68.19   4627880     34848         0       292
23:11:34      3329224   3286208   4857296     59.65         4     35132   8413084     68.19   4627880     34848         0       292
23:11:39      3329224   3286208   4857296     59.65         4     35132   8413084     68.19   4627880     34848         0       292
23:11:44      3329224   3286208   4857296     59.65         4     35132   8413084     68.19   4627880     34848         0       292
23:11:49      3329224   3286208   4857296     59.65         4     35132   8413084     68.19   4627880     34848         0       292
23:11:54      3329224   3286208   4857296     59.65         4     35132   8413084     68.19   4627880     34848         0       292
23:11:59      3329224   3286208   4857296     59.65         4     35132   8413084     68.19   4627880     34848         0       292
23:12:04      3329224   3286208   4857296     59.65         4     35132   8413084     68.19   4627880     34848         0       292
23:12:09      3329224   3286208   4857296     59.65         4     35132   8413084     68.19   4627880     34848         0       292
23:12:14      3329224   3286208   4857296     59.65         4     35132   8413084     68.19   4627880     34848         0       292
23:12:19      3329224   3286208   4857296     59.65         4     35132   8413084     68.19   4627880     34848         0       292
23:12:24      3329224   3286208   4857296     59.65         4     35132   8413084     68.19   4627880     34848         0       292
23:12:29      3329224   3286208   4857296     59.65         4     35132   8413084     68.19   4627880     34848         0       292
23:12:34      3329224   3286208   4857296     59.65         4     35132   8413084     68.19   4627880     34848         0       292
23:12:39      3329224   3286208   4857296     59.65         4     35132   8413084     68.19   4627880     34848         0       292
23:12:44      3329224   3286208   4857296     59.65         4     35132   8413084     68.19   4627880     34848         0       292
23:12:49      3329224   3286208   4857296     59.65         4     35132   8413084     68.19   4627880     34848         0       292
23:12:54      3329224   3286208   4857296     59.65         4     35132   8413084     68.19   4627880     34848         0       292
23:12:59      3329224   3286208   4857296     59.65         4     35132   8413084     68.19   4627880     34848         0       292
23:13:04      3329224   3286208   4857296     59.65         4     35132   8413084     68.19   4627880     34848         0       292
23:13:09      3329224   3286208   4857296     59.65         4     35132   8413084     68.19   4627880     34848         0       292
23:13:14      3329224   3286208   4857296     59.65         4     35132   8413084     68.19   4627880     34848         0       292
23:13:19      3329224   3286208   4857296     59.65         4     35132   8413084     68.19   4627880     34848         0       292
23:13:24      3329224   3286208   4857296     59.65         4     35132   8413084     68.19   4627880     34848         0       292
23:13:29      3329224   3286208   4857296     59.65         4     35132   8413084     68.19   4627880     34848         0       292
23:13:34      3329224   3286208   4857296     59.65         4     35132   8413084     68.19   4627880     34848         0       292
23:13:39      3329224   3286208   4857296     59.65         4     35132   8413084     68.19   4627880     34848         0       292
23:13:44      3329224   3286208   4857296     59.65         4     35132   8413084     68.19   4627880     34848         0       292
23:13:49      3329224   3286208   4857296     59.65         4     35132   8413084     68.19   4627880     34848         0       292
23:13:54      3329224   3286208   4857296     59.65         4     35132   8413084     68.19   4627880     34848         0       292
23:13:59      3329224   3286208   4857296     59.65         4     35132   8413084     68.19   4627880     34848         0       292
23:14:04      3329224   3286208   4857296     59.65         4     35132   8413084     68.19   4627880     34848         0       292
23:14:09      3329224   3286208   4857296     59.65         4     35132   8413084     68.19   4627880     34848         0       292
23:14:14      3329224   3286208   4857296     59.65         4     35132   8413084     68.19   4627880     34848         0       292
23:14:19      3329224   3286208   4857296     59.65         4     35132   8413084     68.19   4627880     34848         0       292
23:14:24      3329224   3286208   4857296     59.65         4     35132   8413084     68.19   4627880     34848         0       292
23:14:29      3329224   3286208   4857296     59.65         4     35132   8413084     68.19   4627880     34848         0       292
23:14:34      3329224   3286208   4857296     59.65         4     35132   8413084     68.19   4627880     34848         0       292
23:14:39      3329224   3286208   4857296     59.65         4     35132   8413084     68.19   4627880     34848         0       292
23:14:44      3329224   3286208   4857296     59.65         4     35132   8413084     68.19   4627880     34848         0       292
23:14:49      3329224   3286208   4857296     59.65         4     35132   8413084     68.19   4627880     34848         0       292
23:14:54      3329224   3286208   4857296     59.65         4     35132   8413084     68.19   4627880     34848         0       292
23:14:59      3329224   3286208   4857296     59.65         4     35132   8413084     68.19   4627880     34848         0       292
23:15:04      3329224   3286208   4857296     59.65         4     35132   8413084     68.19   4627880     34848         0       292
23:15:09      3329224   3286208   4857296     59.65         4     35132   8413084     68.19   4627880     34848         0       292
23:15:14      3329224   3286208   4857296     59.65         4     35132   8413084     68.19   4627880     34848         0       292
23:15:19      3329224   3286208   4857296     59.65         4     35132   8413084     68.19   4627880     34848         0       292
23:15:24      3329224   3286208   4857296     59.65         4     35132   8413084     68.19   4627880     34848         0       292
23:15:29      3329224   3286208   4857296     59.65         4     35132   8413084     68.19   4627880     34848         0       292
23:15:34      3329224   3286208   4857296     59.65         4     35132   8413084     68.19   4627880     34848         0       292
23:15:39      3329224   3286208   4857296     59.65         4     35132   8413084     68.19   4627880     34848         0       292
23:15:44      3329224   3286208   4857296     59.65         4     35132   8413084     68.19   4627880     34848         0       292
23:15:49      3329224   3286208   4857296     59.65         4     35132   8413084     68.19   4627880     34848         0       292
23:15:54      3329224   3286208   4857296     59.65         4     35132   8413084     68.19   4627880     34848         0       292
23:15:59      3329224   3286208   4857296     59.65         4     35132   8413084     68.19   4627880     34848         0       292
23:16:04      3329224   3286208   4857296     59.65         4     35132   8413084     68.19   4627880     34848         0       292
23:16:09      3329224   3286208   4857296     59.65         4     35132   8413084     68.19   4627880     34848         0       292
23:16:14      3329224   3286208   4857296     59.65         4     35132   8413084     68.19   4627880     34848         0       292
23:16:19      3329224   3286208   4857296     59.65         4     35132   8413084     68.19   4627880     34848         0       292
23:16:24      3329224   3286208   4857296     59.65         4     35132   8413084     68.19   4627880     34848         0       292
23:16:29      3329224   3286208   4857296     59.65         4     35132   8413084     68.19   4627880     34848         0       292
23:16:34      3329224   3286208   4857296     59.65         4     35132   8413084     68.19   4627880     34848         0       292
23:16:39      3329224   3286208   4857296     59.65         4     35132   8413084     68.19   4627880     34848         0       292
23:16:44      3329224   3286208   4857296     59.65         4     35132   8413084     68.19   4627880     34848         0       292
23:16:49      3329224   3286208   4857296     59.65         4     35132   8413084     68.19   4627880     34848         0       292
23:16:54      3329224   3286208   4857296     59.65         4     35132   8413084     68.19   4627880     34848         0       292
23:16:59      3329224   3286208   4857296     59.65         4     35132   8413084     68.19   4627880     34848         0       292
23:17:04      3329224   3286208   4857296     59.65         4     35132   8413084     68.19   4627880     34848         0       292
23:17:09      3329224   3286208   4857296     59.65         4     35132   8413084     68.19   4627880     34848         0       292
23:17:14      3329224   3286208   4857296     59.65         4     35132   8413084     68.19   4627880     34848         0       292
23:17:19      3329224   3286208   4857296     59.65         4     35132   8413084     68.19   4627880     34848         0       292
23:17:24      3329224   3286208   4857296     59.65         4     35132   8413084     68.19   4627880     34848         0       292
23:17:29      3329224   3286208   4857296     59.65         4     35132   8413084     68.19   4627880     34848         0       292
23:17:34      3329224   3286208   4857296     59.65         4     35132   8413084     68.19   4627880     34848         0       292
23:17:39      3329224   3286208   4857296     59.65         4     35132   8413084     68.19   4627880     34848         0       292
23:17:44      3329224   3286208   4857296     59.65         4     35132   8413084     68.19   4627880     34848         0       292
23:17:49      3329224   3286208   4857296     59.65         4     35132   8413084     68.19   4627880     34848         0       292
23:17:54      3329224   3286208   4857296     59.65         4     35132   8413084     68.19   4627880     34848         0       292
23:17:59      3329224   3286208   4857296     59.65         4     35132   8413084     68.19   4627880     34848         0       292
23:18:04      3329224   3286208   4857296     59.65         4     35132   8413084     68.19   4627880     34848         0       292
23:18:09      3329224   3286208   4857296     59.65         4     35132   8413084     68.19   4627880     34848         0       292
23:18:14      3329224   3286208   4857296     59.65         4     35132   8413084     68.19   4627880     34848         0       292
23:18:19      3329224   3286208   4857296     59.65         4     35132   8413084     68.19   4627880     34848         0       292
23:18:24      3329224   3286208   4857296     59.65         4     35132   8413084     68.19   4627880     34848         0       292
23:18:29      3329224   3286208   4857296     59.65         4     35132   8413084     68.19   4627880     34848         0       292
23:18:34      3329224   3286208   4857296     59.65         4     35132   8413084     68.19   4627880     34848         0       292
23:18:39      3329224   3286208   4857296     59.65         4     35132   8413084     68.19   4627880     34848         0       292
23:18:44      3329224   3286208   4857296     59.65         4     35132   8413084     68.19   4627880     34848         0       292
23:18:49      3329224   3286208   4857296     59.65         4     35132   8413084     68.19   4627880     34848         0       292
23:18:54      3329224   3286208   4857296     59.65         4     35132   8413084     68.19   4627880     34848         0       292
23:18:59      3329224   3286208   4857296     59.65         4     35132   8413084     68.19   4627880     34848         0       292
23:19:04      3329224   3286208   4857296     59.65         4     35132   8413084     68.19   4627880     34848         0       292
23:19:09      3329224   3286208   4857296     59.65         4     35132   8413084     68.19   4627880     34848         0       292
23:19:14      3329224   3286208   4857296     59.65         4     35132   8413084     68.19   4627880     34848         0       292
23:19:19      3329224   3286208   4857296     59.65         4     35132   8413084     68.19   4627880     34848         0       292
23:19:24      3329224   3286208   4857296     59.65         4     35132   8413084     68.19   4627880     34848         0       292
23:19:29      3329224   3286208   4857296     59.65         4     35132   8413084     68.19   4627880     34848         0       292
23:19:34      3329224   3286208   4857296     59.65         4     35132   8413084     68.19   4627880     34848         0       292
23:19:39      3329224   3286208   4857296     59.65         4     35132   8413084     68.19   4627880     34848         0       292
23:19:44      3329224   3286208   4857296     59.65         4     35132   8413084     68.19   4627880     34848         0       292
23:19:49      3329224   3286208   4857296     59.65         4     35132   8413084     68.19   4627880     34848         0       292
23:19:54      3329224   3286208   4857296     59.65         4     35132   8413084     68.19   4627880     34848         0       292
23:19:59      3329224   3286208   4857296     59.65         4     35132   8413084     68.19   4627880     34848         0       292
23:20:04      3329224   3286208   4857296     59.65         4     35132   8413084     68.19   4627880     34848         0       292
23:20:09      3329224   3286208   4857296     59.65         4     35132   8413084     68.19   4627880     34848         0       292
23:20:14      3329224   3286208   4857296     59.65         4     35132   8413084     68.19   4627880     34848         0       292
23:20:19      3329224   3286208   4857296     59.65         4     35132   8413084     68.19   4627880     34848         0       292
23:20:24      3329224   3286208   4857296     59.65         4     35132   8413084     68.19   4627880     34848         0       292
23:20:29      3329224   3286208   4857296     59.65         4     35132   8413084     68.19   4627880     34848         0       292
23:20:34      3329224   3286208   4857296     59.65         4     35132   8413084     68.19   4627880     34848         0       292
23:20:39      3329224   3286208   4857296     59.65         4     35132   8413084     68.19   4627880     34848         0       292
23:20:44      3329224   3286208   4857296     59.65         4     35132   8413084     68.19   4627880     34848         0       292
23:20:49      3329224   3286208   4857296     59.65         4     35132   8413084     68.19   4627880     34848         0       292
23:20:54      3329224   3286208   4857296     59.65         4     35132   8413084     68.19   4627880     34848         0       292
23:20:59      3329224   3286208   4857296     59.65         4     35132   8413084     68.19   4627880     34848         0       292
23:21:04      3329224   3286208   4857296     59.65         4     35132   8413084     68.19   4627880     34848         0       292
23:21:09      3329224   3286208   4857296     59.65         4     35132   8413084     68.19   4627880     34848         0       292
23:21:14      3329224   3286208   4857296     59.65         4     35132   8413084     68.19   4627880     34848         0       292
23:21:19      3329224   3286208   4857296     59.65         4     35132   8413084     68.19   4627880     34848         0       292
23:21:24      3329224   3286208   4857296     59.65         4     35132   8413084     68.19   4627880     34848         0       292
23:21:29      3329224   3286208   4857296     59.65         4     35132   8413084     68.19   4627880     34848         0       292
23:21:34      3329224   3286208   4857296     59.65         4     35132   8413084     68.19   4627880     34848         0       292
23:21:39      3329224   3286208   4857296     59.65         4     35132   8413084     68.19   4627880     34848         0       292
23:21:44      3329224   3286208   4857296     59.65         4     35132   8413084     68.19   4627880     34848         0       292
23:21:49      3329224   3286208   4857296     59.65         4     35132   8413084     68.19   4627880     34848         0       292
23:21:54      3329224   3286208   4857296     59.65         4     35132   8413084     68.19   4627880     34848         0       292
23:21:59      3329224   3286208   4857296     59.65         4     35132   8413084     68.19   4627880     34848         0       292
23:22:04      3329224   3286208   4857296     59.65         4     35132   8413084     68.19   4627880     34848         0       292
23:22:09      3329224   3286208   4857296     59.65         4     35132   8413084     68.19   4627880     34848         0       292
23:22:14      3329224   3286208   4857296     59.65         4     35132   8413084     68.19   4627880     34848         0       292
23:22:19      3329224   3286208   4857296     59.65         4     35132   8413084     68.19   4627880     34848         0       292
23:22:24      3329224   3286208   4857296     59.65         4     35132   8413084     68.19   4627880     34848         0       292
23:22:29      3329224   3286208   4857296     59.65         4     35132   8413084     68.19   4627880     34848         0       292
23:22:34      3329224   3286208   4857296     59.65         4     35132   8413084     68.19   4627880     34848         0       292
23:22:39      3329224   3286208   4857296     59.65         4     35132   8413084     68.19   4627880     34848         0       292
23:22:44      3329224   3286208   4857296     59.65         4     35132   8413084     68.19   4627880     34848         0       292
23:22:49      3329224   3286208   4857296     59.65         4     35132   8413084     68.19   4627880     34848         0       292
23:22:54      3329224   3286208   4857296     59.65         4     35132   8413084     68.19   4627880     34848         0       292
23:22:59      3329224   3286208   4857296     59.65         4     35132   8413084     68.19   4627880     34848         0       292
23:23:04      3329224   3286208   4857296     59.65         4     35132   8413084     68.19   4627880     34848         0       292
23:23:09      3329224   3286208   4857296     59.65         4     35132   8413084     68.19   4627880     34848         0       292
23:23:14      3329224   3286208   4857296     59.65         4     35132   8413084     68.19   4627880     34848         0       292
23:23:19      3329224   3286208   4857296     59.65         4     35132   8413084     68.19   4627880     34848         0       292
23:23:24      3329224   3286208   4857296     59.65         4     35132   8413084     68.19   4627880     34848         0       292
23:23:29      3329224   3286208   4857296     59.65         4     35132   8413084     68.19   4627880     34848         0       292
23:23:34      3329224   3286208   4857296     59.65         4     35132   8413084     68.19   4627880     34848         0       292
23:23:39      3329224   3286208   4857296     59.65         4     35132   8413084     68.19   4627880     34848         0       292
23:23:44      3329224   3286208   4857296     59.65         4     35132   8413084     68.19   4627880     34848         0       292
23:23:49      3329224   3286208   4857296     59.65         4     35132   8413084     68.19   4627880     34848         0       292
23:23:54      3329224   3286208   4857296     59.65         4     35132   8413084     68.19   4627880     34848         0       292
23:23:59      3329224   3286208   4857296     59.65         4     35132   8413084     68.19   4627880     34848         0       292
23:24:04      3329224   3286208   4857296     59.65         4     35132   8413084     68.19   4627880     34848         0       292
23:24:09      3329224   3286208   4857296     59.65         4     35132   8413084     68.19   4627880     34848         0       292
23:24:14      3329224   3286208   4857296     59.65         4     35132   8413084     68.19   4627880     34848         0       292
23:24:19      3329224   3286208   4857296     59.65         4     35132   8413084     68.19   4627880     34848         0       292
23:24:24      3329224   3286208   4857296     59.65         4     35132   8413084     68.19   4627880     34848         0       292
23:24:29      3329224   3286208   4857296     59.65         4     35132   8413084     68.19   4627880     34848         0       292
23:24:34      3329224   3286208   4857296     59.65         4     35132   8413084     68.19   4627880     34848         0       292
23:24:39      3329224   3286208   4857296     59.65         4     35132   8413084     68.19   4627880     34848         0       292
23:24:44      3329224   3286208   4857296     59.65         4     35132   8413084     68.19   4627880     34848         0       292
23:24:49      3329224   3286208   4857296     59.65         4     35132   8413084     68.19   4627880     34848         0       292
23:24:54      3329224   3286208   4857296     59.65         4     35132   8413084     68.19   4627880     34848         0       292
23:24:59      3329224   3286208   4857296     59.65         4     35132   8413084     68.19   4627880     34848         0       292
23:25:04      3329224   3286208   4857296     59.65         4     35132   8413084     68.19   4627880     34848         0       292
23:25:09      3329224   3286208   4857296     59.65         4     35132   8413084     68.19   4627880     34848         0       292
23:25:14      3329224   3286208   4857296     59.65         4     35132   8413084     68.19   4627880     34848         0       292
23:25:19      3329224   3286208   4857296     59.65         4     35132   8413084     68.19   4627880     34848         0       292
23:25:24      3329224   3286208   4857296     59.65         4     35132   8413084     68.19   4627880     34848         0       292
23:25:29      3329224   3286208   4857296     59.65         4     35132   8413084     68.19   4627880     34848         0       292
23:25:34      3329224   3286208   4857296     59.65         4     35132   8413084     68.19   4627880     34848         0       292
23:25:39      3329224   3286208   4857296     59.65         4     35132   8413084     68.19   4627880     34848         0       292
23:25:44      3329224   3286208   4857296     59.65         4     35132   8413084     68.19   4627880     34848         0       292
23:25:49      3329224   3286208   4857296     59.65         4     35132   8413084     68.19   4627880     34848         0       292
23:25:54      3329224   3286208   4857296     59.65         4     35132   8413084     68.19   4627880     34848         0       292
23:25:59      3329224   3286208   4857296     59.65         4     35132   8413084     68.19   4627880     34848         0       292
23:26:04      3329224   3286208   4857296     59.65         4     35132   8413084     68.19   4627880     34848         0       292
23:26:09      3329224   3286208   4857296     59.65         4     35132   8413084     68.19   4627880     34848         0       292
23:26:14      3329224   3286208   4857296     59.65         4     35132   8413084     68.19   4627880     34848         0       292
23:26:19      3329224   3286208   4857296     59.65         4     35132   8413084     68.19   4627880     34848         0       292
23:26:24      3329224   3286208   4857296     59.65         4     35132   8413084     68.19   4627880     34848         0       292
23:26:29      3329224   3286208   4857296     59.65         4     35132   8413084     68.19   4627880     34848         0       292
23:26:34      3329224   3286208   4857296     59.65         4     35132   8413084     68.19   4627880     34848         0       292
23:26:39      3329224   3286208   4857296     59.65         4     35132   8413084     68.19   4627880     34848         0       292
23:26:44      3329224   3286208   4857296     59.65         4     35132   8413084     68.19   4627880     34848         0       292
23:26:49      3329224   3286208   4857296     59.65         4     35132   8413084     68.19   4627880     34848         0       292
23:26:54      3329224   3286208   4857296     59.65         4     35132   8413084     68.19   4627880     34848         0       292
23:26:59      3329224   3286208   4857296     59.65         4     35132   8413084     68.19   4627880     34848         0       292
23:27:04      3329224   3286208   4857296     59.65         4     35132   8413084     68.19   4627880     34848         0       292
23:27:09      3329224   3286208   4857296     59.65         4     35132   8413084     68.19   4627880     34848         0       292
23:27:14      3329224   3286208   4857296     59.65         4     35132   8413084     68.19   4627880     34848         0       292
23:27:19      3329224   3286208   4857296     59.65         4     35132   8413084     68.19   4627880     34848         0       292
23:27:24      3329224   3286208   4857296     59.65         4     35132   8413084     68.19   4627880     34848         0       292
23:27:29      3329224   3286208   4857296     59.65         4     35132   8413084     68.19   4627880     34848         0       292
23:27:34      3329224   3286208   4857296     59.65         4     35132   8413084     68.19   4627880     34848         0       292
23:27:39      3329224   3286208   4857296     59.65         4     35132   8413084     68.19   4627880     34848         0       292
23:27:44      3329224   3286208   4857296     59.65         4     35132   8413084     68.19   4627880     34848         0       292
23:27:49      3328880   3285864   4857640     59.65         4     35132   8411584     68.18   4627364     34848         0       292
Average:      3568507   3525491   4618013     56.71         4     35132   8413082     68.19   4389211     34848         0       292
